sequence,image,label,area,perimeter,major_axis_length,minor_axis_length,aspect_ratio,eccentricity,orientation_deg,centroid_x,centroid_y,nuclear_area,nuclear_fraction,nuclear_mean_R,nuclear_mean_G,nuclear_mean_B
28208,B-20-1-01_masks.tif,1,14981,973.0954544,369.8627382,54.86708833,6.741067358,0.988935752,29.0296839,466.4095187,140.8813831,6614,0.441492557,184.1465149,185.7420654,132.1635895
28209,B-20-1-01_masks.tif,2,21324,1266.225397,534.4474761,72.14507832,7.407954757,0.990846957,-9.698850249,2364.897908,254.0487713,8024,0.376289627,202.3216553,194.0563354,133.2852631
28210,B-20-1-01_masks.tif,3,21104,1256.568542,517.7542309,56.02620544,9.241286767,0.994128054,-10.46893984,2407.221048,265.5421247,6971,0.330316528,194.9872284,185.7866821,124.8548279
28211,B-20-1-01_masks.tif,4,14609,987.8233765,362.9630314,63.66309811,5.701309584,0.984497556,-40.55658613,2819.131357,152.7574098,6181,0.423095352,205.1397858,199.3530121,154.4694977
28212,B-20-1-01_masks.tif,5,14180,1021.23759,368.6785659,53.96547765,6.831748406,0.989229113,-55.80804663,2162.851693,168.2971791,11116,0.783921016,202.1700287,195.0437164,140.1755066
28213,B-20-1-01_masks.tif,6,6679,566.8111832,210.4756815,41.06601574,5.125300756,0.980781266,-47.78360955,2873.387333,144.980536,5179,0.775415481,202.9774017,198.6773529,147.4340668
28214,B-20-1-01_masks.tif,7,10151,800.0243866,300.8971129,43.84201859,6.86321302,0.989328177,54.73788528,3160.532952,185.4117821,4954,0.488030736,189.6828766,188.1011353,143.0484467
28215,B-20-1-01_masks.tif,8,12262,1064.894444,355.4413237,47.66465422,7.45712582,0.990967815,50.76243955,1638.508645,420.8627467,5807,0.473576904,208.1382751,205.9046021,169.7881927
28216,B-20-1-01_masks.tif,9,7819,677.882251,253.9307035,41.10892431,6.177021358,0.986808757,55.62659143,1710.095537,373.4980176,6699,0.856759176,196.1680908,197.3449707,155.0093994
28217,B-20-1-01_masks.tif,10,19136,1013.338095,364.2470924,68.65894876,5.305165591,0.982074048,61.10315119,442.1003867,476.2633779,6696,0.349916388,179.8078003,173.5112,117.4460907
28218,B-20-1-01_masks.tif,11,19008,1183.865007,414.1764382,60.6911802,6.824326647,0.989205545,41.05593795,862.09254,587.9188763,7485,0.393781566,178.2805634,179.7796936,149.3102264
28219,B-20-1-01_masks.tif,12,12831,921.5807358,337.3591964,50.53653888,6.675550085,0.98871626,52.83072421,707.5288754,534.3876549,7700,0.600109111,191.3257141,187.3663635,138.9571381
28220,B-20-1-01_masks.tif,13,10552,888.0243866,295.7315138,55.50682886,5.327840193,0.982227682,53.6082114,682.102066,565.5366755,6893,0.653241092,192.6730042,187.1787262,144.3193054
28221,B-20-1-01_masks.tif,14,12976,875.3969696,333.738723,54.47337642,6.126639194,0.986589429,72.87774945,1120.516954,516.325447,6355,0.489750308,182.4034576,178.6605835,138.0338287
28222,B-20-1-01_masks.tif,15,19314,1116.308658,407.7434414,63.45426112,6.425785033,0.987816521,56.29996233,576.5775085,614.487522,6975,0.361136999,181.9558411,172.5146942,115.7924042
28223,B-20-1-01_masks.tif,16,11183,821.0954544,270.6570235,54.83481999,4.935860527,0.979261803,-38.77573052,272.7444335,617.3824555,7631,0.682375034,197.4274597,188.2036438,130.6178741
28224,B-20-1-01_masks.tif,17,11764,834.3675324,333.7064737,48.44487709,6.888374865,0.989406415,29.92067612,2269.794543,677.3126488,6957,0.591380483,192.6502838,188.3422394,156.5844421
28225,B-20-1-01_masks.tif,18,11262,691.1126984,284.783214,53.3394986,5.339068073,0.982303025,10.03455472,2229.945747,728.9975138,5957,0.528946901,198.0656433,192.1403351,154.7821045
28226,B-20-1-01_masks.tif,19,13423,912.4680374,355.2039065,52.46754745,6.769973512,0.989030556,68.82443276,832.0037994,717.8324518,5703,0.424867764,191.5216522,186.1676331,140.1311646
28227,B-20-1-01_masks.tif,20,16063,1099.965512,403.3489254,58.79808059,6.85989953,0.989317809,46.2122536,2904.003486,789.6843055,6834,0.425449791,202.2199249,199.2862091,155.107254
28228,B-20-1-01_masks.tif,21,10428,797.6812409,279.0197904,50.1191174,5.567132959,0.983735034,46.74568281,2920.478903,749.7657269,826,0.07920982,202.5290527,198.5072632,163.6016998
28229,B-20-1-01_masks.tif,22,14305,946.4091629,351.9039112,54.01196001,6.515296077,0.988150983,41.07539415,2856.367634,825.651101,9507,0.6645928,199.4589233,192.0755157,163.9178467
28230,B-20-1-01_masks.tif,23,16176,1009.195959,381.5223329,55.67515709,6.852649418,0.989295072,-23.36549872,3112.053969,889.5690529,6935,0.428721563,198.9858704,188.9120331,131.322998
28231,B-20-1-01_masks.tif,24,8627,757.1959595,282.0305553,47.21915681,5.972799482,0.9858847,43.65025936,2845.602063,872.9391445,6469,0.749855106,202.8392334,201.7412262,150.6099854
28232,B-20-1-01_masks.tif,25,10229,739.254834,288.5513645,47.2623703,6.105308784,0.986494916,17.73271551,2397.704663,907.3076547,7838,0.766252811,196.4748688,193.4332733,154.7949677
28233,B-20-1-01_masks.tif,26,13111,900.9533188,345.2299782,50.88944759,6.783920726,0.989075863,24.7494629,2353.807642,915.4384105,5401,0.411944169,193.3121643,189.6230316,161.3530884
28234,B-20-1-01_masks.tif,27,14416,915.5807358,329.9332182,59.57392677,5.538215057,0.983563312,49.94813567,2309.552858,1082.202067,8716,0.604605993,192.2055969,190.5027466,158.116333
28235,B-20-1-01_masks.tif,28,15962,1044.793939,382.4825838,56.58258821,6.759722307,0.988997075,45.11659748,2733.742576,1186.395878,8703,0.545232427,190.6610413,189.526825,146.7372131
28236,B-20-1-01_masks.tif,29,11772,777.9827561,304.0003488,55.92368697,5.435985451,0.982933864,67.02119607,2682.013677,1236.610601,6370,0.541114509,197.9645233,192.1394043,158.6408234
28237,B-20-1-01_masks.tif,30,17877,1302.149278,469.0506446,50.32733605,9.319997469,0.994227103,43.15794368,2337.302847,1364.213067,9704,0.542820384,197.1676636,195.7102203,153.6508636
28238,B-20-1-01_masks.tif,31,12607,922.3675324,361.4088717,46.88795166,7.707926213,0.991548496,65.02574297,2717.472991,1296.03744,5877,0.466169588,201.0124207,195.3971405,148.5366669
28239,B-20-1-01_masks.tif,32,6991,470.1837662,172.0856847,53.72672347,3.202981191,0.950013396,-22.61785413,2373.771706,1552.477471,5316,0.760406237,204.2812195,199.9934235,145.9764862
28240,B-20-1-01_masks.tif,33,7228,508.8700577,198.2986904,47.63510494,4.162868764,0.97071873,83.77520114,1076.625623,1556.768124,6318,0.874100719,194.8091125,190.4319458,149.223175
28241,B-20-1-01_masks.tif,34,4802,368.3847763,141.1851821,44.42772104,3.177862352,0.949198832,85.92072285,2065.123074,1555.624948,4486,0.934194086,192.1319733,186.4215393,146.4366913
28242,B-20-1-01_masks.tif,35,8828,472.8700577,168.4767065,68.46152551,2.460896178,0.913714823,79.50329282,2050.781264,1605.860784,8251,0.934639783,201.043869,194.628891,147.8751678
28243,B-20-1-01_masks.tif,36,6618,509.2132034,198.3368099,43.50964423,4.558456256,0.975641174,84.88969584,1082.292989,1600.556361,5198,0.785433666,193.6392822,187.3676453,146.864563
28244,B-20-1-01_masks.tif,37,7569,531.8406204,199.9174936,49.454199,4.042477639,0.968920315,-66.02197151,2444.493857,1642.09169,5543,0.732329238,200.0730591,196.1322327,143.7836914
28245,B-20-1-01_masks.tif,38,6755,533.254834,205.9492446,44.18032583,4.66156011,0.976719496,-26.30540142,1443.304071,1764.258327,5607,0.830051813,194.54039,184.6374207,132.7442474
28246,B-20-1-01_masks.tif,39,11219,758.2842712,299.8978398,49.67654858,6.037010387,0.986185462,-5.187941715,1512.040556,1976.133256,9766,0.870487566,200.5160828,192.2070465,148.2960205
28247,B-20-1-01_masks.tif,40,13983,1087.865007,385.9167251,50.16426551,7.693060412,0.991515661,-47.70590442,2781.315168,1979.238146,7260,0.519201888,195.3939362,185.1392517,121.0612946
28248,B-20-1-01_masks.tif,41,13684,828.4264069,324.8814517,54.91973019,5.915568969,0.985608257,-12.22205782,1454.322859,1995.255408,9746,0.71221865,206.3625031,199.4041595,159.8758392
28249,B-20-1-01_masks.tif,42,8218,666.4264069,251.8848048,44.54219147,5.654971085,0.984240409,-74.38858473,3834.095887,2147.313823,7157,0.870893161,202.8091431,195.6430054,133.2561188
28250,B-20-1-01_masks.tif,43,5460,509.8406204,191.3568528,37.72632512,5.072236751,0.980372998,-60.63495561,2289.62033,2191.743223,5460,1,194.6503601,190.606781,137.3322296
28251,B-20-1-01_masks.tif,44,11107,677.0538239,253.4799568,56.73532972,4.467762116,0.974629188,-35.29160913,3967.346358,2263.316467,8742,0.787071216,198.1673584,189.234726,135.5444946
28252,B-20-1-01_masks.tif,45,8162,644.2253967,219.8535408,48.97958753,4.488676854,0.974868106,50.43831885,4144.72764,2245.699461,7131,0.873682921,184.4449615,183.880661,137.5715942
28253,B-20-1-01_masks.tif,46,9166,609.8406204,232.8143131,51.95501607,4.481074797,0.974781658,19.32465737,3691.758782,2303.314205,6037,0.658629719,190.4878235,182.9040985,119.249794
28254,B-20-1-01_masks.tif,47,5466,515.7989899,201.8703987,36.10380645,5.591388237,0.983876996,87.61406832,5275.893707,2252.826198,5219,0.954811562,196.9461517,193.3663483,134.9963531
28255,B-20-1-01_masks.tif,48,10157,762.1248917,274.8107163,48.52101206,5.663746585,0.984289597,-33.77724983,5050.621936,2362.003741,6820,0.671458108,194.8472137,188.4332886,129.0036621
28256,B-20-1-01_masks.tif,49,5003,508.9116882,184.3680706,35.71662548,5.161967799,0.981055957,-34.62615817,4001.706976,2353.722167,4252,0.849890066,191.3544159,182.4894104,138.4684906
28257,B-20-1-01_masks.tif,50,12185,869.0121933,341.6651361,48.13793605,7.097627446,0.99002495,11.66430944,2025.84801,2761.384817,9192,0.754370127,199.2898102,191.2959137,149.6611176
28258,B-20-1-01_masks.tif,51,7208,592.5685425,217.0913795,44.68755153,4.857983309,0.978584244,-40.16743845,167.2509711,2733.337542,6796,0.942841287,198.564743,193.1187439,129.9593811
28259,B-20-1-01_masks.tif,52,5249,551.2132034,255.2216665,34.25085697,7.451541042,0.990954209,84.93870319,859.4738045,2762.986474,5004,0.953324443,184.8435211,179.0879364,139.1730652
28260,B-20-1-01_masks.tif,53,8740,816.509668,299.3993029,38.6829002,7.739835984,0.991618334,-48.35314053,5049.32849,2868.790961,6204,0.709839817,193.0415802,189.4459991,119.4213409
28261,B-20-1-01_masks.tif,54,5331,538.627417,237.3804394,31.36257701,7.568907342,0.9912338,85.12435088,850.166948,2805.222285,0,0,,,
28262,B-20-1-01_masks.tif,55,8427,699.1126984,300.1725806,38.97320276,7.702024964,0.991535484,80.50598189,875.9579922,2857.424232,4752,0.563901744,195.4328766,191.1062775,153.6010132
28263,B-20-1-01_masks.tif,56,5459,457.2132034,189.7059222,38.68312232,4.904100571,0.978989432,11.86932818,759.9672101,3016.62081,5272,0.965744642,200.5764465,190.7625122,149.4237518
28264,B-20-1-01_masks.tif,57,6929,541.254834,198.2305914,45.98573553,4.310697417,0.972720312,-26.82746782,594.9997114,3015.102612,6234,0.899696926,194.5290375,189.0654449,143.6005707
28265,B-20-1-01_masks.tif,58,4590,498.8700577,203.8632426,30.73878444,6.632117903,0.98856713,11.79910799,814.8653595,3051.876688,3553,0.774074074,190.1117401,178.4728394,151.2507782
28266,B-20-1-01_masks.tif,59,4736,442.2842712,176.119077,35.57589499,4.950517113,0.979385707,16.53340879,916.9165963,3058.176943,4574,0.965793919,191.6689911,182.3318787,142.1187134
28267,B-20-1-01_masks.tif,60,2627,354.8700577,129.4770242,28.9306302,4.47543048,0.974717183,-73.82035175,1149.455272,3245.336886,2627,1,193.3730469,192.5603333,134.622757
28268,B-20-1-01_masks.tif,61,11573,834.3675324,296.6713325,55.21823736,5.372705591,0.982525891,31.3828519,2509.014517,3439.681414,8700,0.751749762,188.9932251,181.8013763,137.2460938
28269,B-20-1-01_masks.tif,62,11217,669.9411255,267.8924574,56.85785541,4.711617339,0.97721728,81.89690493,687.6385843,3354.274316,7672,0.683961844,185.8275604,177.7597809,136.0284119
28270,B-20-1-01_masks.tif,63,18297,1194.911688,469.2900766,54.4093245,8.62517741,0.99325626,79.82229437,5126.99847,3529.283762,7519,0.410941684,180.8313599,173.3759766,130.3694611
28271,B-20-1-02_masks.tif,1,10120,713.7401154,265.9998216,51.69864703,5.145198896,0.980931071,-68.0296184,1199.456621,47.99268775,5262,0.519960474,189.5093079,186.9884033,115.9944916
28272,B-20-1-02_masks.tif,2,4515,457.5563492,213.0168527,28.61290903,7.444781393,0.9909377,87.04888414,1589.057143,15.00442968,3643,0.806866002,194.7367554,200.5432281,132.8641205
28273,B-20-1-02_masks.tif,3,11193,832.5269119,370.0600346,48.47308414,7.634340606,0.991384075,82.2357215,2364.889663,25.83972125,583,0.052086125,223.1612396,177.1852417,184.5145721
28274,B-20-1-02_masks.tif,4,5489,513.0121933,195.7165818,39.09576322,5.006081624,0.979845462,62.2298232,2818.466205,40.09910731,2714,0.494443432,192.7711792,195.1794434,145.0173187
28275,B-20-1-02_masks.tif,5,10033,694.9116882,273.3099486,48.11728795,5.680077998,0.984380525,23.76149589,433.8887671,123.8107246,6703,0.668095286,193.8232117,187.4538269,150.7071533
28276,B-20-1-02_masks.tif,6,9835,693.7401154,273.1016634,48.56995748,5.622851606,0.984058385,24.11310634,476.3434672,118.0650737,6112,0.621453991,187.1924133,184.4595947,148.0477753
28277,B-20-1-02_masks.tif,7,4566,388.0416306,147.4247836,40.64177572,3.627419841,0.961250028,-73.44478394,4295.044021,30.28602716,3418,0.748576435,212.4675293,207.2267456,147.6050262
28278,B-20-1-02_masks.tif,8,5593,491.5979797,188.5488989,39.32707901,4.79437842,0.978005818,-65.33231598,4329.934025,57.19989272,4703,0.840872519,204.9991455,200.230484,134.9143066
28279,B-20-1-02_masks.tif,9,11319,735.6984848,284.0921912,52.45770982,5.415642281,0.982804286,85.32866721,2326.241983,57.82365933,7565,0.66834526,200.4001312,196.4878998,146.9184418
28280,B-20-1-02_masks.tif,10,6463,454.627417,183.9378449,45.69144337,4.025651881,0.968655757,-83.00031648,1032.396101,73.00495126,4676,0.723503017,192.9754028,194.8605652,137.4354095
28281,B-20-1-02_masks.tif,11,13854,880.6690476,351.5272715,55.88885548,6.289756133,0.987280406,-75.48275884,718.1666667,133.6213368,6795,0.490472066,192.6943359,189.0133972,134.6282501
28282,B-20-1-02_masks.tif,12,11152,767.254834,298.8971085,49.07683416,6.090390988,0.986428221,-72.66595856,733.4822453,185.0625,5940,0.532639885,194.4026947,190.698822,126.9883804
28283,B-20-1-02_masks.tif,13,8307,633.9411255,263.877538,46.29337133,5.700114949,0.984491006,-75.78627875,5307.817142,170.278801,6411,0.771758758,200.8880005,194.9026642,147.9430695
28284,B-20-1-02_masks.tif,14,7936,490.1421356,216.716876,48.08567329,4.506890748,0.97507342,-86.16692834,5337.048261,216.328251,4909,0.618573589,197.9136353,193.1456451,132.8669739
28285,B-20-1-02_masks.tif,15,8540,617.6984848,247.6814815,48.78679701,5.076813742,0.980408725,-86.02767282,292.3033958,257.50726,5553,0.650234192,189.7666168,182.2994843,139.6056213
28286,B-20-1-02_masks.tif,16,14566,920.0832611,387.1888628,51.02366929,7.588416675,0.991279015,77.61993161,727.8703144,291.1727997,4689,0.321914046,181.5549164,183.0874329,130.3316345
28287,B-20-1-02_masks.tif,17,10174,725.3969696,260.105247,51.60811211,5.040007013,0.980118621,-61.78877884,4925.864164,313.5808925,7125,0.700314527,200.4613342,193.0672302,141.1642151
28288,B-20-1-02_masks.tif,18,5881,463.1126984,172.9448954,47.64026494,3.630225306,0.961311103,69.88407305,5370.114946,295.0556028,4555,0.774528141,196.9927521,197.654007,140.6676178
28289,B-20-1-02_masks.tif,19,8858,690.5685425,262.463268,48.76825092,5.381847064,0.982585728,63.421791,5345.960036,336.6070219,6093,0.687852788,194.6174316,195.542099,141.3938904
28290,B-20-1-02_masks.tif,20,4257,368.3847763,151.0031139,38.42104619,3.930218691,0.967088886,84.74710612,335.9412732,293.7587503,3715,0.872680291,192.676712,191.5079346,131.2218018
28291,B-20-1-02_masks.tif,21,11419,765.3969696,304.7919515,49.27749267,6.185216313,0.986843921,-64.02669361,4955.737718,348.6420877,5596,0.490060426,212.1088257,204.8840179,156.0829163
28292,B-20-1-02_masks.tif,22,8173,670.627417,282.2612944,39.41003477,7.162168114,0.990204802,-0.208327918,566.7873486,437.088462,3971,0.485868102,186.0803375,181.6920166,139.0868835
28293,B-20-1-02_masks.tif,23,8422,554.6690476,191.5472552,57.16572715,3.350735917,0.954427803,58.16076008,328.5008312,371.6715744,1953,0.231892662,175.3415222,171.3082428,118.4818192
28294,B-20-1-02_masks.tif,24,15941,946.0832611,386.1774121,62.84574034,6.144846254,0.986669318,81.35424582,1196.903833,380.9083495,9220,0.578382787,193.2779846,185.7206116,138.7998962
28295,B-20-1-02_masks.tif,25,6940,530.8700577,214.980584,42.25211692,5.088042912,0.980495963,-7.190858666,4645.359942,460.5263689,5697,0.820893372,196.3689728,188.2489014,153.2708435
28296,B-20-1-02_masks.tif,26,14154,987.254834,411.0272956,55.10235669,7.459341492,0.990973204,82.98505293,1986.248481,405.9128868,550,0.038858273,228.6745453,202.0472717,187.0945435
28297,B-20-1-02_masks.tif,27,16901,980.4264069,430.0215141,51.77490433,8.305597464,0.992725372,81.19339131,1185.985208,424.5094373,5668,0.335364771,193.4844818,185.7267151,140.2454071
28298,B-20-1-02_masks.tif,28,14109,849.0121933,357.5823413,54.12530879,6.606564456,0.988478,-77.96169301,2437.222199,421.2606847,8220,0.582606847,192.0625305,187.5810242,127.1170349
28299,B-20-1-02_masks.tif,29,9560,908.2670273,307.1911748,44.40474991,6.917980067,0.989497371,31.90192456,1491.263703,528.009728,5017,0.524790795,190.3816986,185.855896,155.1317596
28300,B-20-1-02_masks.tif,30,5891,444.627417,170.3765662,44.75840621,3.806582508,0.964876791,-4.590663311,4591.352741,488.4270922,5355,0.90901375,203.1566772,196.8166199,138.4463043
28301,B-20-1-02_masks.tif,31,10787,855.1543289,352.9425931,57.12638881,6.178275932,0.986814149,71.11483534,1131.14777,489.8678038,7611,0.705571521,201.5978241,200.5283203,153.0457306
28302,B-20-1-02_masks.tif,32,17455,1045.59798,461.5872154,49.77928085,9.272677457,0.994167859,83.40228893,1987.028187,446.6315669,8315,0.476367803,203.3884583,191.3227844,143.46698
28303,B-20-1-02_masks.tif,33,13368,895.6396103,348.2626416,63.08169912,5.520818976,0.983458693,72.31587977,4980.831014,456.4320766,6150,0.46005386,199.1269989,194.9365845,144.825531
28304,B-20-1-02_masks.tif,34,12687,834.1837662,343.3976342,48.75908095,7.042742142,0.989868071,79.50454675,1198.069599,469.9609049,7754,0.611176795,200.7608948,193.5731201,161.2995911
28305,B-20-1-02_masks.tif,35,11321,805.5391052,297.4019992,56.34375048,5.278349358,0.981889758,30.56399647,1465.506227,564.5342284,9060,0.800282661,200.2824554,196.0460205,163.697464
28306,B-20-1-02_masks.tif,36,13339,949.5979797,397.5888863,45.91318841,8.659579089,0.993309915,82.27417124,1969.994902,484.2551915,3913,0.293350326,186.7032928,181.4119568,141.5568542
28307,B-20-1-02_masks.tif,37,9078,665.254834,242.9690458,51.64736661,4.704384013,0.977146346,-21.56440107,4654.058934,588.2541309,4470,0.492399207,214.849884,210.487915,150.3049164
28308,B-20-1-02_masks.tif,38,8241,662.9116882,255.6494934,47.59624153,5.371211784,0.982516083,63.37927725,87.56085427,531.909477,4631,0.561946366,173.4450378,174.3157043,131.3269348
28309,B-20-1-02_masks.tif,39,14283,911.882251,352.6880369,55.37996575,6.36851309,0.987595022,68.62379699,967.6320101,538.9004411,8139,0.569838269,188.828476,186.7507019,136.9523315
28310,B-20-1-02_masks.tif,40,5743,557.3969696,211.7977087,38.31749661,5.52744118,0.983498636,44.66069456,4934.140171,559.1939753,4415,0.768761971,189.0890198,193.5016937,146.2640991
28311,B-20-1-02_masks.tif,41,5215,449.9411255,170.7996192,40.19951943,4.248797538,0.971908091,-23.38214776,4469.009204,585.1505273,102,0.019558965,217.3137207,195.931366,198.7254944
28312,B-20-1-02_masks.tif,42,5278,422.627417,168.5643271,40.95548243,4.115793956,0.970034683,-11.69227804,4531.504547,586.7305798,4533,0.858848049,211.077652,207.2256775,153.9695587
28313,B-20-1-02_masks.tif,43,5160,432.627417,171.0227031,39.53575453,4.325773092,0.972912767,-14.02129817,4696.518023,595.1178295,0,0,,,
28314,B-20-1-02_masks.tif,44,7439,539.1543289,190.9479718,50.56814892,3.776052235,0.964295983,44.09893543,4879.376932,571.0053771,6307,0.847829009,201.9069214,200.640564,151.888855
28315,B-20-1-02_masks.tif,45,19101,990.1665222,338.0906094,75.10199697,4.50175259,0.975015757,50.37798924,1423.882362,624.7080781,8912,0.466572431,191.3968811,181.2497711,139.9755402
28316,B-20-1-02_masks.tif,46,4540,471.9411255,185.4941585,32.38123155,5.728446684,0.984645228,-67.69107685,5152.645595,584.6359031,3831,0.843832599,195.0650024,184.7045135,125.8747101
28317,B-20-1-02_masks.tif,47,7852,515.9411255,195.3883987,51.90842837,3.764097755,0.964064603,-18.02945055,4729.719307,637.6557565,5966,0.759806419,206.829361,201.1131439,152.397583
28318,B-20-1-02_masks.tif,48,4278,481.9411255,191.9690233,34.02831771,5.64144913,0.984164162,-68.74592401,5142.117578,616.056101,3264,0.762973352,204.7858429,198.6580811,132.3382416
28319,B-20-1-02_masks.tif,49,14086,767.6984848,331.7336358,56.43310173,5.87835199,0.985424095,-86.04370359,1105.901604,627.829902,8457,0.600383359,196.1980591,189.5312805,139.8622437
28320,B-20-1-02_masks.tif,50,5844,408.627417,156.5228357,48.27919236,3.24203509,0.95124113,-5.511046198,4481.192676,680.7055099,5448,0.932238193,198.4724731,191.2070465,146.5495605
28321,B-20-1-02_masks.tif,51,5854,430.2842712,165.4345977,45.92866932,3.601989784,0.960689717,-19.8066452,4541.878886,683.6342672,4786,0.817560642,198.8710785,192.4488068,138.9300079
28322,B-20-1-02_masks.tif,52,15436,1181.865007,410.4071016,59.15638965,6.9376631,0.989557195,48.41118193,2943.593224,754.4114408,8930,0.578517751,197.6733551,193.0773773,164.617691
28323,B-20-1-02_masks.tif,53,10850,669.1126984,273.7982889,52.14384894,5.250826214,0.98169763,80.13069418,1144.582212,684.677788,8007,0.73797235,195.6192017,189.6102142,141.4898224
28324,B-20-1-02_masks.tif,54,12114,911.7817459,356.4816686,50.0270503,7.125778283,0.990104002,62.41405971,1671.34844,760.937758,5330,0.439986792,186.8052521,182.1703491,149.1538391
28325,B-20-1-02_masks.tif,55,8385,803.0954544,282.2216816,39.75733117,7.09860731,0.990027718,47.3155038,2920.445558,780.639833,6298,0.75110316,195.7346802,194.3709106,148.6981506
28326,B-20-1-02_masks.tif,56,18188,1122.953319,422.629516,63.97597433,6.606066112,0.988476252,-70.12596217,829.7415879,750.0144601,6640,0.365075874,207.326355,197.6144562,150.6703339
28327,B-20-1-02_masks.tif,57,5505,415.5979797,150.2456182,48.04935553,3.12690184,0.947483259,-44.46262525,4735.336421,762.070663,4373,0.794368756,205.1852264,199.1143341,144.4662628
28328,B-20-1-02_masks.tif,58,13268,788.9116882,298.3057985,67.42098243,4.424524647,0.97412429,-13.09374015,4806.473395,853.9425686,5493,0.414003618,206.549057,201.4909821,150.6164246
28329,B-20-1-02_masks.tif,59,9205,756.3259018,287.4413645,42.4522428,6.770934716,0.989033688,-69.52165172,827.2797393,792.1752309,7155,0.777294948,205.251297,201.8891754,148.7570953
28330,B-20-1-02_masks.tif,60,5254,431.254834,154.825823,44.20139285,3.502736294,0.958381364,-37.86234786,4757.378569,799.1872859,4547,0.865435858,204.4224701,197.4350128,148.5757599
28331,B-20-1-02_masks.tif,61,8812,530.8700577,206.6242064,55.13077382,3.747892368,0.963747315,-11.78215472,5024.881752,859.9193146,5685,0.645142987,198.2661438,194.4112549,141.9491577
28332,B-20-1-02_masks.tif,62,11731,577.5979797,210.9958886,71.58313218,2.947564352,0.940691505,-20.48130979,4897.174154,872.4442929,2721,0.231949535,211.8665924,207.7081909,148.8915863
28333,B-20-1-02_masks.tif,63,8380,537.9411255,208.2922117,52.14139338,3.994757297,0.968161062,-17.77105231,4966.297613,881.5420048,5912,0.70548926,200.2604828,192.9025726,145.0526123
28334,B-20-1-02_masks.tif,64,9328,633.0538239,229.4190157,52.68466216,4.354569362,0.973274735,-48.79626449,5166.519833,917.818825,6149,0.659198113,203.6560364,194.6319733,130.5466003
28335,B-20-1-02_masks.tif,65,7564,486.627417,195.196309,51.03958043,3.824410533,0.965209381,76.04165764,5356.372951,908.2591222,2616,0.345848757,202.8012238,202.9246979,129.8168945
28336,B-20-1-02_masks.tif,66,11015,800.5685425,310.441927,47.06662961,6.595796842,0.98844013,68.55446896,2580.590014,947.8355878,5292,0.480435769,197.3384399,192.4213867,142.5383606
28337,B-20-1-02_masks.tif,67,9091,711.0538239,243.4890604,49.72742748,4.896474093,0.978923226,-33.36212001,3367.456165,1006.904301,6235,0.685843142,202.9719391,196.240097,146.6051331
28338,B-20-1-02_masks.tif,68,16694,986.0660172,360.048325,62.2641946,5.782590257,0.984933611,53.75294228,1569.54906,1044.056487,7622,0.456571223,185.6563873,179.7638397,132.7774811
28339,B-20-1-02_masks.tif,69,17074,968.9116882,363.0625047,69.95596773,5.189871808,0.981261059,9.298204539,5331.239311,1124.062258,7503,0.439440084,187.3253326,183.8663177,129.8683167
28340,B-20-1-02_masks.tif,70,9539,675.882251,230.2630601,57.26747079,4.020835161,0.968579396,-51.55071696,3432.612014,1029.14121,6873,0.720515777,210.3558807,196.9941864,134.8697815
28341,B-20-1-02_masks.tif,71,11757,801.7817459,295.9609171,55.11026604,5.370340926,0.982510362,31.6479354,4752.233648,1089.987072,6537,0.556009186,182.608078,180.1534271,136.9227448
28342,B-20-1-02_masks.tif,72,21946,1182.325902,508.2236264,64.99660541,7.819233377,0.991788387,82.84197274,2543.228379,1006.070537,8942,0.407454661,188.9374847,184.8360596,134.8170471
28343,B-20-1-02_masks.tif,73,7567,644.4680374,232.0981509,47.71987013,4.863763257,0.978635668,-49.59984235,3453.810493,1063.362892,4834,0.638826483,205.804718,197.0380707,141.3719482
28344,B-20-1-02_masks.tif,74,21235,1226.693434,445.1515773,62.36066215,7.138339491,0.990138972,36.30807604,5254.768401,1169.075865,9739,0.458629621,189.3058777,185.0279236,141.7996674
28345,B-20-1-02_masks.tif,75,18332,1263.07821,448.5780719,54.14887043,8.284163054,0.99268754,43.21566777,920.2382719,1179.641992,7808,0.425921885,193.7789459,182.3972778,145.9743805
28346,B-20-1-02_masks.tif,76,16143,1209.521861,418.6786913,60.51810286,6.918238867,0.989498161,42.6224004,961.7838692,1161.204733,10013,0.620268847,189.6008148,181.2885284,135.9695435
28347,B-20-1-02_masks.tif,77,12641,842.8111832,322.3877293,55.25741901,5.834288591,0.985201435,-23.52641595,5043.410964,1176.625663,4978,0.393797959,199.5924072,189.0741272,144.2073059
28348,B-20-1-02_masks.tif,78,8798,571.3969696,212.1001258,53.57773179,3.958736563,0.967569267,-45.63039293,185.3233689,1132.64401,7327,0.83280291,195.7687988,191.4151764,138.5827789
28349,B-20-1-02_masks.tif,79,13751,725.1543289,259.6347113,69.26246709,3.748562854,0.963760526,-24.13351905,5087.294742,1201.819577,5607,0.407752163,200.0945282,189.4585266,137.2238312
28350,B-20-1-02_masks.tif,80,10000,690.5269119,291.8032153,47.47260998,6.146770011,0.986677717,81.89202654,2244.8256,1129.4241,5745,0.5745,190.5380402,187.1968689,148.2496033
28351,B-20-1-02_masks.tif,81,13919,949.6396103,364.4247686,55.64633349,6.54894484,0.988273152,72.49342337,2632.4223,1146.010777,5884,0.422731518,186.878479,183.3127136,134.0236206
28352,B-20-1-02_masks.tif,82,11828,873.0538239,346.1166961,45.67241322,7.578244103,0.991255483,68.00506268,2578.862191,1196.995096,4375,0.369885019,179.5529175,174.6749725,139.498291
28353,B-20-1-02_masks.tif,83,15471,901.8406204,385.0083418,61.89968495,6.219875628,0.986991097,-80.43826057,1570.036197,1187.886239,8710,0.562988818,200.0292816,196.5483398,137.2631531
28354,B-20-1-02_masks.tif,84,15058,1150.409163,426.7450385,55.55889497,7.680948995,0.991488769,62.7245335,1268.337694,1261.678709,6752,0.448399522,194.3473053,189.3122101,152.545166
28355,B-20-1-02_masks.tif,85,8171,548.0416306,223.9313529,47.86201945,4.678685843,0.976891627,81.13787312,2416.36397,1204.607514,5542,0.678252356,198.545105,194.7026367,149.036087
28356,B-20-1-02_masks.tif,86,11003,771.8406204,323.9294129,51.14713331,6.333285797,0.98745576,76.96638283,2403.705989,1240.189221,6583,0.598291375,196.6650391,192.2591553,149.1382294
28357,B-20-1-02_masks.tif,87,15036,894.4264069,363.6421362,59.428207,6.119015777,0.986555765,81.08102002,2997.629489,1222.047287,7409,0.492750732,196.9896088,191.6616211,144.118103
28358,B-20-1-02_masks.tif,88,21909,1230.183766,522.1712276,57.95583512,9.009812843,0.993821512,88.23886448,4585.069652,1218.68182,9163,0.418229951,190.8567047,184.5313721,134.7953796
28359,B-20-1-02_masks.tif,89,16516,1181.480231,432.8413013,50.62241452,8.55038831,0.993137362,61.60153402,1261.821204,1302.926011,7882,0.477234197,190.3410339,182.134613,152.262619
28360,B-20-1-02_masks.tif,90,11323,737.4974747,273.5902705,55.00145948,4.974236558,0.979583879,-73.85651225,3352.581648,1269.218935,6403,0.565486179,204.5533295,197.5492706,146.9456482
28361,B-20-1-02_masks.tif,91,11078,713.1543289,275.8469428,53.01035961,5.203642171,0.981361046,-67.37710131,4690.888518,1291.985196,6441,0.581422639,199.1863098,192.5017853,135.8039093
28362,B-20-1-02_masks.tif,92,7415,471.8994949,210.070573,45.76681184,4.59001981,0.975979142,-87.54003049,2821.278085,1267.564666,6911,0.93202967,196.8965454,189.5034027,153.2425079
28363,B-20-1-02_masks.tif,93,13485,865.9411255,386.6660516,53.82858031,7.183285335,0.990262592,85.6202961,2715.697812,1297.221802,6010,0.445680386,210.1023254,205.6821899,159.7645569
28364,B-20-1-02_masks.tif,94,15428,1013.63961,415.8194473,65.37340964,6.360681654,0.987564264,-73.13830019,3362.714545,1346.06203,4998,0.323956443,209.3527374,202.1916809,154.7530975
28365,B-20-1-02_masks.tif,95,14604,817.0121933,328.8601354,58.04066295,5.666029965,0.984302358,77.81609024,3114.118461,1315.103944,8649,0.592235004,196.2796783,191.5160065,140.3929901
28366,B-20-1-02_masks.tif,96,10141,724.3259018,263.0043294,51.77937394,5.079326175,0.980428294,68.5972798,114.749433,1333.554778,8017,0.7905532,188.2971191,183.4214783,152.9710541
28367,B-20-1-02_masks.tif,97,9031,529.2132034,218.8915458,54.11194213,4.045161514,0.968962203,83.19967745,243.7877311,1302.689403,7506,0.831137194,185.3755646,182.0824738,138.5616913
28368,B-20-1-02_masks.tif,98,5560,402.9705627,169.6627362,42.82778339,3.961511027,0.967615437,-82.99391893,440.3985612,1306.481655,4291,0.77176259,195.7641602,190.8769531,135.6592865
28369,B-20-1-02_masks.tif,99,13498,870.6690476,355.0383381,49.6696369,7.14799544,0.990165728,-75.84050748,5128.418506,1333.872574,5635,0.417469255,191.9939728,187.582962,134.2154388
28370,B-20-1-02_masks.tif,100,15378,1003.63961,421.7650426,49.68568842,8.488662551,0.993036844,18.43764471,4398.519508,1483.587007,6620,0.430485109,196.0288544,189.8188782,157.6126862
28371,B-20-1-02_masks.tif,101,5476,411.7989899,170.4491017,42.07622378,4.050960052,0.969052412,-80.47701121,438.0971512,1344.332725,4826,0.881300219,193.0057983,186.7001648,149.4361725
28372,B-20-1-02_masks.tif,102,20686,1180.852814,471.3879348,57.01287402,8.268096337,0.992658988,-68.61989232,3409.526346,1430.029392,6887,0.332930484,195.0792847,185.3952332,115.4405365
28373,B-20-1-02_masks.tif,103,12949,785.8406204,309.0756566,59.06292761,5.232989103,0.981571474,-75.57757372,5309.674801,1397.736428,3388,0.261641826,189.6747284,179.5684814,122.8187714
28374,B-20-1-02_masks.tif,104,20068,1188.793939,457.212843,63.89829648,7.155321318,0.990185955,-34.17106143,4102.490532,1537.419474,5885,0.29325294,201.2807159,191.3638,128.0802002
28375,B-20-1-02_masks.tif,105,14031,1051.480231,395.3947067,47.82314259,8.267852869,0.992658554,-36.68216348,4594.081819,1522.497042,5525,0.393770936,207.0266113,200.5019073,152.1109467
28376,B-20-1-02_masks.tif,106,11164,986.4091629,364.9988728,47.04104167,7.759157957,0.991660201,-36.82401443,4558.832408,1510.353368,4699,0.420906485,205.8446503,200.2638855,145.7320709
28377,B-20-1-02_masks.tif,107,10476,639.1126984,261.2338766,51.78186195,5.044891526,0.98015749,81.10083435,215.2271859,1413.939576,9701,0.926021382,188.5254059,183.5972595,139.958252
28378,B-20-1-02_masks.tif,108,9040,555.2132034,228.7175218,51.41337342,4.448599782,0.974407272,88.67400943,519.2753319,1411.00531,8353,0.924004425,196.0766144,190.9215851,155.1574249
28379,B-20-1-02_masks.tif,109,8226,651.8406204,254.8067893,43.98776753,5.792673819,0.984986418,19.91515851,4370.362509,1514.814977,4940,0.600534889,204.8080902,202.7174072,151.4297638
28380,B-20-1-02_masks.tif,110,10090,746.6690476,279.3901589,51.6359849,5.410764595,0.982772997,-76.31168955,5331.682755,1448.319921,5946,0.589296333,195.1660004,190.5704651,142.3852997
28381,B-20-1-02_masks.tif,111,9464,575.7989899,246.9946292,51.96375209,4.75321006,0.977618798,89.57475732,500.2525359,1454.340976,8522,0.90046492,194.0765076,189.0912933,133.2426605
28382,B-20-1-02_masks.tif,112,17264,1150.693434,405.2631521,58.64366659,6.910603918,0.98947482,46.19514932,2855.440628,1601.963334,6391,0.370192308,195.8330536,188.1243896,163.563446
28383,B-20-1-02_masks.tif,113,11291,871.3380951,309.9091796,47.29143273,6.553178065,0.988288388,54.96225328,455.4492959,1544.619963,5530,0.489770614,181.1338196,173.0207977,135.0799255
28384,B-20-1-02_masks.tif,114,15329,1096.409163,406.3178386,53.78448694,7.554554514,0.991200311,27.38118723,2798.453911,1640.37752,6768,0.441516081,197.7062683,189.0542297,149.2304993
28385,B-20-1-02_masks.tif,115,19064,1117.279221,409.8515257,61.64588592,6.648481396,0.988623662,-43.15356141,3562.676983,1616.50042,0,0,,,
28386,B-20-1-02_masks.tif,116,12683,868.509668,316.3892757,55.03739267,5.748623987,0.984753661,54.16945777,420.1881258,1572.538437,5727,0.451549318,202.5812836,193.9488373,160.0665283
28387,B-20-1-02_masks.tif,117,21872,1472.8772,546.0886068,58.8644975,9.277045249,0.994173366,39.09788358,2585.139402,1714.259464,7566,0.345921726,185.5966187,177.3843536,146.9944458
28388,B-20-1-02_masks.tif,118,18428,1283.03658,492.7648173,53.49540785,9.211347985,0.994089708,58.25017829,3022.691502,1620.134958,5380,0.291947037,193.5680237,183.9864349,141.8122711
28389,B-20-1-02_masks.tif,119,17614,990.4680374,397.5835898,60.59265466,6.561580641,0.988318541,18.64415915,3344.396219,1680.627512,7192,0.40831157,188.5118256,180.0432434,142.7675171
28390,B-20-1-02_masks.tif,120,8939,793.3380951,300.9019699,41.33756988,7.279140277,0.990518576,-47.65006031,3511.531715,1606.917105,6628,0.741469963,206.6437836,199.088562,156.8850403
28391,B-20-1-02_masks.tif,121,18135,868.7695526,358.355568,65.86861497,5.440460046,0.982962168,85.75277713,3109.407499,1554.627075,5140,0.283429832,184.6760712,176.1784058,130.821991
28392,B-20-1-02_masks.tif,122,18288,1207.379726,441.9420986,57.88404919,7.63495479,0.991385467,58.38903502,3033.670549,1676.311352,8132,0.444663167,204.0182037,194.980072,162.9650726
28393,B-20-1-02_masks.tif,123,21901,851.5979797,339.5240214,83.15097722,4.083223466,0.969547194,-9.739551564,4323.261495,1754.404228,10203,0.465869138,202.845932,195.7567444,150.0851746
28394,B-20-1-02_masks.tif,124,10949,818.6101731,271.8000086,53.89038575,5.043571405,0.980146996,53.10473003,187.3275185,1709.933236,7596,0.693761987,188.5610809,182.8575592,140.4508972
28395,B-20-1-02_masks.tif,125,9936,769.7817459,284.2003003,51.18821498,5.552065069,0.983645896,50.08554084,160.1510668,1745.694243,7521,0.756944444,187.522934,183.257019,146.0748596
28396,B-20-1-02_masks.tif,126,14990,919.1543289,361.0300143,53.91680497,6.696057278,0.98878566,73.92566872,2409.906604,1735.998599,8923,0.595263509,189.4272156,182.5103607,154.5718994
28397,B-20-1-02_masks.tif,127,16440,1043.053824,387.5894028,69.04534552,5.613548602,0.984005074,75.69568908,2420.87208,1785.176642,9514,0.578710462,196.5690613,188.6256104,159.9517517
28398,B-20-1-02_masks.tif,128,3207,305.5563492,115.2173914,37.58583203,3.065447409,0.94529503,-75.37661014,435.7935766,1757.351419,2373,0.739943873,182.6308441,179.2979279,145.6776276
28399,B-20-1-02_masks.tif,129,11839,819.0538239,317.3241937,51.18478795,6.199580117,0.986905217,-65.98342934,1923.964862,1803.385674,6601,0.557563983,196.3647919,188.6464233,134.1819458
28400,B-20-1-02_masks.tif,130,13494,940.509668,338.7442572,61.98119951,5.465274307,0.983117858,35.63426229,177.6224248,1850.73025,6292,0.46628131,188.1071167,179.3869934,148.0758057
28401,B-20-1-02_masks.tif,131,13634,860.1248917,328.1410764,60.57873632,5.416769916,0.982811507,-63.61739042,2107.953865,1805.534839,10571,0.775341059,207.8760834,201.9308472,153.7882843
28402,B-20-1-02_masks.tif,132,12914,918.8528137,324.2636319,62.55986789,5.183253143,0.981212714,30.52614036,78.41559548,1898.203423,8683,0.67237107,194.3871918,186.7278595,147.8219452
28403,B-20-1-02_masks.tif,133,2345,260.1421356,102.3638603,30.48258088,3.35811002,0.954632479,-77.56718313,334.9198294,1778.485714,2168,0.924520256,175.4197388,171.601944,133.7527618
28404,B-20-1-02_masks.tif,134,8960,669.9827561,258.3419481,45.39139954,5.691429449,0.98444326,-63.52394941,2126.806027,1841.36317,7833,0.87421875,208.9213562,201.0736694,163.4399261
28405,B-20-1-02_masks.tif,135,6239,541.1543289,200.2106344,42.68609216,4.690301321,0.977007286,-42.04350138,434.5172303,1850.93204,5230,0.838275365,200.1139526,193.8760986,149.725235
28406,B-20-1-02_masks.tif,136,23613,1340.249783,498.9109992,62.09438165,8.034720467,0.992224646,54.72197447,2438.236056,1954.398975,8063,0.341464448,187.3621521,179.4299927,128.8780823
28407,B-20-1-02_masks.tif,137,13432,717.2132034,314.1114057,56.0994664,5.599187048,0.983922245,-87.01506887,4474.233472,1846.048913,7940,0.59112567,186.1526489,175.6709137,128.2784576
28408,B-20-1-02_masks.tif,138,16311,818.7695526,336.8225711,71.2367886,4.728211051,0.977378759,-89.4810795,4760.449267,1857.921832,8270,0.507019803,200.8194733,192.4152374,139.4464264
28409,B-20-1-02_masks.tif,139,10296,853.7817459,307.7521908,46.18529823,6.663423266,0.988674917,-62.72252295,2104.879079,1899.394134,5487,0.532925408,201.292511,192.5139465,154.5852051
28410,B-20-1-02_masks.tif,140,12554,797.1126984,343.9948915,56.87969451,6.047762641,0.986234883,88.23889562,5055.598375,1907.337821,8061,0.642106102,194.4337006,186.7294312,143.7000427
28411,B-20-1-02_masks.tif,141,15410,928.7695526,387.6794603,55.10914691,7.034757061,0.989844939,86.74335199,4689.52122,1912.019922,6604,0.428552888,198.3784027,190.7274323,154.9094543
28412,B-20-1-02_masks.tif,142,19184,1149.982756,471.8990278,62.76704778,7.518260688,0.991114764,11.26833985,4415.03383,2109.332256,5210,0.271580484,192.7892456,180.55336,137.4596863
28413,B-20-1-02_masks.tif,143,13389,1007.480231,365.0345998,52.10159444,7.006207847,0.98976158,36.80541673,4531.307267,2024.297782,5611,0.41907536,194.1694946,186.5758362,142.8764954
28414,B-20-1-02_masks.tif,144,19515,1072.468037,414.1411419,72.56603216,5.707093658,0.98452921,76.17506943,4637.434486,1962.071842,8847,0.453343582,190.1529388,182.5788422,137.2664185
28415,B-20-1-02_masks.tif,145,7668,590.1837662,222.8377645,46.27867074,4.815128892,0.978197083,-75.75283971,943.6656234,1923.612937,6045,0.788341158,197.9563293,192.121582,157.5621185
28416,B-20-1-02_masks.tif,146,13682,901.4558441,412.2268044,43.96437404,9.376382886,0.994296524,3.799020398,4236.503947,2087.722117,7332,0.535886566,197.2520447,190.3397369,151.1707611
28417,B-20-1-02_masks.tif,147,10934,705.4974747,270.7594807,52.33552601,5.173531276,0.98114136,-20.04436439,378.6898665,2039.978416,8171,0.747301994,193.7788544,186.5594177,143.8834839
28418,B-20-1-02_masks.tif,148,14633,958.4264069,395.1648774,60.12589873,6.572290572,0.988356805,5.581611477,4201.924007,2122.123556,6315,0.431558805,199.3987274,190.9911346,157.0939026
28419,B-20-1-02_masks.tif,149,14373,842.8700577,369.5083939,51.52433079,7.171532134,0.990230491,-89.50819494,5051.735268,1949.364155,9399,0.65393446,210.1986389,202.2663116,162.4895172
28420,B-20-1-02_masks.tif,150,15992,1093.480231,411.9808649,74.04076625,5.56424367,0.983717999,42.00011284,4506.022636,2091.609805,8084,0.505502751,202.1580963,194.5755768,139.16922
28421,B-20-1-02_masks.tif,151,5736,484.8700577,183.9416728,41.35189369,4.448204337,0.974402661,-79.90309925,946.249477,1961.195955,4807,0.838040446,204.114212,196.5910187,164.4183502
28422,B-20-1-02_masks.tif,152,17641,1123.379726,416.1309364,61.18533707,6.801154596,0.98913146,49.68548254,1960.524177,2086.66113,7807,0.442548608,186.5529633,179.9544067,140.6640167
28423,B-20-1-02_masks.tif,153,17146,944.0832611,378.3056749,61.0629275,6.195341272,0.986887173,10.30206686,4376.19923,2148.508807,5761,0.335996734,195.940979,187.8002014,134.7472687
28424,B-20-1-02_masks.tif,154,10715,666.8111832,246.1516714,57.97262536,4.245998346,0.971870503,53.51201781,84.51516566,2048.716566,8438,0.787494167,183.2942657,176.333847,136.0654144
28425,B-20-1-02_masks.tif,155,13342,1019.154329,438.8292684,62.48954881,7.02244258,0.989809108,-78.01535942,4965.128691,2007.007495,5896,0.441912757,198.9007874,189.803421,163.4810028
28426,B-20-1-02_masks.tif,156,12704,859.6396103,310.0731869,73.03553491,4.245511275,0.971863955,69.20838485,926.7636178,2034.683564,7836,0.616813602,192.5821838,184.4946442,157.2023926
28427,B-20-1-02_masks.tif,157,13219,805.4974747,322.1269124,53.69106253,5.999637505,0.986011595,14.32187339,2099.126938,2124.379983,6478,0.490052198,186.0189819,174.799942,127.7482224
28428,B-20-1-02_masks.tif,158,8003,563.8406204,214.6531218,52.59606351,4.081163255,0.969515957,-25.72633532,494.6723729,2103.67937,3051,0.381232038,193.1025848,186.482132,139.8718414
28429,B-20-1-02_masks.tif,159,10492,827.0121933,333.285306,41.01477169,8.125982232,0.992398979,-77.43285145,4967.869424,2036.616851,4811,0.45853984,199.3001404,188.2673035,154.2084808
28430,B-20-1-02_masks.tif,160,13821,890.1248917,328.7988085,80.63340278,4.077699777,0.969463335,-57.44630709,2387.851964,2160.611678,705,0.051009334,233.9829712,227.9290771,185.5276642
28431,B-20-1-02_masks.tif,161,9265,648.8700577,278.4111566,44.25008601,6.291765321,0.987288581,0.716825137,751.1676201,2193.676417,8069,0.870912035,197.7518921,187.7228851,155.6463013
28432,B-20-1-02_masks.tif,162,7553,519.2132034,218.4236725,45.20646391,4.831691169,0.978347952,0.446740298,706.4159936,2202.602807,5801,0.76803919,194.8343353,186.7145386,157.8424377
28433,B-20-1-02_masks.tif,163,4377,477.4974747,186.6546449,34.95052588,5.340538954,0.982312859,-48.29503734,1615.818369,2149.399817,3438,0.7854695,194.0090179,183.4220428,137.9877777
28434,B-20-1-02_masks.tif,164,5401,470.8700577,165.733668,44.58073198,3.717607599,0.963142915,-77.29762941,868.4588039,2190.261433,3009,0.557119052,184.2419434,178.5569916,142.6118317
28435,B-20-1-02_masks.tif,165,14224,992.4680374,402.7694081,67.16626726,5.996602529,0.985997331,-72.68986555,2432.96534,2222.686024,7542,0.530230596,192.8647614,182.9519958,149.2566986
28436,B-20-1-02_masks.tif,166,5451,335.2132034,107.9853756,64.86423435,1.664790722,0.799492478,77.78801487,378.9842231,2217.206201,4792,0.879104751,186.6091461,177.6241608,129.4515839
28437,B-20-1-02_masks.tif,167,12225,870.7523087,324.6533917,50.57146246,6.419695533,0.987793254,-46.84586007,1887.942658,2295.219714,7731,0.632392638,197.0818787,187.8555145,134.4908752
28438,B-20-1-02_masks.tif,168,8540,649.1126984,247.9146588,51.11183965,4.850435056,0.978516805,86.30518488,1708.004801,2231.829625,4439,0.519789227,191.6030579,183.2079315,135.2043304
28439,B-20-1-02_masks.tif,169,18688,1123.722871,429.5848553,62.88824658,6.830924356,0.9892265,-55.83763125,2431.10686,2322.336954,10825,0.579248716,205.1871643,195.2449951,151.7610168
28440,B-20-1-02_masks.tif,170,14694,867.1959595,320.7857725,59.31795127,5.407903774,0.982754606,30.10350063,2151.881516,2358.182047,8671,0.590104805,192.6776581,182.8520355,142.4754944
28441,B-20-1-02_masks.tif,171,9307,675.882251,255.7444124,51.62552379,4.953836661,0.979413615,-50.90031696,2372.596755,2302.567207,7628,0.819598152,209.3265533,201.5487671,168.4656525
28442,B-20-1-02_masks.tif,172,5194,323.2132034,103.5080683,64.33651654,1.608854099,0.783366241,69.34464183,358.7966885,2274.360031,3348,0.644589911,183.4396667,169.9032288,124.2900238
28443,B-20-1-02_masks.tif,173,12196,801.1959595,300.7555966,52.37763775,5.742061107,0.984718519,-33.29181968,3322.925467,2360.394638,6471,0.530583798,197.2888336,189.4025726,145.5730133
28444,B-20-1-02_masks.tif,174,13182,841.6812409,312.4359911,57.8293974,5.402719121,0.9827212,44.64197448,1569.578895,2382.613261,8703,0.66021848,187.0512543,180.336441,147.4158325
28445,B-20-1-02_masks.tif,175,9734,724.0416306,303.5070183,46.37010797,6.545316187,0.988260069,-88.50094521,1643.862544,2289.439388,8341,0.856893363,205.84198,200.5241547,158.1952972
28446,B-20-1-02_masks.tif,176,17626,1141.580736,406.6577891,62.8304824,6.472300922,0.987992075,-28.03164049,3319.572336,2483.255815,4012,0.227618291,189.5321503,177.6575317,118.5413742
28447,B-20-1-02_masks.tif,177,17200,1099.338095,426.0790492,80.87833725,5.268147983,0.981818902,-52.75369369,2477.523314,2433.149302,5947,0.345755814,205.2076721,199.8777466,166.2671967
28448,B-20-1-02_masks.tif,178,11412,923.9238816,336.6589115,46.01392074,7.316457849,0.990615506,-53.55682994,2452.474325,2406.952944,4132,0.362075009,198.1014099,187.9842682,154.1686859
28449,B-20-1-02_masks.tif,179,5298,393.3553391,140.2646014,49.23689621,2.848770174,0.936364712,53.71488136,818.4882975,2337.66459,3496,0.65987165,184.8933105,173.7969055,152.4450836
28450,B-20-1-02_masks.tif,180,7921,663.2964646,226.9752125,48.85459289,4.645933966,0.976560747,-52.96874657,2424.52405,2376.532382,4486,0.566342634,213.1377563,203.5655365,158.8002625
28451,B-20-1-02_masks.tif,181,9387,781.1959595,279.8069065,45.32622124,6.173179648,0.986792223,53.54969237,727.3135187,2414.549909,5660,0.602961543,186.4784393,178.744873,151.6162567
28452,B-20-1-02_masks.tif,182,9961,718.7695526,301.6136858,44.81169164,6.730691807,0.988901422,10.45033693,1422.69481,2477.416123,3889,0.390422648,204.7642059,197.4219666,156.9789124
28453,B-20-1-02_masks.tif,183,20774,1303.521861,480.3104413,76.62939284,6.267966162,0.987191241,-42.74147302,3917.144363,2494.136757,7829,0.376865312,196.3623657,187.1143188,133.1594086
28454,B-20-1-02_masks.tif,184,11625,792.9116882,297.6421143,60.53174695,4.917124142,0.979101769,13.7869932,1383.052043,2495.834925,8584,0.738408602,204.6036835,195.9190369,154.0771179
28455,B-20-1-02_masks.tif,185,7419,499.7989899,210.1276681,46.62680846,4.506584838,0.975069993,3.433906371,573.5894325,2482.022645,5708,0.769375927,185.9325562,175.6769409,139.1596069
28456,B-20-1-02_masks.tif,186,6809,584.627417,237.02695,41.31246797,5.737419275,0.984693589,81.65346012,1978.246879,2426.940226,3889,0.571155823,193.1313934,187.7858124,140.6474609
28457,B-20-1-02_masks.tif,187,4165,348.1421356,141.573896,38.12674012,3.713244184,0.96305458,8.607178483,1457.435774,2478.372869,3507,0.842016807,186.9272919,178.9535217,132.831192
28458,B-20-1-02_masks.tif,188,11124,723.0121933,295.1470428,51.39253684,5.742994237,0.984723523,79.69244251,1974.048274,2465.820388,8390,0.754225099,195.4125214,187.2570953,150.1977386
28459,B-20-1-02_masks.tif,189,14161,776.2842712,341.7112642,55.82174322,6.121472468,0.986566627,-88.44958666,2659.048584,2462.534002,7134,0.503777982,196.7266541,191.5161133,151.0407867
28460,B-20-1-02_masks.tif,190,8540,666.7695526,285.525336,42.43376316,6.728730019,0.988894913,73.51223008,5323.911475,2512.881499,3558,0.416627635,181.6958923,176.9421082,129.3223724
28461,B-20-1-02_masks.tif,191,11437,828.509668,302.2177107,50.78830383,5.950537584,0.985778124,-49.98947014,1708.232054,2566.944129,8353,0.730348868,196.3244324,189.1607819,143.3154602
28462,B-20-1-02_masks.tif,192,7242,417.9411255,135.4798915,69.52852235,1.948551283,0.85826798,-32.83024201,2484.563104,2547.696493,5231,0.722314278,197.417511,186.560318,134.5467377
28463,B-20-1-02_masks.tif,193,16701,1161.279221,419.8824227,58.34295528,7.196797293,0.9902993,41.51414289,3167.428717,2659.886474,6414,0.384048859,188.3810425,178.7550659,150.9251709
28464,B-20-1-02_masks.tif,194,6342,406.5269119,133.0097432,63.20719803,2.104344875,0.879873879,-25.48675147,2536.386944,2571.35052,4154,0.654998423,196.139389,186.3408813,127.5570526
28465,B-20-1-02_masks.tif,195,10783,613.4558441,260.5688796,54.37022448,4.792492253,0.977988307,1.869548394,1516.416025,2645.802838,9330,0.865250858,190.4936829,180.3348389,137.6818848
28466,B-20-1-02_masks.tif,196,10492,627.4558441,273.0691733,50.30167914,5.428629382,0.982887179,-83.65221917,1954.485894,2544.854556,9089,0.86627907,194.3075104,186.6737823,139.9682007
28467,B-20-1-02_masks.tif,197,20832,1269.521861,493.5752679,58.89586944,8.380473411,0.992855248,53.15867817,2399.349174,2700.559812,2945,0.141369048,201.2288666,191.0427856,155.8370056
28468,B-20-1-02_masks.tif,198,14183,1037.722871,371.8165456,52.13035458,7.132438454,0.990122567,52.99395807,2406.610731,2652.65783,8964,0.632024254,196.5074768,187.3903351,161.2237854
28469,B-20-1-02_masks.tif,199,8591,562.627417,220.5620578,52.06384616,4.236376567,0.971740721,-85.06714095,1978.674776,2588.947503,5613,0.653358166,197.1036835,184.6663055,125.6427917
28470,B-20-1-02_masks.tif,200,17540,944.0832611,396.2733154,57.80395061,6.855471144,0.98930393,-78.59322564,2750.019384,2614.486203,7954,0.453477765,192.2235413,184.3334198,136.2122192
28471,B-20-1-02_masks.tif,201,11617,682.0416306,297.2105061,52.93463896,5.61466956,0.984011512,85.52719144,3456.845141,2593.006973,5893,0.507273823,187.5000916,180.4272919,150.2136383
28472,B-20-1-02_masks.tif,202,13378,849.9238816,305.9344454,58.1251822,5.263371809,0.981785585,48.59867842,2523.758783,2681.888847,9871,0.737853192,204.2643127,197.2048492,167.2183228
28473,B-20-1-02_masks.tif,203,13154,790.2842712,337.6488963,50.6553755,6.665608398,0.988682383,5.194242806,1816.993766,2756.433252,1254,0.095332218,226.4585266,224.2894745,163.8851624
28474,B-20-1-02_masks.tif,204,18524,963.1543289,389.8084488,65.05618178,5.991874071,0.985975065,-75.45235738,2756.333405,2665.842313,8873,0.479000216,197.844696,188.708786,146.6004791
28475,B-20-1-02_masks.tif,205,9240,706.9533188,251.9850618,50.5110897,4.988707694,0.979703378,-43.88158203,5360.342965,2732.897727,4937,0.534307359,197.1719666,193.9805603,133.7301941
28476,B-20-1-02_masks.tif,206,13294,805.4974747,318.7854104,56.10015562,5.68243362,0.984393574,-71.19441422,2789.027155,2732.452084,7113,0.535053408,192.9297028,185.4272461,137.530014
28477,B-20-1-02_masks.tif,207,9509,800.6101731,295.6694429,42.64039026,6.934022909,0.98954617,-35.78034599,3469.704701,2798.287517,5697,0.599116626,198.0882874,187.6055756,153.6522675
28478,B-20-1-02_masks.tif,208,11248,781.5391052,295.2328199,49.94137144,5.911588155,0.985588726,29.73355021,3659.03734,2806.539651,6916,0.614864865,188.2627258,182.3548279,137.2680664
28479,B-20-1-02_masks.tif,209,6135,507.7401154,179.9524989,44.75828699,4.020540351,0.968574713,42.72824159,1429.236023,2767.486716,4549,0.741483293,193.5948486,187.0560608,157.8047943
28480,B-20-1-02_masks.tif,210,20071,1082.568542,445.3650156,60.49840102,7.361599779,0.990730783,76.59425734,3104.460316,2775.307309,6643,0.330975039,181.4070435,171.3808594,135.09198
28481,B-20-1-02_masks.tif,211,14862,1131.63961,430.9519797,45.75079892,9.419550913,0.994348829,75.62246504,5018.851904,2797.735971,6517,0.438500875,183.2985992,175.5534821,139.1471558
28482,B-20-1-02_masks.tif,212,5993,454.6690476,162.8473367,47.56503043,3.423677757,0.956392802,42.60562419,1411.067913,2807.920741,4558,0.76055398,199.1748505,190.7024994,157.4732361
28483,B-20-1-02_masks.tif,213,6191,531.4974747,189.7477479,48.31970447,3.926922773,0.967032675,-37.76810826,3491.674528,2830.729284,2925,0.472460023,204.3275146,193.5295715,144.427002
28484,B-20-1-02_masks.tif,214,5824,459.5563492,195.5352654,38.67636472,5.055678496,0.980242926,-89.02340133,524.8051168,2784.860234,5208,0.894230769,193.3529205,187.4907837,154.2304077
28485,B-20-1-02_masks.tif,215,7287,509.2132034,217.3960959,43.52949881,4.994224648,0.979748659,85.26175909,521.794154,2823.916152,5988,0.82173734,198.1098938,190.617569,165.0911865
28486,B-20-1-02_masks.tif,216,16491,1174.409163,446.514756,51.74417854,8.629275188,0.993262685,64.14815308,2623.210357,2924.568189,6164,0.373779637,188.5655365,182.9842682,151.2952576
28487,B-20-1-02_masks.tif,217,13624,891.5391052,336.8114175,54.99513059,6.124386176,0.986579493,-63.69281271,2267.336392,2931.737375,3493,0.25638579,187.0981903,178.3183441,135.5170288
28488,B-20-1-02_masks.tif,218,5334,529.1543289,193.5748947,36.14957448,5.354831903,0.982407998,49.93301004,1653.499813,2910.67679,5027,0.942444694,194.9011383,185.8766632,158.5924072
28489,B-20-1-02_masks.tif,219,14417,855.1959595,306.8968107,61.41265404,4.997289492,0.979773748,60.12189187,2538.05001,2938.415135,102,0.007074981,222.5490265,224.7548981,214.0882416
28490,B-20-1-02_masks.tif,220,5789,519.7401154,180.3380025,44.20974385,4.079146061,0.969485326,45.89845494,1632.908102,2939.257903,1460,0.252202453,200.1376648,182.9260254,159.7342529
28491,B-20-1-02_masks.tif,221,8345,668.2253967,250.1343911,44.99436008,5.559238773,0.983688425,37.93440307,1754.019652,2963.809107,5943,0.712162972,200.3028717,191.2552643,168.8707733
28492,B-20-1-02_masks.tif,222,16711,1001.355339,404.0789912,54.10668891,7.468189226,0.990994677,5.872550011,1200.836575,3066.153552,6455,0.386272515,197.0800934,189.3158722,156.0875244
28493,B-20-1-02_masks.tif,223,7185,489.8406204,177.9085473,52.46335983,3.391100911,0.955531366,34.09414253,1793.174252,2944.767154,5389,0.750034795,196.9246674,190.4796753,158.6520691
28494,B-20-1-02_masks.tif,224,18586,1076.710678,405.2735958,72.75415056,5.57045327,0.983754578,-77.13475488,3112.888949,2980.427203,7711,0.414882169,187.1971283,178.0670471,132.8171387
28495,B-20-1-02_masks.tif,225,10188,778.6101731,301.8185044,46.86549729,6.440100325,0.987870957,-41.35882723,1354.356596,3012.793483,9173,0.900372988,199.3307495,190.1138153,158.2476807
28496,B-20-1-02_masks.tif,226,4030,380.3847763,149.2377472,37.32305825,3.998540157,0.968222265,-82.41140458,3588.501737,2933.200993,3697,0.917369727,189.6767578,183.6148224,158.3140411
28497,B-20-1-02_masks.tif,227,7547,523.3553391,193.6548158,51.2415487,3.779253763,0.964357567,-69.92318739,3912.259308,2968.583808,6100,0.808268186,187.2677002,175.2403259,122.4755707
28498,B-20-1-02_masks.tif,228,14634,1047.012193,436.5507121,51.28494345,8.512258818,0.993075529,4.86344204,2029.070521,3176.465423,4898,0.334700014,189.475708,180.5886078,144.1459808
28499,B-20-1-02_masks.tif,229,6898,487.2132034,196.0200062,46.87160175,4.182063314,0.970990906,-85.4609841,3594.210061,2976.439693,6062,0.878805451,198.92099,191.5823212,158.1120148
28500,B-20-1-02_masks.tif,230,6049,591.9827561,229.2094931,39.28024639,5.835235625,0.985206274,-39.76220794,1375.424698,3054.276244,5721,0.945776161,206.6028595,198.4906464,162.1688538
28501,B-20-1-02_masks.tif,231,5302,367.4558441,125.8118334,55.00578859,2.287247153,0.899361005,71.42743713,3524.779329,3022.015843,4682,0.883062995,197.2317352,187.6668091,147.4258881
28502,B-20-1-02_masks.tif,232,18544,1075.497475,450.1521916,54.13388659,8.315534316,0.992742811,-79.54777624,2595.438309,3056.757118,6603,0.356072045,192.9563904,184.7325439,154.0941925
28503,B-20-1-02_masks.tif,233,5764,409.1126984,148.3463942,50.24388378,2.952526418,0.940896944,63.03672334,1721.136884,3049.638793,4922,0.853920888,188.7344513,181.3394928,146.5109711
28504,B-20-1-02_masks.tif,234,6762,479.8406204,165.7497402,52.66726524,3.147111198,0.948173952,54.90280655,1682.901065,3083.023366,4893,0.723602484,195.9644318,188.1213989,148.9284668
28505,B-20-1-02_masks.tif,235,7922,619.8406204,241.198649,43.9459949,5.488524028,0.983261798,69.05266806,3552.638223,3086.764201,6779,0.855718253,195.5192566,186.3254242,155.5313416
28506,B-20-1-02_masks.tif,236,4250,335.4558441,116.4480699,47.90636067,2.430743398,0.911456358,-47.24123211,1403.64,3136.612235,3377,0.794588235,200.8723755,193.5042877,156.8768158
28507,B-20-1-02_masks.tif,237,12745,788.8700577,333.114097,53.12664549,6.270188789,0.987200379,89.83407348,1484.421969,3199.255551,7844,0.615457042,197.2276917,189.925415,146.8484192
28508,B-20-1-02_masks.tif,238,13254,758.5685425,285.7966977,63.57757427,4.495243818,0.974942424,67.44771675,3694.028444,3277.722423,6582,0.496604799,185.4677887,177.0979919,140.0732269
28509,B-20-1-02_masks.tif,239,17974,1193.154329,473.4301675,56.86692855,8.325228382,0.992759764,-78.21096069,1486.064705,3261.896517,7824,0.435295427,194.2854004,186.1223145,149.6674347
28510,B-20-1-02_masks.tif,240,14798,977.1959595,379.0577921,60.89770793,6.224500149,0.987010547,-65.40779768,3398.634748,3330.461076,10409,0.703405866,201.7548218,193.3476868,156.5778656
28511,B-20-1-02_masks.tif,241,12614,809.3969696,312.2922963,52.00208383,6.005380426,0.986038526,-68.42154978,3424.556049,3365.168147,7160,0.567623276,198.9279327,187.2670441,155.8562775
28512,B-20-1-02_masks.tif,242,14425,842.2670273,309.0072726,61.18224721,5.050603511,0.9802028,53.3982357,2358.722149,3423.499965,7342,0.50897747,195.105423,188.5328217,165.8219757
28513,B-20-1-02_masks.tif,243,7798,505.6984848,197.9619363,50.92039157,3.887675059,0.966352034,-73.90263048,3661.010259,3382.982688,7089,0.909079251,198.2959442,189.477356,153.22612
28514,B-20-1-02_masks.tif,244,9802,643.9411255,245.0673071,53.82035345,4.553431766,0.975586714,-75.30762738,3668.143542,3428.079372,7313,0.74607223,203.2204285,194.0356903,150.4031219
28515,B-20-1-02_masks.tif,245,12192,792.9533188,290.0959361,56.04053017,5.176538039,0.981163471,56.42965427,2336.222523,3476.734088,5477,0.449229003,189.9970856,182.0295715,155.9567261
28516,B-20-1-03_masks.tif,1,6196,487.2132034,192.2948068,42.12148942,4.565242338,0.975714438,83.09989767,2506.301323,21.03631375,1678,0.270819884,190.9982147,190.5470734,136.1299133
28517,B-20-1-03_masks.tif,2,9538,774.4680374,288.4807239,46.89689791,6.151381792,0.98669782,-60.76932068,461.4738939,75.71587335,5725,0.600230656,198.2169495,195.5554657,138.2758026
28518,B-20-1-03_masks.tif,3,10201,758.9116882,288.2473776,55.93438521,5.1533127,0.980991653,-20.86937786,3166.904617,121.0089207,4371,0.428487403,206.3717651,199.3784027,154.9860382
28519,B-20-1-03_masks.tif,4,8503,758.3259018,288.447885,40.94792789,7.044260843,0.989872462,-21.66630817,3198.657062,137.7427967,187,0.021992238,226.6256714,209.77005,212.0213928
28520,B-20-1-03_masks.tif,5,7961,652.4264069,262.9214745,39.66774225,6.628092742,0.988553159,-20.14443589,3284.895239,140.0515011,6518,0.818741364,208.5676575,202.2258301,160.8323059
28521,B-20-1-03_masks.tif,6,7603,603.9827561,208.6718761,49.35525719,4.227956412,0.971626405,-46.08589141,721.6013416,118.5616204,4870,0.64053663,197.828125,192.0944519,124.8123169
28522,B-20-1-03_masks.tif,7,8460,589.0121933,225.9531574,50.87327624,4.441490192,0.974324192,-19.84999045,3247.789007,132.8781324,5652,0.668085106,202.9762878,195.5955353,160.5564423
28523,B-20-1-03_masks.tif,8,6557,540.0832611,212.7377552,41.03122057,5.184777647,0.981223866,-57.52547248,507.6746988,103.069849,5844,0.891261248,203.821701,197.685318,143.755127
28524,B-20-1-03_masks.tif,9,5587,503.9411255,189.9622874,41.84528364,4.53963436,0.975436218,-72.79575949,854.4961518,141.4301056,5326,0.95328441,193.1186676,189.8931732,146.9898682
28525,B-20-1-03_masks.tif,10,11842,741.6396103,263.7382155,59.4921059,4.433163215,0.974226369,-60.10878797,443.8265496,205.8133761,5566,0.470021956,193.8221283,187.0668335,139.630249
28526,B-20-1-03_masks.tif,11,8611,603.7401154,225.0838696,49.78893895,4.520760522,0.975228076,-60.35422812,476.081872,246.1444664,7524,0.873766113,194.8904877,190.6493835,127.193779
28527,B-20-1-03_masks.tif,12,8062,696.9533188,275.4762161,42.28504893,6.514742753,0.988148958,-44.3502855,2935.716572,297.3635574,7352,0.911932523,203.3498383,197.6764221,136.1183319
28528,B-20-1-03_masks.tif,13,4013,392.3847763,167.2686197,32.36022338,5.168957512,0.981107649,-82.62051905,861.3797658,272.0862198,4013,1,191.2003479,192.0159454,156.1405487
28529,B-20-1-03_masks.tif,14,3744,320.8700577,112.0123096,44.12593168,2.538468998,0.919136914,-40.7470078,2973.329861,331.9278846,3201,0.854967949,203.1658783,197.8266144,136.139328
28530,B-20-1-03_masks.tif,15,7634,560.627417,234.062483,44.24229864,5.290468402,0.981973396,83.9452316,3138.543097,380.8073094,5236,0.685878963,190.6934662,185.9621887,138.3221893
28531,B-20-1-03_masks.tif,16,14160,1191.764502,441.9995924,42.275947,10.45510802,0.995415313,43.86226179,4110.647034,514.477048,5070,0.358050847,189.9629211,187.6143951,137.7240601
28532,B-20-1-03_masks.tif,17,4945,389.5563492,169.3953967,38.13547324,4.441937711,0.974329434,-83.04443314,3161.097472,431.4325581,4267,0.86289181,205.0257721,200.7689209,136.656662
28533,B-20-1-03_masks.tif,18,11137,820.2670273,308.8425734,49.63776662,6.221927263,0.986999731,-52.21344205,1153.706564,529.1492323,5561,0.499326569,195.1032257,185.0595245,104.6561737
28534,B-20-1-03_masks.tif,19,8188,581.6984848,239.3309974,45.12764162,5.303423552,0.982062162,-78.36008179,2896.800684,488.6867367,7287,0.889960918,202.9331665,194.7340393,133.952652
28535,B-20-1-03_masks.tif,20,13338,939.3969696,383.4611826,48.65567766,7.881118938,0.991917366,74.31264362,3486.51297,517.125806,4680,0.350877193,195.472229,194.281189,148.2792664
28536,B-20-1-03_masks.tif,21,9966,789.882251,271.6652205,49.44831685,5.493922499,0.983294956,61.26280873,3833.125125,522.2799518,5798,0.581778045,191.8639221,191.7233582,146.9465332
28537,B-20-1-03_masks.tif,22,10195,721.6396103,274.1395621,51.79176806,5.293110709,0.981991554,59.60092781,5344.875527,537.116822,6265,0.61451692,191.2842712,194.16185,133.2113342
28538,B-20-1-03_masks.tif,23,14257,871.0538239,328.3901702,62.02906026,5.294134215,0.98199858,66.38188365,3799.21379,562.4972996,7948,0.557480536,188.7423248,185.4516907,143.6417999
28539,B-20-1-03_masks.tif,24,12890,880.4264069,345.2065145,50.31282743,6.861202842,0.989321889,-80.53182224,4994.268115,513.8743988,7892,0.612257564,195.7709045,190.8468018,136.7667236
28540,B-20-1-03_masks.tif,25,9779,760.0832611,293.2355319,44.25654444,6.625811743,0.988545231,-71.62030846,2883.56335,538.2844872,6835,0.698946723,204.4122925,198.1287537,135.0462341
28541,B-20-1-03_masks.tif,26,9753,739.4558441,308.5080703,42.04238337,7.338025239,0.990670849,-84.09209472,2502.586589,549.9719061,5528,0.566799959,188.9126282,185.3172913,137.5557098
28542,B-20-1-03_masks.tif,27,7720,583.1126984,232.4305937,43.61139412,5.329584122,0.982239416,76.64314763,3500.933679,558.0707254,5028,0.651295337,194.7193756,193.0455475,144.5855255
28543,B-20-1-03_masks.tif,28,7272,524.1837662,198.7274094,47.66363904,4.169371314,0.970811364,-68.26169061,5046.065044,572.2270352,5379,0.739686469,201.0933228,198.3489532,143.6778259
28544,B-20-1-03_masks.tif,29,11593,946.1248917,354.4061835,57.49942878,6.16364703,0.986751063,67.70092728,2277.217114,627.1585439,5723,0.493659967,200.1826019,196.6313171,157.1023865
28545,B-20-1-03_masks.tif,30,10528,790.9116882,319.4144394,42.69947796,7.480523291,0.991024484,72.21677562,2328.390008,609.0444529,7111,0.67543693,198.2024994,193.3043213,160.2961578
28546,B-20-1-03_masks.tif,31,9121,778.0243866,278.0976164,44.59673341,6.235829289,0.987058011,-44.09195429,347.9960531,661.7989256,147,0.016116654,217.4625854,204.7346954,200.2857208
28547,B-20-1-03_masks.tif,32,17240,951.9411255,432.5628835,52.44258996,8.248312751,0.992623599,6.349209479,2535.019432,778.1708817,6406,0.371577726,192.3955688,183.7368164,117.4161758
28548,B-20-1-03_masks.tif,33,10194,746.0243866,279.7784847,48.00911848,5.827611369,0.985167248,-42.54657835,387.1324308,681.2747695,5755,0.564547773,199.7596893,192.8225861,150.8505707
28549,B-20-1-03_masks.tif,34,7909,658.1837662,249.0522357,43.68331895,5.701312118,0.984497569,76.01733484,4095.719686,635.4829941,6268,0.792514856,198.3787537,192.0333405,146.5853577
28550,B-20-1-03_masks.tif,35,12206,1090.208153,389.3232276,42.318272,9.199884805,0.994074926,39.71743422,3595.808619,767.0186793,5432,0.445027036,189.2442932,186.2899475,148.8696594
28551,B-20-1-03_masks.tif,36,12354,1000.651804,348.1376532,50.80946371,6.851826958,0.989292488,40.72267773,3633.854298,752.4749069,8288,0.67087583,195.5955658,193.3186493,159.3184052
28552,B-20-1-03_masks.tif,37,8540,711.9411255,271.4574326,42.61361526,6.370204241,0.987601649,81.26698013,3986.262178,655.3587822,6766,0.792271663,203.33461,199.7784576,155.5427094
28553,B-20-1-03_masks.tif,38,7865,773.0954544,300.5880915,35.54784537,8.455873719,0.992982547,-41.88951739,405.46459,733.4438652,0,0,,,
28554,B-20-1-03_masks.tif,39,9015,796.2670273,287.0214062,48.43261257,5.92620119,0.985660227,-42.80552355,430.765391,752.7576262,0,0,,,
28555,B-20-1-03_masks.tif,40,7390,518.0416306,210.3677504,46.81002234,4.494074983,0.974929221,-5.828556115,560.0889039,745.794452,5863,0.793369418,199.0492859,188.042984,151.8681488
28556,B-20-1-03_masks.tif,41,8209,607.4558441,264.9771309,43.26419254,6.12462906,0.986580565,-7.830335288,593.0985504,778.6269948,6795,0.82775003,196.27034,187.3885193,147.5748291
28557,B-20-1-03_masks.tif,42,12380,996.0660172,368.603806,45.53346185,8.095229114,0.992340894,-38.2482972,1891.257351,821.9828756,9427,0.761470113,207.1930695,197.3733978,152.5508575
28558,B-20-1-03_masks.tif,43,6284,475.7989899,209.0251799,41.05683831,5.091117302,0.980519746,-81.95413364,4025.667887,711.2048059,5690,0.90547422,197.8209076,193.3451691,140.2922668
28559,B-20-1-03_masks.tif,44,19948,1041.455844,463.747165,55.75944891,8.316925185,0.992745247,1.118735098,4539.047223,929.6012132,7086,0.355223581,192.6636963,183.9957733,118.1659622
28560,B-20-1-03_masks.tif,45,14129,914.1248917,350.4297314,54.92632727,6.379995692,0.987639913,-66.45981489,1740.576615,766.2347654,7223,0.511218062,198.347641,193.2994537,136.7964783
28561,B-20-1-03_masks.tif,46,11026,816.509668,293.7403618,49.17927786,5.972848212,0.985884932,-46.03358611,1821.707691,833.2818792,8007,0.726192636,207.0189819,201.0651855,155.1253967
28562,B-20-1-03_masks.tif,47,9820,640.3259018,229.2293566,56.94765173,4.025264425,0.968649625,-64.3297025,3858.297047,806.8141548,8098,0.824643585,210.6396637,201.3839264,140.359848
28563,B-20-1-03_masks.tif,48,12846,1028.651804,354.2583686,54.00468513,6.559771023,0.988312057,36.30602853,1586.536821,935.8052312,6775,0.527401526,189.2063446,182.5930634,147.5136566
28564,B-20-1-03_masks.tif,49,6890,489.254834,171.4123955,53.66942397,3.193855696,0.949719774,-31.86259261,4153.075036,850.6018868,4430,0.642960813,202.5859985,196.1011353,137.1444702
28565,B-20-1-03_masks.tif,50,5652,460.1837662,170.1978967,43.33088206,3.927865962,0.967048776,-61.05371894,3875.575548,846.5759023,1625,0.287508846,198.1864624,188.4726105,155.2603149
28566,B-20-1-03_masks.tif,51,11809,892.509668,314.02431,50.22144174,6.25279361,0.987128598,-56.0089783,1912.946481,890.3587095,7340,0.621559827,209.1766968,200.7258911,166.6895142
28567,B-20-1-03_masks.tif,52,5868,508.0832611,183.1918711,43.76847939,4.185474881,0.971038882,-34.61076175,396.8692911,898.1196319,5199,0.88599182,203.0982819,196.8894043,158.2746735
28568,B-20-1-03_masks.tif,53,3413,352.5269119,126.4791633,35.58685847,3.55409746,0.959600709,-48.73875243,3986.573689,858.7834749,3010,0.881922063,198.4086304,190.2425232,140.665451
28569,B-20-1-03_masks.tif,54,6630,511.5979797,193.7721722,44.50060654,4.354371485,0.973272273,-22.50403014,596.0244344,911.1788839,5753,0.867722474,199.1188965,190.0670929,150.6540985
28570,B-20-1-03_masks.tif,55,14443,1259.279221,464.4750032,42.17594273,11.01279481,0.995868832,-57.62818016,1911.082601,941.9300007,8823,0.610884165,201.6216736,196.5781555,154.5404053
28571,B-20-1-03_masks.tif,56,7934,574.0832611,221.744722,47.86023436,4.633172508,0.976429888,-61.28404816,3891.77754,882.3643811,1889,0.238089236,222.7019653,208.1074677,157.0074158
28572,B-20-1-03_masks.tif,57,5395,522.4264069,202.6127693,38.07113791,5.321952019,0.982187977,-26.29770107,475.5208526,927.2639481,4574,0.847822057,195.9888458,186.8567963,144.667038
28573,B-20-1-03_masks.tif,58,20867,1286.592929,472.3494903,60.18685259,7.848051026,0.991848829,52.45625706,4744.221929,983.885513,11572,0.554559831,197.3472137,187.881958,145.0045776
28574,B-20-1-03_masks.tif,59,7459,585.4974747,220.7608196,44.30094288,4.983208151,0.979658089,-25.71474154,616.0455825,971.4074273,7011,0.93993833,204.6656647,198.2237854,150.5191803
28575,B-20-1-03_masks.tif,60,3614,322.8700577,114.8731634,41.65636441,2.75763776,0.931933504,-59.83045635,3891.034034,927.9144992,2195,0.607360266,203.4091187,192.3093414,138.2478333
28576,B-20-1-03_masks.tif,61,15548,1039.722871,386.7962575,55.80509227,6.931200034,0.989537608,49.36730697,4717.575894,1030.44205,8893,0.571970671,191.8830566,184.9988708,140.4449615
28577,B-20-1-03_masks.tif,62,9653,666.7695526,272.2263651,47.57752864,5.721742445,0.984608943,14.03356006,3433.094271,1037.454367,5968,0.618253393,193.7625732,188.5542908,132.9188995
28578,B-20-1-03_masks.tif,63,3625,335.4558441,103.4776804,48.27693723,2.1434185,0.884497755,-57.63705179,36.98344828,949.3768276,3096,0.854068966,188.2157593,180.7732544,142.5568542
28579,B-20-1-03_masks.tif,64,5659,416.1837662,145.2022113,52.90527963,2.744569395,0.931259788,-46.08089446,44.36331507,1000.255345,4371,0.77239795,190.5822449,180.6696472,120.1770782
28580,B-20-1-03_masks.tif,65,10642,800.6101731,288.4541578,50.63040173,5.697252005,0.984475292,-56.34840474,2111.445217,1023.954896,8006,0.752302199,199.6325226,193.1716156,143.3297577
28581,B-20-1-03_masks.tif,66,8396,785.9827561,290.6769824,39.79992299,7.303455899,0.990581904,-67.05116884,5164.581467,1017.543711,6317,0.752382087,203.4267883,197.4422913,156.3905334
28582,B-20-1-03_masks.tif,67,11450,797.6396103,300.0522801,51.75900098,5.797103391,0.985009528,-63.87898167,1939.266463,1023.120437,5711,0.498777293,199.3778687,196.6876221,153.7345428
28583,B-20-1-03_masks.tif,68,11760,635.6984848,263.6384695,57.59402633,4.577531496,0.975846272,-80.14320511,4209.692007,996.149915,5979,0.508418367,191.5002441,184.2806549,121.6051178
28584,B-20-1-03_masks.tif,69,7857,654.2253967,245.1411123,43.20233855,5.67425562,0.984348199,-59.12192509,2139.407407,1061.491536,3006,0.382588774,221.4254761,212.0179596,174.0405884
28585,B-20-1-03_masks.tif,70,7327,587.8406204,227.6943345,43.08106015,5.285253745,0.981937479,-66.40925246,5170.581002,1051.773168,6145,0.838678859,215.5856781,208.6750183,169.1357269
28586,B-20-1-03_masks.tif,71,10534,867.1959595,329.1884784,42.7793323,7.695035445,0.991520035,-59.11610378,5175.400513,1095.87697,9035,0.85769888,202.4056396,194.8164978,155.9048157
28587,B-20-1-03_masks.tif,72,10364,770.7106781,273.7333419,49.73280127,5.504080504,0.98335708,-58.62008808,2998.304805,1105.679371,7909,0.763122347,204.9407043,200.0720673,153.9365234
28588,B-20-1-03_masks.tif,73,5314,457.254834,155.7234104,45.56716055,3.417448191,0.956230035,-52.45670929,2173.917012,1085.753481,4829,0.908731652,199.2878418,186.1847229,134.811554
28589,B-20-1-03_masks.tif,74,11390,904.509668,309.3794066,58.32478551,5.30442425,0.982068991,36.94692938,242.9680421,1158.226778,8297,0.728446005,185.7379761,179.2881775,140.70784
28590,B-20-1-03_masks.tif,75,9368,842.8528137,315.9661989,41.7547488,7.567191947,0.991229808,-53.9802247,2160.711892,1138.386315,6828,0.728864219,208.6654968,202.2722626,149.4396667
28591,B-20-1-03_masks.tif,76,6467,572.5685425,211.0939558,42.50033271,4.966877724,0.979522706,-35.48958885,3570.905675,1119.686563,5493,0.849389207,201.7245636,191.2292023,142.5345001
28592,B-20-1-03_masks.tif,77,19079,1242.208153,451.1660728,77.99830265,5.784306292,0.984942618,50.29053255,1645.964935,1170.310918,7792,0.408407149,186.5270844,181.6243591,143.5249023
28593,B-20-1-03_masks.tif,78,10211,744.2253967,287.7583886,47.39950539,6.070915428,0.986340401,-62.7727803,5221.262658,1117.967976,4632,0.45362844,207.6062164,201.9056549,162.2841034
28594,B-20-1-03_masks.tif,79,8278,599.0121933,228.0622067,49.67216775,4.591347974,0.975993208,18.86541098,196.7969316,1186.895869,3818,0.461222518,180.7750092,170.2747498,140.8630219
28595,B-20-1-03_masks.tif,80,4208,351.9411255,118.7001479,45.88296296,2.587020111,0.922270497,-44.59233468,3609.525428,1130.835551,3271,0.777328897,208.7364655,201.1302338,153.3806152
28596,B-20-1-03_masks.tif,81,8755,552.627417,230.8769921,49.98119203,4.619277426,0.976286149,7.973803645,3712.088864,1207.730668,7415,0.846944603,198.7523956,191.3344574,141.8513794
28597,B-20-1-03_masks.tif,82,9099,653.9411255,260.4476098,45.83997423,5.681670073,0.984389346,12.40599139,160.5861084,1228.293988,4362,0.47939334,200.8204956,192.9073792,159.561676
28598,B-20-1-03_masks.tif,83,17222,1039.823376,386.2712654,64.13178361,6.023086271,0.986121066,33.67842051,3168.329288,1282.578446,8645,0.501974219,189.5177612,185.8912659,138.3592834
28599,B-20-1-03_masks.tif,84,6587,530.0416306,234.3453958,38.99873428,6.009051323,0.986055699,7.711671853,3677.491574,1229.891149,5495,0.834218916,201.359787,193.0917206,158.0988159
28600,B-20-1-03_masks.tif,85,6320,447.5563492,190.5154238,44.2004493,4.310259892,0.972714695,-1.113649764,111.1867089,1218.543829,4428,0.700632911,203.6628265,196.7276459,156.70755
28601,B-20-1-03_masks.tif,86,11167,821.4386002,280.9302841,53.03280487,5.297292588,0.982020236,49.76318883,456.84096,1215.167816,8949,0.801379063,193.5914612,188.1765594,152.2556763
28602,B-20-1-03_masks.tif,87,5693,424.3847763,172.9282595,43.32868935,3.991079863,0.968101395,-84.5808735,3346.734235,1156.748814,5173,0.908659758,200.0601196,196.1326141,146.0614777
28603,B-20-1-03_masks.tif,88,8897,632.2253967,233.9547418,49.17916285,4.75719244,0.977656682,-53.22010201,2901.792402,1221.768012,7680,0.863212319,203.9555969,197.1604156,160.0445251
28604,B-20-1-03_masks.tif,89,4938,416.1837662,151.6554936,42.25340456,3.589189917,0.960403048,-54.50168012,4833.978129,1203.528757,4530,0.917375456,204.4971313,198.1366425,150.924057
28605,B-20-1-03_masks.tif,90,10046,668.7695526,265.6376098,50.26654765,5.284580346,0.981932833,-77.14895924,5256.661855,1193.635676,7353,0.731933108,197.0892181,192.6183929,140.3829803
28606,B-20-1-03_masks.tif,91,11515,788.0243866,287.3610354,52.35823417,5.488363769,0.983260812,48.13135206,442.915241,1267.356752,8178,0.710204082,195.1065063,186.6329193,154.4429016
28607,B-20-1-03_masks.tif,92,8907,655.3969696,250.4855397,47.36686109,5.288202214,0.9819578,30.59127573,972.6582463,1268.468957,7002,0.786123274,186.6520996,179.6116791,138.8527527
28608,B-20-1-03_masks.tif,93,8335,739.5391052,268.5548644,41.48594907,6.473393292,0.987996152,-55.54756689,2945.621236,1239.089022,3118,0.374085183,213.9515686,206.1209106,151.8386841
28609,B-20-1-03_masks.tif,94,2553,239.5563492,72.35337705,46.95546082,1.54089377,0.760810582,-33.32883759,3589.847239,1199.163337,2553,1,204.4813995,194.5323181,148.7085724
28610,B-20-1-03_masks.tif,95,5049,356.627417,126.8583264,51.68088934,2.454646738,0.913254018,-13.53525309,3626.178649,1228.02852,4390,0.869479105,201.1886139,191.8943024,147.0245972
28611,B-20-1-03_masks.tif,96,14122,778.6101731,267.4656981,70.96324875,3.769073469,0.964161183,43.3932188,3276.955106,1276.727305,7598,0.538025775,192.6738586,184.4412994,141.1917572
28612,B-20-1-03_masks.tif,97,5752,458.4264069,171.5286826,44.34358463,3.868173583,0.966005922,-56.6749374,4849.097705,1239.034944,4942,0.859179416,202.4753113,196.8134308,153.2824707
28613,B-20-1-03_masks.tif,98,13036,851.0954544,311.8804135,56.12687836,5.556703358,0.983673413,41.15859253,3394.967168,1323.981359,10460,0.802393372,197.5132904,194.7206573,146.9084167
28614,B-20-1-03_masks.tif,99,7145,528.3259018,193.9132385,49.00714798,3.956835819,0.967537579,-38.92727319,4907.688733,1293.245766,5701,0.79790063,197.670578,191.1804962,143.3311768
28615,B-20-1-03_masks.tif,100,7670,569.1126984,228.7013008,44.64290972,5.122903105,0.980763096,-77.13713534,5247.294654,1250.012386,6540,0.852672751,194.0295105,188.2675781,136.3741608
28616,B-20-1-03_masks.tif,101,1817,187.3137085,49.56651317,48.13343422,1.029773046,0.238722775,30.10161784,3566.494221,1244.904238,1557,0.85690699,202.7957611,196.6101532,137.0578003
28617,B-20-1-03_masks.tif,102,5300,432.8700577,169.6933178,41.55346937,4.083734051,0.969554928,-77.82665331,3842.304906,1271.582264,5079,0.958301887,205.6404877,201.16362,156.4646606
28618,B-20-1-03_masks.tif,103,11252,729.0538239,266.0441306,59.80223239,4.44873243,0.974408818,58.73270581,2695.880555,1337.238802,9185,0.816299325,197.92836,190.0252533,146.079361
28619,B-20-1-03_masks.tif,104,3735,301.2132034,103.0672375,47.050505,2.190566021,0.889721863,-78.27068449,3541.873896,1308.041767,2536,0.678982597,198.957016,194.1774445,143.0812378
28620,B-20-1-03_masks.tif,105,8174,698.4680374,259.2121484,41.63389232,6.225988827,0.987016799,58.62715784,2660.387081,1362.440054,4962,0.607046734,190.7335815,187.1336212,151.4701691
28621,B-20-1-03_masks.tif,106,5512,400.0416306,155.7858824,46.75817496,3.331735734,0.95389395,-78.00671909,3841.927612,1315.778302,4843,0.878628447,208.7348785,203.6803589,155.6188354
28622,B-20-1-03_masks.tif,107,5068,455.8406204,169.98975,41.3186192,4.114119814,0.970009914,-51.44377503,3579.870363,1348.034728,4796,0.946329913,209.6351166,201.1505432,146.5181427
28623,B-20-1-03_masks.tif,108,9885,799.4386002,276.4906412,46.65356825,5.926462896,0.985661503,-43.45640209,552.4177036,1411.169449,7132,0.721497218,196.6092224,190.8804016,137.7146606
28624,B-20-1-03_masks.tif,109,14354,873.0538239,339.8903304,56.6397936,6.000910469,0.986017571,67.90918552,3075.236101,1359.001602,9359,0.652013376,193.4178925,189.1551514,138.8559723
28625,B-20-1-03_masks.tif,110,10630,642.0832611,244.9982603,56.06338327,4.370022749,0.973465986,22.75846696,4107.092192,1411.738194,7855,0.738946378,193.0609741,185.9770813,140.2851715
28626,B-20-1-03_masks.tif,111,6170,468.4264069,170.5828572,46.82265473,3.643169277,0.961591015,-53.67786211,3987.369692,1354.37812,5315,0.861426256,206.7285004,198.9904022,145.6062164
28627,B-20-1-03_masks.tif,112,12324,831.1126984,341.1415179,47.37214009,7.201311092,0.990311517,-4.871338513,670.6576599,1484.289516,6634,0.538299253,189.5440216,178.8043365,144.9362335
28628,B-20-1-03_masks.tif,113,6139,507.254834,193.8275482,41.94145965,4.621382991,0.976308015,-56.51227516,3596.808764,1379.360319,5340,0.86984851,207.9895172,201.0215302,147.7773438
28629,B-20-1-03_masks.tif,114,6906,534.4264069,205.401655,43.71604606,4.698541463,0.977088807,-61.4442712,3795.283956,1395.652042,6373,0.922820736,209.2039795,201.0654297,142.8095093
28630,B-20-1-03_masks.tif,115,6669,497.8406204,187.4817982,47.36787843,3.957994414,0.9675569,-59.85536476,3815.842705,1428.630079,6135,0.919928025,204.9147491,195.5921783,145.6650391
28631,B-20-1-03_masks.tif,116,4738,454.9116882,167.3635529,38.69505583,4.32519218,0.972905389,-46.92033331,3968.081469,1425.634867,4264,0.899957788,204.9552002,196.7502289,145.4976501
28632,B-20-1-03_masks.tif,117,9640,789.0954544,290.2870299,43.60760608,6.656798115,0.988652234,41.19755658,3468.294295,1517.399274,6991,0.725207469,201.8246307,195.0626526,155.423111
28633,B-20-1-03_masks.tif,118,16844,1110.308658,389.6352097,57.008494,6.834686945,0.989238423,54.92188299,3402.521373,1539.207136,12189,0.723640465,197.3343201,187.4335022,149.4508972
28634,B-20-1-03_masks.tif,119,6541,537.3553391,220.7985554,39.55825646,5.581604833,0.983819961,-73.08301876,912.0421954,1473.368445,5583,0.853539214,197.9143829,195.2801361,140.3997803
28635,B-20-1-03_masks.tif,120,11134,726.627417,323.5110277,45.73693091,7.073299875,0.989955868,-0.645794618,3178.413867,1594.509431,6914,0.62098078,199.5597382,192.6564941,146.3621674
28636,B-20-1-03_masks.tif,121,7101,498.0832611,178.0670435,52.10416129,3.41752058,0.956231932,43.04331244,3524.19462,1515.799465,5616,0.790874525,196.6468964,190.6435242,142.6499329
28637,B-20-1-03_masks.tif,122,5349,487.4974747,179.5974486,39.66113691,4.528298042,0.975311517,-49.64534885,3757.929706,1513.399327,4986,0.932136848,210.4779358,201.8630219,149.7619324
28638,B-20-1-03_masks.tif,123,6403,498.0832611,180.6989542,46.14970637,3.915495209,0.966836656,-40.08384845,3785.66953,1543.166797,6032,0.94205841,210.0248718,201.5608368,163.184021
28639,B-20-1-03_masks.tif,124,12351,809.6984848,346.715045,49.1988352,7.047220602,0.98988101,-2.149381967,3133.665695,1650.25253,5252,0.425228726,199.1367035,189.2825623,146.5605469
28640,B-20-1-03_masks.tif,125,13286,701.1126984,298.5173697,58.43076854,5.108907125,0.980656511,81.94701786,4317.975914,1536.938206,6408,0.482312208,188.9562988,180.1632385,122.6764984
28641,B-20-1-03_masks.tif,126,8361,639.4974747,243.3804607,45.81090424,5.312718986,0.982125448,-65.96926291,820.6909461,1564.185863,7393,0.884224375,199.7209473,195.6073303,146.8704224
28642,B-20-1-03_masks.tif,127,10754,853.9827561,322.85401,51.26837855,6.297332178,0.987311189,-20.53791602,3774.281012,1669.349079,8453,0.786033104,203.7535858,192.8932953,153.7706146
28643,B-20-1-03_masks.tif,128,8858,602.2253967,217.8835062,52.32020487,4.164423797,0.970740923,-49.49934462,4062.066381,1592.800068,7343,0.828968164,200.5105591,193.0288696,145.8945923
28644,B-20-1-03_masks.tif,129,11772,747.6984848,335.8183314,50.23300374,6.685213036,0.988749042,-86.12135389,1194.557849,1573.734879,5997,0.509429154,191.1132202,187.7552185,140.4488983
28645,B-20-1-03_masks.tif,130,16963,1097.539105,429.9561997,51.50912809,8.34718458,0.992797941,70.86570836,2882.637505,1634.313152,5626,0.331663031,181.0791016,175.890686,144.5504761
28646,B-20-1-03_masks.tif,131,12358,679.3553391,273.5592817,59.55048712,4.593737095,0.976018479,-14.09802538,4136.630523,1668.83719,7308,0.591357825,201.1726837,193.2133331,135.5910034
28647,B-20-1-03_masks.tif,132,10168,702.9116882,271.895955,49.84823819,5.45447472,0.983050363,-19.54932598,3819.995083,1671.982002,7998,0.786585366,205.9991302,196.6662903,144.535141
28648,B-20-1-03_masks.tif,133,11420,962.6518036,358.1903358,42.82241942,8.364551574,0.992827924,51.85758284,1666.98634,1682.180473,4359,0.381698774,200.3526001,191.2002716,159.7205811
28649,B-20-1-03_masks.tif,134,14943,1090.551299,399.8370356,62.50196216,6.397191732,0.987706686,49.29401513,1733.371077,1690.061233,6510,0.435655491,194.8944702,188.7204285,168.6681976
28650,B-20-1-03_masks.tif,135,11606,720.4680374,269.6400254,55.95952354,4.818483223,0.978227765,-59.26310939,790.1014131,1659.593658,8235,0.709546786,201.583725,196.7624817,133.1301727
28651,B-20-1-03_masks.tif,136,7349,544.3847763,237.4950545,41.14836915,5.771675995,0.984876138,6.6644534,3649.312423,1712.71656,4261,0.579806776,197.165451,188.7559204,149.2332764
28652,B-20-1-03_masks.tif,137,8573,569.6984848,232.3010012,48.98322381,4.742460441,0.977516053,7.248887246,3688.912749,1722.331856,7772,0.906567129,203.3612976,196.3229523,149.9682159
28653,B-20-1-03_masks.tif,138,13588,866.6101731,320.7011308,56.92207131,5.634038315,0.984122139,-58.75975291,1040.30262,1712.227259,7846,0.577421254,196.6280975,190.1435089,132.6433868
28654,B-20-1-03_masks.tif,139,17006,943.1126984,399.5247691,58.90480424,6.782549815,0.989071422,-87.89596265,1974.895743,1678.24656,8857,0.520816183,191.5311127,185.1695862,139.1989441
28655,B-20-1-03_masks.tif,140,17172,932.0832611,384.8137597,58.66395595,6.55962854,0.988311546,-9.483363646,1367.153564,1863.276031,7876,0.458653622,194.4528961,184.0053253,135.8223724
28656,B-20-1-03_masks.tif,141,15719,1022.752309,382.8662644,57.93718013,6.608299947,0.988484087,28.47587102,3539.987086,1880.122845,11473,0.729881036,199.77565,191.1941986,157.5731659
28657,B-20-1-03_masks.tif,142,14864,936.7106781,363.2318321,60.74375263,5.97973975,0.985917681,24.04428627,3485.952166,1883.304427,9395,0.632064047,196.2521515,187.4478912,148.3186798
28658,B-20-1-03_masks.tif,143,22566,1283.580736,490.1156722,61.88440572,7.919857458,0.99199656,67.64463756,1723.048613,1805.498848,11533,0.511078614,193.5875244,185.4535675,140.9182281
28659,B-20-1-03_masks.tif,144,10051,761.882251,291.7164145,44.88443395,6.499278008,0.988092153,29.3164095,3611.229828,1832.850761,8215,0.817331609,195.3106537,188.4409027,151.2932434
28660,B-20-1-03_masks.tif,145,6276,525.9827561,179.5760697,46.17105716,3.88936448,0.966381768,-48.50110081,4319.017208,1781.337157,3960,0.630975143,211.4654083,203.2757568,149.4151459
28661,B-20-1-03_masks.tif,146,20950,1230.994949,459.6731149,65.98790906,6.966020313,0.989642487,65.62079536,1696.640095,1851.208353,7687,0.366921241,195.8721161,183.1168213,144.447113
28662,B-20-1-03_masks.tif,147,5974,532.6690476,200.7875392,40.67409453,4.936496843,0.979267205,30.63795845,3565.237195,1825.050887,4614,0.772346836,198.2095795,190.8227081,164.0210266
28663,B-20-1-03_masks.tif,148,12620,770.9533188,290.8115571,56.61934945,5.13625748,0.980863973,31.833253,686.5724247,1895.957924,8557,0.678050713,183.16185,173.2012329,128.1874542
28664,B-20-1-03_masks.tif,149,13271,908.0243866,339.4294191,59.51686807,5.703079313,0.984507251,30.03073832,623.314445,1940.628137,7903,0.595509005,188.6224213,179.7600861,140.4303436
28665,B-20-1-03_masks.tif,150,16541,1027.681241,371.7933303,58.93909744,6.308093378,0.987354722,26.28419479,2191.986942,2036.920803,11636,0.703464119,191.2806854,180.7574768,138.769165
28666,B-20-1-03_masks.tif,151,9345,610.7695526,241.1579558,50.66533594,4.759821509,0.97768164,-76.37521744,148.9966827,1901.936009,4048,0.43317282,190.5802917,185.7742157,135.9705963
28667,B-20-1-03_masks.tif,152,9225,845.7817459,310.9694092,44.94169691,6.919396252,0.989501693,-31.86754872,1441.210515,2023.846287,5404,0.585799458,200.2394562,191.1443329,140.2250214
28668,B-20-1-03_masks.tif,153,8279,631.0121933,243.8728446,44.14026421,5.524952081,0.98348364,-71.43598323,173.579901,1944.357048,6859,0.828481701,197.4719391,194.7060852,142.3805237
28669,B-20-1-03_masks.tif,154,7671,544.6690476,200.0756398,49.54197002,4.03850795,0.968858202,-28.12333469,4094.921132,2036.93143,5792,0.755051493,193.3858795,185.4248962,140.7807312
28670,B-20-1-03_masks.tif,155,8289,731.1543289,262.7172652,42.4217348,6.192987309,0.986877137,-67.62357623,4262.395223,2030.820485,6759,0.815418024,198.5076141,189.3721008,155.5093994
28671,B-20-1-03_masks.tif,156,10400,923.882251,325.8014843,45.46012963,7.166752207,0.990217391,-68.67253613,4298.056346,2059.294519,6379,0.613365385,205.4553986,197.7545013,157.6834869
28672,B-20-1-03_masks.tif,157,16613,973.6984848,446.6275463,49.62924686,8.999281161,0.993806998,3.250374247,1734.644194,2189.289352,5896,0.354902787,200.3768616,194.5842896,151.0832825
28673,B-20-1-03_masks.tif,158,9683,828.4680374,324.5655355,43.33456157,7.489761606,0.991046712,64.84005238,3121.83755,2056.662708,4917,0.50779717,189.8033295,182.516571,146.746994
28674,B-20-1-03_masks.tif,159,5797,461.1126984,172.5871489,47.99139897,3.59621,0.960560661,69.63366339,63.46506814,2059.721753,4450,0.767638434,183.6925812,177.5233765,132.9943848
28675,B-20-1-03_masks.tif,160,7237,490.7695526,181.0761023,54.1303582,3.345185739,0.954272829,26.27047153,846.8988531,2108.41274,5545,0.766201465,189.4066772,182.1054993,138.4331818
28676,B-20-1-03_masks.tif,161,7010,479.8406204,174.4979249,52.6081748,3.316935545,0.953471522,32.89634986,789.5271041,2118.675464,4890,0.697574893,200.1905975,186.6777039,154.6229095
28677,B-20-1-03_masks.tif,162,13384,866.0243866,328.8135452,54.74556061,6.006213865,0.986042427,56.7984171,4612.0065,2167.394725,7078,0.528840406,181.4472961,176.2137604,135.9409485
28678,B-20-1-03_masks.tif,163,7747,620.3259018,197.5765555,52.37361187,3.772444718,0.964226397,-31.97135174,1519.096424,2188.80031,3763,0.485736414,198.1482849,188.6537323,144.6383209
28679,B-20-1-03_masks.tif,164,6379,444.3847763,185.6552968,44.3680152,4.184439984,0.971024341,-86.23085052,3562.987772,2117.317448,4769,0.747609343,194.0614319,189.5024109,138.9064789
28680,B-20-1-03_masks.tif,165,10253,677.2964646,253.6120372,52.43675782,4.836531619,0.978391748,-38.59100889,3941.072662,2188.409344,5366,0.523359017,199.1015625,191.0126648,141.6369781
28681,B-20-1-03_masks.tif,166,4357,362.1421356,144.7949766,41.37712015,3.499397157,0.958300172,84.04304325,58.69405554,2122.03787,3647,0.837043838,184.367157,177.7233276,138.1954956
28682,B-20-1-03_masks.tif,167,9925,649.4558441,272.9482695,49.18672496,5.549226334,0.98362902,5.282138542,1695.851184,2223.369874,5406,0.544685139,198.857193,191.6921997,153.6699982
28683,B-20-1-03_masks.tif,168,6716,544.9705627,240.6230645,37.38300766,6.436696232,0.987858045,-86.02115327,3780.750744,2144.683294,6033,0.898302561,196.3638306,189.7384338,153.8944092
28684,B-20-1-03_masks.tif,169,3317,321.6984848,114.534204,37.98471118,3.015271157,0.943404212,-32.3890315,1592.853784,2176.430208,2492,0.751281278,205.7652435,196.7640381,157.8964691
28685,B-20-1-03_masks.tif,170,15509,977.8233765,354.0367162,61.79154685,5.729533152,0.984651096,-40.03633059,1574.625701,2268.978915,7788,0.502160036,201.3918915,190.6815643,141.4084473
28686,B-20-1-03_masks.tif,171,4722,382.1837662,127.5350215,49.85156515,2.558295233,0.920439396,-50.30117304,4032.147183,2182.143795,4399,0.931596781,196.7692719,186.8029022,135.3359833
28687,B-20-1-03_masks.tif,172,9184,729.2964646,269.3565181,44.65145911,6.032423652,0.986164299,58.15790578,2680.644164,2225.999456,6402,0.697081882,198.5724792,193.413147,169.261322
28688,B-20-1-03_masks.tif,173,5776,510.9705627,219.7167889,35.27594436,6.228516143,0.987027402,-86.57135735,100.2290512,2173.898373,5036,0.871883657,182.1368103,173.8125458,133.9815369
28689,B-20-1-03_masks.tif,174,4956,444.3847763,196.7249981,34.04451498,5.778463819,0.984911921,-87.13734742,3776.452179,2182.261501,3658,0.738095238,192.9338379,183.1771393,154.036911
28690,B-20-1-03_masks.tif,175,4670,480.3847763,216.7446063,30.1278223,7.194167709,0.990292173,-82.37441756,106.2310493,2200.771092,2825,0.604925054,195.7076111,191.4261932,132.4346924
28691,B-20-1-03_masks.tif,176,5337,384.7695526,130.3635227,53.95581715,2.416116178,0.910328092,-45.47426792,3950.537193,2252.020986,352,0.065954656,200.7670441,186.28125,150.4090881
28692,B-20-1-03_masks.tif,177,5613,400.627417,144.5946325,52.19337981,2.770363464,0.932579957,-69.96802903,2197.182434,2241.036701,4441,0.791199002,190.1459198,180.9578857,138.2150421
28693,B-20-1-03_masks.tif,178,4590,391.5979797,137.58679,43.43200712,3.167866262,0.948869074,-40.84224925,1520.850109,2270.657081,2947,0.64204793,216.1717072,209.6026459,168.6355591
28694,B-20-1-03_masks.tif,179,6130,430.5269119,155.1029424,51.83737618,2.992106348,0.94249767,-61.25858962,2082.232626,2287.474878,4056,0.661663948,198.4270172,191.9462585,135.5332794
28695,B-20-1-03_masks.tif,180,6215,393.5563492,158.9867896,51.09547177,3.1115632,0.946949678,85.96780624,2584.781335,2269.028319,2852,0.458889783,193.2380829,185.5957184,140.8506317
28696,B-20-1-03_masks.tif,181,11383,867.1543289,358.8760039,44.30712888,8.09973503,0.992349446,72.66316477,4830.10788,2301.338136,5440,0.477905649,193.1557007,187.5856628,153.5501862
28697,B-20-1-03_masks.tif,182,9227,561.1126984,228.5459353,53.42585537,4.277815185,0.972293322,-12.97551547,363.9332394,2361.421697,6990,0.757559337,196.3831177,189.215744,147.5151672
28698,B-20-1-03_masks.tif,183,7742,506.8700577,196.4530097,50.71793193,3.873442829,0.966099968,-12.78833129,408.8067683,2369.205632,6566,0.848101266,198.0176697,190.0226898,145.8108368
28699,B-20-1-03_masks.tif,184,4983,492.1837662,192.0746544,34.13331157,5.62719073,0.98408316,-64.04058358,2170.551274,2316.812964,4529,0.908890227,197.1519165,190.4382935,160.9803467
28700,B-20-1-03_masks.tif,185,9247,690.5685425,264.9494113,46.39215345,5.711082405,0.984550982,-63.84955296,2174.399156,2358.141992,8840,0.955985725,208.5085907,201.5044098,163.1331482
28701,B-20-1-03_masks.tif,186,11046,595.7989899,257.3652702,55.96239938,4.598896278,0.976072914,87.67514548,2625.22859,2321.850896,9414,0.85225421,200.9878845,195.5571442,145.6045227
28702,B-20-1-03_masks.tif,187,9772,675.0538239,244.1462618,54.40745167,4.487368078,0.974853255,-58.41088553,2225.142038,2379.071326,8282,0.847523537,206.3074188,197.5280151,161.1407928
28703,B-20-1-03_masks.tif,188,12078,925.254834,352.3386126,52.77170545,6.676657681,0.988720025,-4.610475571,5229.620136,2514.589502,3267,0.270491803,190.6605377,189.6192169,148.7410431
28704,B-20-1-03_masks.tif,189,11595,776.2842712,329.0884085,47.46552652,6.933208849,0.989543702,89.76259319,4801.893316,2351.722035,4915,0.423889608,198.2649078,189.7055969,146.0150604
28705,B-20-1-03_masks.tif,190,5917,461.1126984,180.2728705,43.36639581,4.156971477,0.970634333,70.99322936,2511.031266,2363.835052,5659,0.956396823,198.7898865,192.5283661,160.6351013
28706,B-20-1-03_masks.tif,191,6167,460.1837662,163.4924569,48.92283588,3.341843414,0.954179119,59.25407196,2479.597373,2404.636614,5421,0.879033566,193.7212677,186.1025696,161.7869415
28707,B-20-1-03_masks.tif,192,15898,961.6396103,387.3367375,62.59725499,6.187759152,0.986854804,-73.27284252,1878.078186,2425.485533,10299,0.647817336,194.0234985,187.208374,147.2516785
28708,B-20-1-03_masks.tif,193,4555,317.5563492,118.5328747,49.43384849,2.397807945,0.908884655,2.269068322,1999.165752,2480.003074,4087,0.897255763,197.5664368,190.5079498,144.4024963
28709,B-20-1-03_masks.tif,194,4934,328.9705627,121.0635076,52.54868701,2.303835062,0.900884517,10.38439704,1951.781313,2489.660924,3518,0.713011755,201.0315552,190.804718,161.2274017
28710,B-20-1-03_masks.tif,195,4913,360.7279221,150.096085,42.58367975,3.524732617,0.958910288,86.8580698,2448.860574,2457.896804,4470,0.90983106,199.8720398,190.3872528,145.3984375
28711,B-20-1-03_masks.tif,196,5489,467.254834,174.2935328,42.06567673,4.143366906,0.970438233,-53.82419642,2121.950264,2501.154855,4216,0.768081618,205.8522339,199.5220642,147.6356812
28712,B-20-1-03_masks.tif,197,6689,475.4558441,190.0978197,48.06317513,3.955165658,0.967509697,83.90803107,2430.648677,2493.999552,5825,0.87083271,199.6551056,191.4901276,156.0672913
28713,B-20-1-03_masks.tif,198,5313,419.1126984,154.1011179,47.13966662,3.269032832,0.952063367,64.2072244,2320.897045,2515.583851,3911,0.736118954,196.1797485,185.2337036,152.0923004
28714,B-20-1-03_masks.tif,199,5117,437.0121933,162.9936278,42.75444991,3.81231961,0.964984341,-53.42869888,2135.418996,2536.107094,4615,0.901895642,202.3703156,194.9532013,153.0251312
28715,B-20-1-03_masks.tif,200,7501,506.2842712,202.7250751,47.91679833,4.230772551,0.971664715,-74.19651412,462.0670577,2539.793628,6494,0.865751233,198.7773285,195.4422607,146.7839508
28716,B-20-1-03_masks.tif,201,12211,766.5269119,307.4195935,52.68011587,5.835590687,0.985208088,80.66461389,1760.149374,2568.374908,7478,0.612398657,189.2617035,182.0180511,147.0192566
28717,B-20-1-03_masks.tif,202,11974,719.3553391,289.5423302,54.41544573,5.320958532,0.982181264,81.13053953,1538.726825,2571.213212,7693,0.642475363,200.2989807,195.5280151,157.8242493
28718,B-20-1-03_masks.tif,203,7968,549.1126984,224.9189412,46.67230816,4.819109019,0.978233483,-77.93285371,2186.208835,2587.519202,6705,0.841490964,196.5300598,190.2615967,145.4524994
28719,B-20-1-03_masks.tif,204,9422,723.5391052,248.6912407,50.4320278,4.931216362,0.979222308,-45.1603384,4546.088941,2656.661643,7863,0.834536192,202.633728,194.8557739,146.6099396
28720,B-20-1-03_masks.tif,205,15653,922.4264069,388.84929,59.25053867,6.56279755,0.988322898,82.38598327,1555.640963,2617.329458,5957,0.380566026,193.1519165,183.1212006,151.1729126
28721,B-20-1-03_masks.tif,206,10822,761.7989899,346.6624806,41.03764299,8.447426689,0.992968456,3.249644575,4714.488634,2733.734892,610,0.056366661,225.6934357,221.683609,190.5393372
28722,B-20-1-03_masks.tif,207,4087,312.3847763,111.7100248,47.33825779,2.359825436,0.905774436,-73.22667426,451.1729875,2590.895767,3262,0.798140445,200.5668335,197.6689148,154.4641266
28723,B-20-1-03_masks.tif,208,10225,667.1126984,270.0904385,52.0724848,5.18681679,0.981238767,4.515507747,4670.245575,2728.80665,6458,0.631589242,194.4646912,185.7352142,157.2884827
28724,B-20-1-03_masks.tif,209,5239,433.7989899,185.7780785,38.35432005,4.843732812,0.978456657,-81.02374427,2185.05669,2625.01088,4122,0.786791372,201.9507446,192.8850098,155.1882629
28725,B-20-1-03_masks.tif,210,7232,530.627417,229.3259372,41.97264956,5.463699328,0.98310804,-84.73296944,592.8194137,2644.381222,5904,0.816371681,187.2561035,182.2479706,142.2017212
28726,B-20-1-03_masks.tif,211,9513,596.8700577,244.6405746,50.87095174,4.809042612,0.978141244,-4.586186659,1951.748344,2733.855987,4753,0.499632082,191.138855,181.7288055,148.2261658
28727,B-20-1-03_masks.tif,212,10085,763.6812409,278.5297457,47.23473506,5.896714469,0.985515399,-42.00731186,2270.544968,2728.599405,9039,0.896281606,199.4898834,190.7033997,149.5706329
28728,B-20-1-03_masks.tif,213,8605,609.7989899,270.4571798,42.29631504,6.3943438,0.987695665,5.964495083,2012.889367,2753.912725,4659,0.541429402,189.0311279,181.1966095,143.0661011
28729,B-20-1-03_masks.tif,214,11117,852.2670273,313.8875003,46.4430381,6.758547958,0.98899323,-33.53305209,2320.602501,2763.790501,9961,0.896015112,194.33461,182.2904358,130.8937836
28730,B-20-1-03_masks.tif,215,3696,355.7989899,138.384208,37.49010085,3.691219945,0.962603796,87.21735214,5008.311688,2656.125271,3501,0.94724026,176.8094788,168.7846375,129.4264526
28731,B-20-1-03_masks.tif,216,4002,312.3847763,112.7695919,46.7181044,2.413830642,0.910149815,-75.34086902,2624.154173,2686.18016,3947,0.986256872,192.7025604,184.2685547,137.8016205
28732,B-20-1-03_masks.tif,217,7074,529.1126984,212.7408163,43.42369782,4.899187009,0.978946813,72.98575945,3137.684054,2702.762087,6243,0.882527566,190.0647125,180.6999817,144.3765869
28733,B-20-1-03_masks.tif,218,6493,472.7695526,171.2411029,49.93669256,3.429163889,0.956535388,-64.86744488,2511.414446,2727.504543,5995,0.923302018,200.8321991,194.5864868,148.6333618
28734,B-20-1-03_masks.tif,219,7142,530.627417,221.8046755,41.57432601,5.335135811,0.982276693,-85.49254492,4997.327919,2706.126015,5682,0.795575469,193.6161499,186.1187897,149.0691681
28735,B-20-1-03_masks.tif,220,6751,511.5979797,196.3310721,44.51769109,4.410180927,0.973953446,-66.46868701,3391.956007,2728.161606,6313,0.935120723,197.2434692,190.6562653,150.6703644
28736,B-20-1-03_masks.tif,221,7203,471.9411255,170.2227246,55.56211653,3.063647234,0.94522886,-18.72197151,2129.486325,2770.329168,0,0,,,
28737,B-20-1-03_masks.tif,222,4725,449.1126984,181.9317996,35.25348029,5.160676284,0.981046382,-72.13954106,2609.441481,2729.142434,4086,0.864761905,197.7638245,188.2535553,149.2332306
28738,B-20-1-03_masks.tif,223,15202,918.8111832,364.1727144,70.54788747,5.16206406,0.98105667,74.75085597,1143.687081,2748.886528,9282,0.610577556,196.3094177,189.3112488,156.3016663
28739,B-20-1-03_masks.tif,224,10692,808.8528137,287.9216282,50.33283379,5.720354023,0.984601412,-39.28704682,436.7865694,2844.193042,6403,0.59885896,191.8071289,182.7229462,127.4444809
28740,B-20-1-03_masks.tif,225,4717,392.0416306,151.6592357,41.31065061,3.671189716,0.962186573,-17.06625218,2171.746025,2784.406826,2874,0.609285563,195.8931732,184.4836426,152.7425232
28741,B-20-1-03_masks.tif,226,6905,523.0121933,201.052534,44.55810223,4.51214311,0.975132157,-64.51762215,3397.422882,2770.096017,6773,0.980883418,204.6890564,197.8105774,160.4212341
28742,B-20-1-03_masks.tif,227,9493,684.6690476,258.8914811,51.02830808,5.073487459,0.98038277,74.74139657,1123.154008,2789.730328,6276,0.661118719,205.3615417,198.6295471,170.4945831
28743,B-20-1-03_masks.tif,228,7913,695.882251,272.2211414,38.26843885,7.113463459,0.990069536,-56.18635621,4954.744345,2833.425502,7215,0.911790724,198.6066589,192.2392273,151.1017303
28744,B-20-1-03_masks.tif,229,6716,470.1837662,162.499696,53.60531337,3.031410243,0.944023059,-53.97970439,3473.981537,2853.59187,5376,0.800476474,202.1581116,194.987915,151.3982544
28745,B-20-1-03_masks.tif,230,8746,696.4680374,257.362264,44.84353158,5.739116768,0.984702713,-57.94035502,4980.353076,2873.751429,7613,0.870455065,198.2650757,190.1773224,148.9347229
28746,B-20-1-03_masks.tif,231,4373,292.9705627,94.10644367,60.22555931,1.562566538,0.768397607,61.88053564,1125.096044,2837.254059,3094,0.707523439,188.035553,176.1677399,132.1076202
28747,B-20-1-03_masks.tif,232,6519,560.5685425,204.4971936,41.44414213,4.934284633,0.979248414,-55.34108048,3304.264611,2877.72235,6033,0.925448688,198.7293243,190.1090698,154.0208893
28748,B-20-1-03_masks.tif,233,8089,549.9411255,217.1042074,48.11506907,4.51218738,0.975132652,-72.67810195,2829.529732,2858.89393,6683,0.826183706,191.4052124,183.4744873,146.3431091
28749,B-20-1-03_masks.tif,234,7460,588.6690476,217.0601202,46.03356186,4.715257988,0.977252856,29.23957993,2662.797587,2934.332708,6306,0.845308311,190.7860718,184.2351685,149.0380554
28750,B-20-1-03_masks.tif,235,7703,578.8111832,201.781746,51.94405187,3.88459773,0.966297772,-53.31236635,3338.297676,2903.086849,3506,0.455147345,202.9292603,193.7686768,145.745575
28751,B-20-1-03_masks.tif,236,17134,966.5685425,369.6602841,70.85564478,5.217090117,0.981457919,77.75573231,1918.320357,2910.390335,8188,0.477880238,187.3409882,178.7934723,142.8485565
28752,B-20-1-03_masks.tif,237,8772,713.1543289,260.1230684,45.44558153,5.723836281,0.984620289,-24.76130774,911.7305062,2986.346443,5984,0.682170543,192.2394714,181.7692108,130.7612
28753,B-20-1-03_masks.tif,238,7428,584.9116882,231.4571031,42.405285,5.458213596,0.983073776,-61.96727147,2875.430802,2910.892434,6027,0.811389338,193.03302,184.2669678,141.224823
28754,B-20-1-03_masks.tif,239,6095,564.3259018,207.4963143,39.91312601,5.19869865,0.981325244,33.78273375,2625.330271,2957.105004,236,0.038720263,221.1864471,206.1906738,183.122879
28755,B-20-1-03_masks.tif,240,9817,665.9411255,263.8730101,52.13562852,5.061279927,0.980287072,84.06839458,1268.143119,2902.760314,7987,0.813588673,202.268692,196.5895844,169.8228302
28756,B-20-1-03_masks.tif,241,22728,1432.977705,530.2813133,57.03389386,9.297652279,0.994199241,38.75652776,1902.244104,3081.468409,8333,0.366640268,194.2037659,184.4676514,160.0459595
28757,B-20-1-03_masks.tif,242,7848,549.1126984,223.3602978,45.29870617,4.930831733,0.979219032,-14.74068788,2983.803644,2974.674057,6455,0.822502548,194.3042603,186.1014709,135.3939514
28758,B-20-1-03_masks.tif,243,13650,999.5391052,378.0791548,48.89492473,7.732482602,0.991602317,-66.83463238,3945.862491,2957.408571,7474,0.547545788,192.3699493,183.0466919,131.7142029
28759,B-20-1-03_masks.tif,244,8461,604.3259018,220.9179946,52.35881739,4.219308335,0.971508267,27.69921784,2552.229287,2987.662097,2065,0.244060986,193.1389771,184.7128296,154.2116241
28760,B-20-1-03_masks.tif,245,10564,646.8700577,267.1739987,52.01785627,5.136197795,0.980863524,84.55036423,1270.155812,2947.80869,7660,0.725104127,198.3156586,190.9604492,164.0142365
28761,B-20-1-03_masks.tif,246,4173,353.6984848,123.675969,44.30241461,2.791630435,0.933639659,25.35183031,2588.788162,2974.323029,0,0,,,
28762,B-20-1-03_masks.tif,247,13710,927.9238816,345.6205407,55.11547741,6.270843634,0.98720307,33.43695261,1949.589934,3058.362363,7943,0.579358133,189.4888611,176.9048157,138.6367798
28763,B-20-1-03_masks.tif,248,3596,368.3847763,152.5257403,35.79283911,4.261347913,0.972075691,-83.44841946,5376.107063,2981.357898,3431,0.954115684,183.0935516,175.3608246,127.5389099
28764,B-20-1-03_masks.tif,249,7801,632.4680374,221.7963767,46.31155337,4.789223436,0.977957911,-51.76720126,2831.483912,3056.259454,5515,0.706960646,199.028656,193.4139557,146.0821381
28765,B-20-1-03_masks.tif,250,13391,721.3553391,288.6100186,60.16808976,4.79672896,0.97802761,78.0280165,2168.908147,3025.304906,6482,0.484056456,185.4458466,175.5572357,135.3733368
28766,B-20-1-03_masks.tif,251,4128,365.7989899,142.5878984,38.11618269,3.740875615,0.963608619,-74.88730201,5371.069767,3033.987403,3652,0.884689922,195.2376709,185.7434235,147.6371918
28767,B-20-1-03_masks.tif,252,8505,662.4264069,261.6245456,43.76817963,5.977505755,0.985907077,-73.68849711,3791.550147,3118.966255,5361,0.630335097,196.8224182,189.3971252,155.2818451
28768,B-20-1-03_masks.tif,253,15276,1053.154329,431.8046925,50.49615816,8.551238515,0.993138731,-13.39208585,1779.044449,3286.125491,6681,0.43735271,199.4611511,192.7046814,151.6362762
28769,B-20-1-03_masks.tif,254,2137,222.2426407,93.87273103,30.13655566,3.114912403,0.947066885,87.68509431,45.45765091,3095.571362,1257,0.588207768,170.9164734,163.4908447,119.4574356
28770,B-20-1-03_masks.tif,255,12786,963.4974747,378.4593423,49.4352496,7.65565756,0.991432197,-12.31698079,1813.612467,3307.956202,6603,0.516424214,200.8259888,193.4941711,152.293808
28771,B-20-1-03_masks.tif,256,3168,264.4852814,97.3874499,44.44369375,2.191254634,0.889795455,-84.7514015,44.17960859,3128.454861,1576,0.497474747,194.9263916,187.6091309,142.877533
28772,B-20-1-03_masks.tif,257,12827,851.0954544,308.3511435,59.42318618,5.189071191,0.981255221,-49.66064918,3990.005223,3215.304904,7463,0.581819599,192.9389038,182.2263184,132.1767426
28773,B-20-1-03_masks.tif,258,5776,379.7989899,144.2451532,52.23370928,2.76153379,0.932132416,88.37172898,2866.332756,3159.141447,4286,0.742036011,184.4832001,175.342041,140.2172241
28774,B-20-1-03_masks.tif,259,9625,651.4558441,253.3613647,50.22834619,5.044190859,0.980151922,-84.59343677,3800.451636,3168.227013,5193,0.539532468,200.0754852,192.7928009,154.4332733
28775,B-20-1-03_masks.tif,260,13187,947.3380951,359.7586112,48.49288615,7.418791494,0.990873801,-33.79769326,1573.210965,3321.005612,6805,0.516038523,199.1545868,192.0855255,146.2273254
28776,B-20-1-03_masks.tif,261,8300,609.254834,234.6825841,46.727903,5.02232219,0.979976927,-20.77234926,792.5344578,3316.002771,6939,0.836024096,198.8257599,191.573288,152.5644836
28777,B-20-1-03_masks.tif,262,10325,658.5685425,239.2333932,57.49998229,4.160582032,0.970686048,-26.44406089,3829.776077,3324.454237,6084,0.589249395,190.414032,177.404007,126.5562134
28778,B-20-1-03_masks.tif,263,5925,550.8700577,227.2699659,34.60085726,6.568333387,0.988342689,-77.46399987,4284.086245,3242.666329,5738,0.968438819,193.495636,185.8138733,153.7997589
28779,B-20-1-03_masks.tif,264,7243,528.2842712,213.9162684,43.80411167,4.883474639,0.978809651,-14.96311836,835.3644899,3321.089466,6537,0.902526577,197.8376923,189.3777008,150.7511139
28780,B-20-1-03_masks.tif,265,11630,943.8233765,356.1287073,45.39760556,7.844658389,0.991841748,-48.82807515,1596.261565,3389.809716,6361,0.546947549,203.2964935,197.519577,148.6904602
28781,B-20-1-03_masks.tif,266,10575,749.5391052,267.5679421,51.4548505,5.200052852,0.981335062,-44.2023033,3874.667896,3382.935508,7609,0.719527187,195.6151886,185.9525604,143.6839294
28782,B-20-1-03_masks.tif,267,4564,437.9411255,169.6685225,35.56717519,4.77036823,0.977781337,64.18482152,4449.900526,3412.453769,4399,0.963847502,189.8060913,186.0140991,152.872467
28783,B-20-1-03_masks.tif,268,9348,728.0832611,277.1630846,44.83804424,6.181426717,0.986827678,18.00474311,3574.624305,3525.241656,6480,0.693196406,188.7989197,180.477005,141.118988
28784,B-20-1-03_masks.tif,269,9227,685.254834,260.5368646,46.76766868,5.570875606,0.983757062,-18.67639347,3435.235613,3534.263466,6277,0.680286117,196.6160583,188.0052643,140.3727875
28785,B-20-1-03_masks.tif,270,5924,490.1837662,189.3151273,40.73066577,4.647975271,0.976581577,67.53585864,4424.047097,3454.192438,5190,0.876097232,193.3982697,185.7385406,155.5423889
28786,B-20-1-03_masks.tif,271,6562,487.8406204,176.1764678,48.69395741,3.618035526,0.961044673,-45.46135534,4221.753734,3487.026669,5026,0.765925023,190.6862335,180.2837219,130.6255493
28787,B-20-1-03_masks.tif,272,8375,570.2842712,228.2414285,50.4292959,4.525968972,0.975285779,12.35245792,3538.485254,3551.764299,2786,0.332656716,198.2149963,188.8887329,164.4393463
28788,B-20-1-03_masks.tif,273,3675,334.3847763,127.6429774,38.61747692,3.305316339,0.953135768,-84.55898289,3118.010884,3464.51483,3281,0.892789116,190.8476105,184.943924,157.2639465
28789,B-20-1-03_masks.tif,274,8017,545.1126984,212.3380782,50.42090216,4.211310568,0.971398351,-10.84438916,3480.168642,3556.970438,7021,0.875764001,196.7007599,185.7685547,146.7387848
28790,B-20-1-03_masks.tif,275,8325,699.2964646,262.1586389,43.74874195,5.992369774,0.985977402,-58.15629668,5314.98955,3517.037117,7661,0.92024024,185.0963287,172.8551178,128.9349976
28791,B-20-1-03_masks.tif,276,11331,796.1248917,268.1037492,59.52766831,4.503851013,0.975039331,50.54837011,4121.8565,3572.865502,6456,0.569764363,185.6225281,177.0333099,122.7360611
28792,B-20-1-03_masks.tif,277,11774,799.4386002,287.1479515,54.16259561,5.301591408,0.982049648,-54.64943343,1480.804484,3566.048072,5231,0.444284016,186.9850922,179.3779449,124.9011688
28793,B-20-1-03_masks.tif,278,7565,464.2842712,173.1107866,56.32721931,3.073306099,0.945582484,-16.46257978,3818.578057,3560.079313,4827,0.638070059,191.067749,184.7366943,134.2558594
28794,B-20-1-03_masks.tif,279,8453,531.7989899,229.0085031,48.59725248,4.712375523,0.977224696,-86.22907101,3103.363421,3509.386135,7885,0.932804921,199.9394989,191.144455,161.9893494
28795,B-20-1-03_masks.tif,280,7278,676.2253967,252.2192295,42.10892807,5.98968535,0.98596474,56.55067013,3988.645919,3587.874966,3746,0.514701841,193.756546,184.8005829,169.6273346
28796,B-20-1-03_masks.tif,281,4444,415.5979797,152.0219007,38.58661375,3.939757493,0.967250754,-51.25582163,5319.568407,3566.20207,3573,0.804005401,185.3708344,171.1195068,125.7142487
28797,B-20-1-03_masks.tif,282,3348,338.3847763,124.543714,37.04337699,3.362104758,0.954742777,-24.82776835,5408.549881,3581,1777,0.530764636,194.1097412,185.0050659,147.4608917
28798,B-20-1-03_masks.tif,283,9835,584.0416306,248.4520274,51.18313777,4.854177338,0.97855028,-87.49451642,3089.427351,3553.986985,8654,0.879918658,203.6516113,196.5506134,157.8167267
28799,B-20-1-03_masks.tif,284,10370,720.4264069,275.9545681,52.56833994,5.249444217,0.981687903,-75.5339887,4662.827676,3585.158149,7095,0.684185149,179.9474335,166.9938049,115.7426376
28800,B-20-1-03_masks.tif,285,11244,682.6690476,260.5737162,55.61801478,4.685059639,0.976955201,-71.95599743,1287.05434,3596.377357,4670,0.415332622,189.9426117,180.5704498,127.8929367
28801,B-20-1-03_masks.tif,286,10679,649.2132034,271.7570522,52.51861982,5.174489603,0.981148411,-88.69000477,2197.865905,3615.269875,5930,0.55529544,180.5770721,169.3045502,115.4682999
28802,B-20-1-03_masks.tif,287,5201,422.3847763,171.9830373,39.75956582,4.325576343,0.972910268,-81.5646144,3032.560469,3623.640646,5091,0.978850221,185.5541077,178.0883942,141.035553
28803,B-20-1-04_masks.tif,1,8366,635.0121933,238.0387091,47.04868589,5.059412491,0.980272371,71.50116249,103.6486971,41.79990437,3785,0.452426488,185.1331635,186.3611603,133.2507324
28804,B-20-1-04_masks.tif,2,5436,485.3553391,175.6148529,41.85083743,4.196208814,0.971189053,68.0319423,183.3767476,34.92457689,267,0.049116998,222.8089905,196.3408203,211.1348267
28805,B-20-1-04_masks.tif,3,13101,818.4680374,319.366021,54.94864554,5.812081769,0.985087277,24.97267944,467.3789024,124.1851004,6378,0.486833066,183.7935028,177.4967041,120.6914368
28806,B-20-1-04_masks.tif,4,12616,880.0832611,372.1684528,45.64342232,8.153824449,0.992450996,12.95060411,361.2820228,161.681357,7814,0.619372226,194.9488068,190.8587189,143.0808868
28807,B-20-1-04_masks.tif,5,14173,866.3675324,316.6031844,60.01409316,5.275480603,0.981869875,26.37467934,426.8574049,149.6586467,6966,0.491497919,189.0248413,181.337204,122.1965256
28808,B-20-1-04_masks.tif,6,8222,496.627417,196.5819573,54.28245142,3.621464252,0.961119893,-89.05020761,673.6028947,30.52894673,6293,0.765385551,200.2795105,194.6299133,143.5855713
28809,B-20-1-04_masks.tif,7,10491,657.3553391,260.5263532,52.59284254,4.953646553,0.979412019,-77.15346716,3029.721094,41.14479077,6715,0.640072443,201.2615051,197.1349182,139.3127289
28810,B-20-1-04_masks.tif,8,12466,808.2670273,305.6259369,54.75668906,5.581526973,0.983819506,-46.29641809,3169.338842,96.44087919,6286,0.504251564,206.3845062,199.4416199,113.8525314
28811,B-20-1-04_masks.tif,9,10671,714.3259018,276.2479068,50.55213878,5.464613634,0.983113741,-67.78127613,3718.176553,72.8232593,6831,0.640146191,201.4630432,196.0667572,134.0480194
28812,B-20-1-04_masks.tif,10,8388,626.2253967,240.2779842,47.92041705,5.014104614,0.979910569,48.12409432,78.07212685,111.870887,4934,0.588221268,184.7087555,182.6728821,138.9420319
28813,B-20-1-04_masks.tif,11,10204,769.4974747,304.2207484,46.94671207,6.48012896,0.988021245,16.6574881,323.7569581,167.8553508,2228,0.218345747,189.9712677,185.6427307,135.9250488
28814,B-20-1-04_masks.tif,12,12839,772.4264069,316.8609266,52.240954,6.065374047,0.986315257,74.47085367,1177.502921,81.21201028,6513,0.507282499,190.735611,190.825119,130.3661957
28815,B-20-1-04_masks.tif,13,6097,431.2132034,180.7885257,45.06560084,4.011674588,0.968433395,-80.69927227,687.7383959,76.42857143,5307,0.870428079,194.3781738,187.7133942,149.433197
28816,B-20-1-04_masks.tif,14,7534,564.0416306,244.4953423,40.0724336,6.101335017,0.986477199,-83.14458726,2073.48155,96.10313247,4715,0.625829573,201.0288391,200.8239594,149.7906647
28817,B-20-1-04_masks.tif,15,4015,399.7989899,156.2468441,35.7471521,4.370889284,0.973476649,-80.26175652,688.1424658,110.3021171,3191,0.794769614,208.6621704,206.8386078,148.6863098
28818,B-20-1-04_masks.tif,16,5839,573.1543289,225.3927876,35.73811149,6.306790654,0.987349464,-52.7146438,902.5600274,148.3814009,5219,0.893817434,201.4217224,196.1582642,135.1504059
28819,B-20-1-04_masks.tif,17,4540,459.0121933,161.7182331,41.39902389,3.906329617,0.966678163,57.58751716,54.13612335,138.2237885,2169,0.477753304,188.6934052,183.3420868,139.7072449
28820,B-20-1-04_masks.tif,18,7904,507.4558441,206.8850654,50.80308886,4.072293044,0.969380913,-82.39274774,2070.828568,136.3674089,5077,0.642332996,198.9395294,196.1985474,139.6722412
28821,B-20-1-04_masks.tif,19,11728,763.0121933,287.3840787,58.0896604,4.947250108,0.979358185,-80.49394341,689.2534959,159.8512108,6807,0.580405866,185.7950592,180.2183075,120.2944031
28822,B-20-1-04_masks.tif,20,20028,1302.936075,468.6649086,59.63130113,7.859377537,0.991872403,33.45749078,3047.32829,343.1725085,10272,0.512881965,189.5843048,188.0583191,148.7620697
28823,B-20-1-04_masks.tif,21,21227,1281.521861,466.4627354,63.26335039,7.37334859,0.990760436,33.77485261,3089.506007,320.8088755,11065,0.521270081,194.9486694,189.2267456,149.6279297
28824,B-20-1-04_masks.tif,22,17745,1025.982756,393.7277595,59.15716656,6.655622344,0.988648201,77.21089297,1946.455959,193.1370527,8199,0.462045647,189.2857666,188.6411743,133.0853729
28825,B-20-1-04_masks.tif,23,16646,1077.03658,391.6625549,56.05545913,6.987054624,0.989705079,-45.51835426,1594.183768,296.8894629,7151,0.429592695,200.7577972,195.9152527,135.8919067
28826,B-20-1-04_masks.tif,24,5767,469.7989899,193.7080181,42.18211383,4.592183761,0.976002053,81.23526712,77.43194035,220.2535114,2537,0.439916768,175.3657837,175.3027191,138.201416
28827,B-20-1-04_masks.tif,25,17861,1160.651804,435.3967341,55.63357546,7.826150494,0.991802957,-29.01278824,1954.431387,415.1377303,5981,0.334863669,209.0178833,200.5497437,130.3263702
28828,B-20-1-04_masks.tif,26,14001,793.254834,326.2199047,55.75261995,5.851203136,0.985287508,-13.15398397,501.1636312,409.8452253,6884,0.491679166,189.8548737,180.4654236,121.7889328
28829,B-20-1-04_masks.tif,27,14702,1060.308658,369.8835317,52.57189962,7.035765006,0.989847863,50.99434125,3003.824854,408.0785607,7606,0.517344579,198.9463654,195.9186096,152.2582245
28830,B-20-1-04_masks.tif,28,16309,1132.551299,424.6956741,63.42646322,6.695875074,0.988785047,52.62816732,2983.19989,444.6909682,6220,0.381384512,203.8805542,201.1237946,156.4789429
28831,B-20-1-04_masks.tif,29,15281,848.0832611,338.1623578,58.97495095,5.733999815,0.984675186,-16.18263808,93.47444539,498.5436163,11069,0.724363589,196.5648193,188.5612946,137.2663269
28832,B-20-1-04_masks.tif,30,12317,783.8406204,303.4965698,57.54956259,5.273655543,0.981857208,-14.90604156,37.14995535,476.8308841,7463,0.60591053,192.7535858,183.2880859,139.9107666
28833,B-20-1-04_masks.tif,31,13039,1023.681241,372.6192687,51.94515319,7.173321201,0.990235388,25.10724457,4217.16604,564.3678196,6429,0.493059284,184.2524567,185.0720215,133.082901
28834,B-20-1-04_masks.tif,32,8938,680.7695526,275.5130463,42.28156587,6.516150493,0.988154109,-74.75827162,1762.346274,497.7292459,5507,0.616133363,197.7815552,194.1225739,152.8986816
28835,B-20-1-04_masks.tif,33,10083,794.4264069,273.4035675,53.007233,5.157853976,0.981025433,-78.49111244,1687.333532,556.0424477,4809,0.476941386,206.1688538,203.7635651,148.1012726
28836,B-20-1-04_masks.tif,34,11554,997.1959595,385.3275594,43.17022645,8.925771096,0.993704246,-24.44154186,597.8649818,756.7557556,498,0.043101956,233.1566315,234.4397583,192.2449799
28837,B-20-1-04_masks.tif,35,11160,818.8111832,307.9938454,60.45734909,5.094398779,0.980545083,-23.13679197,554.4965054,760.4553763,4993,0.447401434,202.7887115,193.5711975,155.7692719
28838,B-20-1-04_masks.tif,36,9465,728.4264069,253.1020693,53.56232313,4.725375123,0.977351284,-20.84011895,633.6581088,776.1053354,5900,0.623349181,199.452713,192.8103333,160.8454285
28839,B-20-1-04_masks.tif,37,12720,889.7817459,323.0833376,62.6010588,5.160988388,0.981048697,58.20938107,3792.254324,743.5225629,7290,0.573113208,199.9544525,199.2470551,145.0772247
28840,B-20-1-04_masks.tif,38,11862,809.7817459,286.0044257,55.02903027,5.197337192,0.981315366,56.44427655,3819.327095,710.4017029,7698,0.648963075,196.5900269,191.4294586,158.7928009
28841,B-20-1-04_masks.tif,39,8391,716.9116882,279.7439021,40.25131245,6.94993244,0.989594228,-19.70795768,670.6446192,782.2755333,6809,0.811464665,206.3661346,199.5558777,166.2019348
28842,B-20-1-04_masks.tif,40,14817,805.7989899,368.2602221,52.08222057,7.070747331,0.989948578,-3.0758514,3564.083418,1028.423028,7217,0.487075656,200.6024628,195.864212,140.3989258
28843,B-20-1-04_masks.tif,41,8923,714.9533188,276.6904734,44.04144068,6.282502777,0.987250829,-45.51321333,318.3923568,944.8154208,7011,0.785722291,196.9552155,192.7826233,135.5136261
28844,B-20-1-04_masks.tif,42,4104,323.4558441,111.4310095,48.14085808,2.314686817,0.901862162,-41.32697659,353.6615497,977.6288986,3086,0.751949318,198.2106323,191.0489349,135.5917053
28845,B-20-1-04_masks.tif,43,8696,602.8700577,247.8749343,47.48937086,5.219587665,0.981475827,83.99407859,518.6329347,1029.980221,5000,0.574977001,185.476593,181.3271942,132.2371979
28846,B-20-1-04_masks.tif,44,14253,1137.178716,421.8418482,44.07598701,9.5707862,0.994526502,44.27508145,1489.794008,1157.157721,5256,0.368764471,188.3051758,182.5740051,140.7718811
28847,B-20-1-04_masks.tif,45,4831,392.1421356,171.2911666,36.75307729,4.660593866,0.976709727,-83.25704948,542.0935624,1078.296005,4382,0.90705858,202.6896362,199.1241455,137.2544556
28848,B-20-1-04_masks.tif,46,15333,834.8700577,356.263246,58.32151189,6.108607862,0.9865096,88.50747724,3367.768408,1135.474597,7039,0.459075197,194.6795044,190.098877,132.9149017
28849,B-20-1-04_masks.tif,47,8268,581.6984848,242.880721,44.80346201,5.421025745,0.98283872,-78.81794036,273.9713353,1136.956459,4519,0.54656507,207.7081146,199.165741,142.9814148
28850,B-20-1-04_masks.tif,48,12144,983.6396103,381.886123,46.33744714,8.241414808,0.9926112,73.97804468,878.4001976,1166.043561,4764,0.39229249,193.4939117,193.3104553,149.1303558
28851,B-20-1-04_masks.tif,49,12008,837.2964646,300.3090517,56.22528278,5.341174591,0.982317107,64.48672713,1207.291223,1167.332612,6101,0.508077948,186.7900391,182.9162445,147.0545807
28852,B-20-1-04_masks.tif,50,15032,893.882251,328.9577724,64.72454168,5.08242722,0.980452409,66.26217029,1185.454564,1210.482105,8311,0.552887174,187.0179291,181.5709229,146.9400787
28853,B-20-1-04_masks.tif,51,15042,1053.23759,386.4142089,51.42865766,7.513597019,0.991103681,58.85831682,2768.883593,1220.937242,9571,0.636285068,194.7008667,192.5525055,140.0726166
28854,B-20-1-04_masks.tif,52,9480,758.9116882,287.3407128,43.28857944,6.637794923,0.988586791,-72.00497093,260.4310127,1184.791667,6530,0.688818565,200.0101013,196.905365,132.4453278
28855,B-20-1-04_masks.tif,53,11638,723.1126984,301.4984015,50.69950548,5.946772037,0.985759978,-80.00934225,2360.914246,1170.622014,7815,0.671507132,196.5991058,191.9602051,140.5738983
28856,B-20-1-04_masks.tif,54,8597,621.6396103,230.9250795,49.00490131,4.71228537,0.977223814,-46.16334063,3044.605211,1232.16087,7543,0.877399093,209.2103882,200.0872345,140.6303864
28857,B-20-1-04_masks.tif,55,8255,599.9411255,234.9672846,46.53224789,5.049557999,0.980194518,76.06944241,882.5013931,1203.564143,5386,0.652453059,192.381546,188.084671,146.1193848
28858,B-20-1-04_masks.tif,56,6815,504.1837662,188.7166923,47.13656433,4.003615771,0.968304105,-69.23030597,2428.459428,1223.875862,5789,0.849449743,203.2527161,200.1340485,150.6512299
28859,B-20-1-04_masks.tif,57,10027,665.2964646,233.8604907,58.27925998,4.012756696,0.968450695,-46.68926065,3069.913733,1277.07021,7919,0.789767627,209.0484924,198.433136,144.2666931
28860,B-20-1-04_masks.tif,58,18225,945.254834,374.3063479,71.56087125,5.230600765,0.981554483,-5.689188331,3746.352593,1411.673032,10152,0.557037037,203.8061523,198.3414154,152.3483124
28861,B-20-1-04_masks.tif,59,12757,705.2132034,299.3996388,56.43702966,5.305021199,0.982073063,88.61830221,3920.007917,1238.548326,7683,0.602257584,189.6824188,182.2721558,129.6329498
28862,B-20-1-04_masks.tif,60,15145,942.2253967,352.2314737,61.67591913,5.711004858,0.984550559,19.29028683,3838.345725,1401.660218,7324,0.483591945,203.875473,200.3032532,154.1003571
28863,B-20-1-04_masks.tif,61,10433,793.7817459,279.4650733,50.57134115,5.52615507,0.98349089,55.26731169,4314.963002,1314.471581,5269,0.50503211,202.0975494,196.2985382,129.944397
28864,B-20-1-04_masks.tif,62,9792,648.3259018,251.9413467,50.69770338,4.96948244,0.97954439,-62.75103829,4025.02165,1301.734273,7946,0.811478758,203.8362732,195.7857971,141.2616425
28865,B-20-1-04_masks.tif,63,7445,612.1837662,228.802003,43.28635038,5.285777179,0.981941089,75.85765495,1474.199194,1282.436803,6317,0.848488919,196.4725342,192.0631561,147.1841125
28866,B-20-1-04_masks.tif,64,13058,1076.450793,371.2022992,46.59192828,7.96709458,0.992091561,40.01742986,983.6291928,1416.720478,5948,0.455506203,189.5129395,184.1891327,155.9625092
28867,B-20-1-04_masks.tif,65,11878,1008.651804,363.4602737,49.89600085,7.284356813,0.990532215,42.28879371,1015.746001,1393.159202,8062,0.678733794,192.2565155,190.5115356,157.72612
28868,B-20-1-04_masks.tif,66,9471,699.6984848,285.1441985,43.82974134,6.505723962,0.98811588,81.40702734,1369.372928,1303.856298,6923,0.730968219,200.319519,194.254364,157.149353
28869,B-20-1-04_masks.tif,67,6507,495.4558441,214.0480225,42.17421466,5.075329185,0.980397147,-81.4586964,1418.201629,1360.11649,5832,0.89626556,196.2685242,191.7076416,142.4288483
28870,B-20-1-04_masks.tif,68,18468,1008.041631,456.6626122,52.13426991,8.759355661,0.993461958,1.277968413,1925.128872,1578.266298,7296,0.395061728,194.7471161,183.6060791,124.4576492
28871,B-20-1-04_masks.tif,69,9419,734.6101731,269.6354846,46.76884872,5.765279497,0.984842302,-43.11587766,4750.146194,1462.297378,6180,0.656120607,207.5797729,200.6420746,146.6051788
28872,B-20-1-04_masks.tif,70,11383,672.6690476,252.3810155,58.96317298,4.280316047,0.972326149,68.67567149,4077.118774,1423.603092,6432,0.565053149,202.597168,194.7357025,158.6452179
28873,B-20-1-04_masks.tif,71,18807,1050.308658,382.0365611,70.25388664,5.437942004,0.982946249,40.83601847,3985.577657,1534.503057,9972,0.530228107,192.608902,186.8460693,128.4712219
28874,B-20-1-04_masks.tif,72,10032,747.1959595,256.9872875,52.3681994,4.907315709,0.979017249,-38.44381058,4792.741128,1481.999203,6449,0.642842903,205.8957977,199.7080231,143.6199341
28875,B-20-1-04_masks.tif,73,9743,640.3259018,225.6424732,57.46229801,3.926791671,0.967030436,-64.82858697,1245.198399,1457.447398,6161,0.632351432,208.9798737,201.4549561,139.3541565
28876,B-20-1-04_masks.tif,74,8554,611.0121933,240.1861655,49.22558689,4.879295113,0.978772939,68.77876522,4048.729717,1466.936287,6107,0.713935001,195.5469208,189.3674469,153.636322
28877,B-20-1-04_masks.tif,75,11626,786.1837662,338.8072624,48.75723818,6.948860827,0.989591001,-9.335036369,3333.391536,1587.148116,5609,0.482453122,201.3567505,189.8612976,134.7109985
28878,B-20-1-04_masks.tif,76,5743,506.627417,190.3635832,40.44120561,4.707168846,0.977173695,88.22502134,4416.258402,1441.52133,4293,0.747518718,198.1183319,193.4474792,151.8518524
28879,B-20-1-04_masks.tif,77,10369,698.4680374,256.2823278,52.16502013,4.912915344,0.979065564,-32.64360228,1519.043013,1535.586749,7714,0.743948307,206.5046692,199.6118774,142.1646423
28880,B-20-1-04_masks.tif,78,5751,470.1837662,171.583279,44.01477992,3.898310505,0.966538556,-61.45190338,1265.159451,1496.383064,61,0.010606851,216.5737762,193.557373,172.2622986
28881,B-20-1-04_masks.tif,79,12040,753.9411255,310.736239,52.58009307,5.909769665,0.985579791,87.25645654,4381.222425,1477.226163,5495,0.456395349,205.6640625,199.5989075,156.2063751
28882,B-20-1-04_masks.tif,80,6972,625.9827561,257.377606,39.97674468,6.438183199,0.987863688,-54.01879011,1326.9465,1543.694636,5502,0.789156627,198.5625153,190.8180695,140.0012665
28883,B-20-1-04_masks.tif,81,7610,582.3259018,222.9116545,46.06805603,4.838746709,0.978411745,-61.87154262,1281.658213,1531.401971,1232,0.161892247,221.288147,194.7045441,167.0722351
28884,B-20-1-04_masks.tif,82,13639,863.6812409,318.8824472,55.91949943,5.702526855,0.984504225,-54.00921786,3574.06738,1597.870518,8669,0.635603783,204.3321075,196.9577789,137.4198914
28885,B-20-1-04_masks.tif,83,20445,1279.178716,480.7888357,58.37976586,8.235538951,0.992600614,51.64436233,2136.214722,1640.772658,10985,0.537295182,195.0563507,185.244339,144.6993103
28886,B-20-1-04_masks.tif,84,15984,1069.379726,389.9770728,57.09910058,6.829828646,0.989223024,48.75379681,2101.033283,1678.681431,8640,0.540540541,190.6372681,179.5797424,145.8506927
28887,B-20-1-04_masks.tif,85,18121,1055.580736,390.9791465,64.83562177,6.030313828,0.986154548,28.57556218,3890.762982,1721.28558,8622,0.475801556,194.2098083,188.6517029,136.4344635
28888,B-20-1-04_masks.tif,86,11578,744.1837662,276.6076925,56.22645721,4.919529101,0.979122414,-10.65232944,4165.538521,1674.159959,5487,0.473916048,201.3630371,196.0103912,139.8075409
28889,B-20-1-04_masks.tif,87,9775,667.3553391,274.1628404,47.95425044,5.717174971,0.984584149,14.12697759,820.8554476,1686.951714,6403,0.655038363,191.271286,184.252533,137.0265503
28890,B-20-1-04_masks.tif,88,7546,562.9116882,191.7315673,53.49560841,3.584061813,0.960287312,36.07828436,4265.857938,1639.2229,4470,0.592366817,185.7111816,182.4507904,134.2100677
28891,B-20-1-04_masks.tif,89,12423,735.1126984,309.1770592,52.0319268,5.942064387,0.985737242,-7.296717816,4690.566449,1710.688562,5741,0.4621267,204.1909027,200.1194916,154.2689362
28892,B-20-1-04_masks.tif,90,15525,993.7228714,353.7535825,62.25965246,5.68190744,0.984390661,44.50212468,4007.020483,1694.026345,8200,0.528180354,193.5823212,189.2510986,142.2212219
28893,B-20-1-04_masks.tif,91,13442,740.4264069,295.3580726,59.4990813,4.964077867,0.979499358,-74.34030931,3676.502901,1645.400461,5361,0.39882458,196.2124634,189.5191193,134.7394104
28894,B-20-1-04_masks.tif,92,9040,767.9827561,313.3688243,40.52779649,7.732194974,0.99160169,-67.710437,2557.622345,1664.43385,6046,0.66880531,202.9758453,196.8534546,158.9871063
28895,B-20-1-04_masks.tif,93,9445,604.2842712,243.2733841,51.10462378,4.760300852,0.977686186,-78.57349082,1581.673584,1647.011223,5700,0.603493912,191.128067,185.5254364,122.4610519
28896,B-20-1-04_masks.tif,94,14338,846.0243866,304.0477309,62.46966923,4.867125674,0.978665499,-54.7135292,4837.794532,1726.718998,8180,0.570511926,200.6051331,190.2139435,128.5020752
28897,B-20-1-04_masks.tif,95,13965,1069.095454,435.2537027,45.80999981,9.501281476,0.994445904,-61.74516846,2597.409094,1726.805729,9512,0.6811314,204.4776001,197.0580292,162.2395935
28898,B-20-1-04_masks.tif,96,7156,586.6690476,225.7336155,41.68954002,5.414634353,0.982797828,-65.90664671,2554.454584,1700.936836,5832,0.814980436,215.1798706,208.169754,172.5212555
28899,B-20-1-04_masks.tif,97,14400,1183.23759,446.5070438,48.30932811,9.242667231,0.994129813,-62.61367116,2588.883403,1771.684653,4270,0.296527778,209.9318542,202.5634613,167.8487091
28900,B-20-1-04_masks.tif,98,9164,544.1421356,238.5287294,49.86093689,4.783879812,0.977908084,88.34529289,3177.432562,1697.591663,5930,0.647097337,199.3849945,194.970993,147.0639191
28901,B-20-1-04_masks.tif,99,6362,561.7401154,207.453683,42.28369814,4.906233185,0.97900789,-35.70407707,960.4976423,1768.213141,5138,0.807607671,199.1340942,189.6566772,138.9963074
28902,B-20-1-04_masks.tif,100,8542,593.7401154,221.6330638,49.87145297,4.44408676,0.974354582,-58.62459186,373.779794,1758.214118,7205,0.843479279,199.5285187,196.8449707,148.4408112
28903,B-20-1-04_masks.tif,101,15024,931.3553391,402.8649895,50.0589203,8.047816195,0.992250029,-6.384734867,3761.483892,1893.366281,9627,0.64077476,201.5486603,192.9794312,153.904541
28904,B-20-1-04_masks.tif,102,19119,1106.409163,426.4249388,62.90295659,6.779092143,0.98906021,60.87799351,2906.341231,1808.525394,7577,0.396307338,185.7394714,176.8125916,128.8734283
28905,B-20-1-04_masks.tif,103,9805,818.509668,292.0202197,45.1294653,6.470721906,0.987986179,42.58549278,3066.313412,1827.591229,4252,0.433656298,192.2420044,187.7749329,138.9767151
28906,B-20-1-04_masks.tif,104,6274,422.3847763,167.3310391,49.15755982,3.403973665,0.955874813,-85.29800518,3244.46621,1746.525343,5404,0.861332483,212.2013397,205.8706512,163.6258392
28907,B-20-1-04_masks.tif,105,11060,731.3553391,291.5376094,57.14090875,5.10208213,0.980604213,-4.473151467,3806.121067,1893.379114,7693,0.69556962,204.635376,199.1186829,155.5537567
28908,B-20-1-04_masks.tif,106,3929,345.1126984,118.6578514,42.99939542,2.759523716,0.932029902,-44.03317717,996.9284805,1781.771698,2861,0.728175108,204.7731628,196.4204865,153.1817474
28909,B-20-1-04_masks.tif,107,8017,552.0416306,229.9251931,46.14418294,4.982755754,0.979654356,8.019952506,1101.966696,1856.966446,7090,0.884370712,195.1324463,186.9519043,140.5679779
28910,B-20-1-04_masks.tif,108,13931,780.9116882,303.1593963,59.19059156,5.121749729,0.980754346,-73.25892438,4488.820257,1796.778193,8543,0.613236666,202.6861725,195.6397095,140.1774597
28911,B-20-1-04_masks.tif,109,7360,498.627417,204.3704647,47.83587923,4.272325878,0.97222106,-82.80274292,3241.982609,1788.599592,4120,0.559782609,208.4254913,202.2504883,151.639801
28912,B-20-1-04_masks.tif,110,22100,1358.651804,489.1512231,59.56020151,8.212719411,0.992559283,-66.36101279,4789.355837,1862.508824,4585,0.207466063,194.8883362,189.4087219,136.2481995
28913,B-20-1-04_masks.tif,111,6636,528.0416306,234.1947802,39.40756114,5.942889471,0.985741231,7.411040196,1068.415461,1877.678722,5756,0.867389994,203.3019409,193.9992981,159.8516388
28914,B-20-1-04_masks.tif,112,13581,678.5685425,252.36235,69.86498169,3.612143651,0.9609149,25.37949531,3593.354245,1884.418747,7757,0.571165599,189.3461456,180.7684631,132.3805542
28915,B-20-1-04_masks.tif,113,16486,1021.23759,370.055629,64.02185376,5.780145486,0.984920766,33.89213385,553.1207691,1934.41878,8802,0.533907558,184.5079498,178.6080475,135.8387909
28916,B-20-1-04_masks.tif,114,5875,442.627417,175.864464,43.84982894,4.010607755,0.968416325,-85.73975956,735.2670638,1805.918128,5356,0.911659574,199.5558319,195.7529907,149.3687439
28917,B-20-1-04_masks.tif,115,15612,994.8944443,354.2561945,58.08625576,6.098795487,0.986465857,44.07632378,2917.09435,1912.794453,9041,0.579105816,194.0399323,190.9337463,145.6275787
28918,B-20-1-04_masks.tif,116,4318,300.627417,93.3322166,59.52057103,1.568066552,0.770261614,64.73039179,3422.702177,1824.035433,3113,0.720935618,186.8705444,177.1615753,130.3369751
28919,B-20-1-04_masks.tif,117,8633,603.3969696,220.2104368,50.54077594,4.357084605,0.973306005,-53.0028981,288.3707865,1868.469709,7748,0.897486389,200.5007782,195.3092346,157.3294983
28920,B-20-1-04_masks.tif,118,5154,425.0121933,152.0632893,44.38542111,3.425973789,0.956452562,-54.68404257,2219.227784,1853.649205,4519,0.876794723,206.0858612,198.4104919,154.2117767
28921,B-20-1-04_masks.tif,119,16288,910.9116882,369.7709914,58.23152281,6.350014108,0.987522182,13.92930721,2841.013016,1984.382736,7189,0.441367878,191.3063049,183.9187622,129.8455963
28922,B-20-1-04_masks.tif,120,10914,664.7695526,267.6386204,54.10073904,4.947041854,0.979356429,-75.89862881,2634.191589,1845.087594,8110,0.74308228,201.9787903,196.0822449,151.7781677
28923,B-20-1-04_masks.tif,121,6462,570.5685425,218.0355939,39.36657384,5.538597156,0.983565599,-54.56509679,345.4829774,1876.27979,5245,0.811668214,203.8989563,198.1664429,141.3917999
28924,B-20-1-04_masks.tif,122,4722,354.8700577,121.358289,50.8827968,2.385055395,0.907858139,-27.74307177,968.5052944,1869.700974,3807,0.806226175,202.1394806,194.0383453,140.7943268
28925,B-20-1-04_masks.tif,123,13428,749.5391052,253.1105583,71.82391881,3.524042721,0.958893853,44.49233379,664.2450104,1924.812035,7594,0.565534704,190.6019287,182.1534119,140.3257904
28926,B-20-1-04_masks.tif,124,4995,356.627417,128.5010124,50.58993125,2.540051138,0.919242042,-15.06352768,1014.582382,1877.501301,4023,0.805405405,196.8965912,186.5205078,144.0310669
28927,B-20-1-04_masks.tif,125,8138,497.2132034,198.8583648,54.5716742,3.643985048,0.961608553,88.96193327,4547.068444,1858.56697,4835,0.594126321,193.0763245,187.2283325,139.6446686
28928,B-20-1-04_masks.tif,126,5421,447.0121933,162.6519083,44.57759132,3.648737033,0.961710477,-56.46654693,2232.496403,1890.744697,5003,0.922892455,203.2048798,197.1886902,156.9776154
28929,B-20-1-04_masks.tif,127,11818,841.7401154,307.4004845,54.59594251,5.630463921,0.98410181,-78.19270798,2612.630394,1897.397614,6716,0.568285666,198.5199585,191.9848175,145.7572937
28930,B-20-1-04_masks.tif,128,4106,310.2842712,98.13764588,54.02056623,1.816671922,0.834863435,51.47132605,3384.987336,1879.416707,2850,0.694106186,194.9329834,185.600708,122.9347382
28931,B-20-1-04_masks.tif,129,4596,320.8700577,94.72848738,62.76318073,1.509300298,0.749010018,-24.57702642,3461.200392,1888.065057,3415,0.743037424,199.7724762,187.7882843,134.4541779
28932,B-20-1-04_masks.tif,130,17997,912.2842712,396.2485583,61.20635347,6.473977551,0.987998332,-89.40820724,4195.052175,1874.472412,8441,0.469022615,193.270462,187.9673004,135.3907166
28933,B-20-1-04_masks.tif,131,12666,853.0954544,315.3055035,53.80253613,5.860420831,0.985334098,40.50181887,783.6738513,1975.296463,10442,0.824411811,192.1168365,187.4575806,145.0171356
28934,B-20-1-04_masks.tif,132,6560,500.0832611,188.0057448,46.2443049,4.065489691,0.969276724,-37.52569733,2294.571189,1941.085061,5859,0.893140244,198.47789,191.4239655,146.6618805
28935,B-20-1-04_masks.tif,133,5162,334.2842712,97.88028272,68.10765861,1.43714062,0.718210271,-29.64971566,3515.993995,1916.408756,3983,0.771600155,196.0715485,184.5776978,124.2149124
28936,B-20-1-04_masks.tif,134,5828,477.254834,173.4581346,45.0777993,3.847972556,0.965641696,-42.05147363,2250.201613,1934.769904,5421,0.930164722,216.9512939,211.3113861,163.7059631
28937,B-20-1-04_masks.tif,135,5009,401.7989899,166.4843962,39.57400162,4.206913361,0.971337646,-77.70454635,1231.176482,1921.206229,4893,0.976841685,202.7412567,199.830368,155.5710144
28938,B-20-1-04_masks.tif,136,8061,532.6690476,194.7130116,54.3519756,3.582445889,0.960250736,58.53806207,78.13583923,1984.317703,7336,0.910060787,189.6942444,183.1150513,135.2930756
28939,B-20-1-04_masks.tif,137,3740,292.9705627,105.9686556,45.6930796,2.319140153,0.902259099,-78.49242607,930.3245989,1957.252941,2891,0.772994652,198.4794159,194.0653687,148.3548889
28940,B-20-1-04_masks.tif,138,5403,399.4558441,153.4930284,45.88899233,3.344876857,0.954264181,-78.23841988,1232.170646,1964.710161,4735,0.876364982,206.6477356,202.3024292,156.1757202
28941,B-20-1-04_masks.tif,139,5084,454.6690476,168.7710136,42.28078067,3.991672125,0.968111016,-51.10654436,968.6789929,1996.416601,4668,0.918174666,207.2697144,197.9571533,146.4907837
28942,B-20-1-04_masks.tif,140,12646,819.9827561,317.3016741,54.11800615,5.863144205,0.98534782,67.74248755,457.7555749,2007.098371,9285,0.734224261,188.9023132,183.6936951,136.2010803
28943,B-20-1-04_masks.tif,141,5883,478.0832611,173.3376099,44.58249447,3.888019545,0.9663581,-53.12089764,1377.890022,2003.607173,5369,0.912629611,205.7429657,198.3706512,147.7032928
28944,B-20-1-04_masks.tif,142,9638,597.8406204,231.8259231,53.63952653,4.321923366,0.972863816,23.12577422,1497.236045,2061.934011,7596,0.788130317,190.7289429,180.5415955,141.5589752
28945,B-20-1-04_masks.tif,143,11356,857.0121933,310.9058307,57.19738504,5.435665119,0.982931835,2.664433501,5378.101004,2122.089204,6100,0.537160972,196.3865509,192.3949127,148.8606567
28946,B-20-1-04_masks.tif,144,5655,460.1837662,170.5634588,43.50115071,3.920895333,0.966929504,59.81814926,66.02564103,2025.719894,3952,0.698850575,187.233551,180.4701385,145.3497009
28947,B-20-1-04_masks.tif,145,6064,508.6690476,194.7744524,41.33869131,4.711674373,0.977217838,-55.66863208,983.0181398,2029.483839,5346,0.881596306,206.3572693,201.4691315,148.6960297
28948,B-20-1-04_masks.tif,146,20632,1115.497475,459.4004063,67.48721516,6.807221268,0.98915093,83.80496882,3438.641285,2031.719223,6427,0.311506398,189.1686707,181.2036743,123.1190262
28949,B-20-1-04_masks.tif,147,7329,584.627417,237.0542346,41.12467239,5.764282627,0.984837018,5.794819909,5414.291445,2099.290626,3986,0.54386683,192.8662872,195.6357269,126.5837936
28950,B-20-1-04_masks.tif,148,7162,543.254834,203.7591991,45.52193679,4.476066122,0.974724456,-61.62265613,1183.244624,2045.541329,6553,0.914967886,208.0495911,199.5304413,145.7663727
28951,B-20-1-04_masks.tif,149,6488,497.8406204,188.6404726,46.20194684,4.08295506,0.969543127,-59.6612398,1205.082922,2078.343403,6076,0.93649815,201.5729065,194.1398926,144.6637573
28952,B-20-1-04_masks.tif,150,8672,726.9533188,282.5389471,42.59320967,6.633427002,0.988571668,-45.20088046,1313.125692,2117.558349,6978,0.804658672,206.8697357,199.7245636,145.1617889
28953,B-20-1-04_masks.tif,151,15183,861.3553391,353.9983769,58.17553214,6.085004535,0.986404017,87.25359939,3217.598828,2055.02325,10830,0.713297767,199.4513397,193.1643524,148.6166229
28954,B-20-1-04_masks.tif,152,14555,757.6984848,308.7772313,62.18091287,4.965788005,0.979513623,2.655279005,3054.058537,2195.645345,5652,0.388320165,193.3067932,184.8080292,125.5799713
28955,B-20-1-04_masks.tif,153,19475,1154.793939,440.3390941,75.01875247,5.869720298,0.985380876,-37.4640772,3853.760924,2227.66706,7906,0.405956354,203.7934418,191.2652435,128.7087097
28956,B-20-1-04_masks.tif,154,8955,704.9533188,265.0720694,44.32684528,5.979944382,0.985918651,41.72497427,862.3823562,2172.764601,7128,0.795979899,200.4901733,193.0771637,156.3554993
28957,B-20-1-04_masks.tif,155,15286,1021.480231,358.2848064,55.9955071,6.398456322,0.987711575,54.94064392,796.4171137,2192.504579,11528,0.754154128,193.8464661,183.7178192,146.9365845
28958,B-20-1-04_masks.tif,156,12515,932.0660172,350.5297734,46.35355322,7.562090695,0.991217919,-40.24958904,3804.648981,2225.155733,7938,0.634278865,206.2815552,195.7314148,138.6477661
28959,B-20-1-04_masks.tif,157,6467,496.9116882,177.6486594,47.67640075,3.726134033,0.963314609,42.94175633,912.1905056,2165.993351,5676,0.877686717,191.8565826,186.4510193,142.1582031
28960,B-20-1-04_masks.tif,158,5189,475.4974747,179.3128219,38.05704564,4.711685285,0.977217944,-49.70846476,1147.673347,2162.63731,4861,0.936789362,206.9442444,199.2320557,149.1719818
28961,B-20-1-04_masks.tif,159,6343,506.3259018,178.6587558,46.4037383,3.85009403,0.965680223,-40.37874455,1173.891219,2193.15387,6088,0.959798203,208.3991394,201.1133423,162.8976746
28962,B-20-1-04_masks.tif,160,11572,669.1126984,278.5988869,55.06898878,5.059088483,0.980269818,81.44830606,1709.120463,2186.366315,6177,0.533788455,187.2711639,177.5298615,124.9145203
28963,B-20-1-04_masks.tif,161,9737,736.7695526,264.4965954,50.22315039,5.2664278,0.981806913,-5.964981576,519.2696929,2271.633974,5467,0.561466571,198.7203217,190.7347717,147.8366547
28964,B-20-1-04_masks.tif,162,8239,564.9705627,253.4576952,42.1009269,6.020240261,0.986107848,-3.183727171,564.2914189,2274.553829,7434,0.902293968,194.6998901,185.6972046,147.0375366
28965,B-20-1-04_masks.tif,163,8428,592.2253967,212.6527161,51.07109541,4.163856569,0.97073283,-49.02643475,1451.244423,2242.190199,7299,0.866041766,200.4578705,195.2745514,147.8224487
28966,B-20-1-04_masks.tif,164,9989,789.7401154,292.2324513,51.86213323,5.634794273,0.984126433,-21.33903722,1163.743418,2315.517669,8155,0.816398038,203.5010376,193.449173,154.432373
28967,B-20-1-04_masks.tif,165,16723,1106.953319,422.2897684,51.79598315,8.152944353,0.99244936,71.49455271,256.1267117,2282.63009,5390,0.32231059,177.7499084,171.996109,141.5549164
28968,B-20-1-04_masks.tif,166,9436,672.0832611,260.879278,47.92123266,5.443918353,0.982983996,-20.01578613,1208.785926,2321.175392,8178,0.866680797,204.1615295,195.1319427,147.2432098
28969,B-20-1-04_masks.tif,167,8864,496.2842712,188.8271764,60.91100308,3.100050349,0.946543769,-13.34001312,1533.164711,2290.951264,7913,0.892712094,201.9703064,191.9967194,141.6158295
28970,B-20-1-04_masks.tif,168,7440,499.8406204,166.7490237,59.74083944,2.791206573,0.933618787,62.57268071,826.2139785,2277.696102,5710,0.767473118,195.565506,186.4842377,142.4684753
28971,B-20-1-04_masks.tif,169,7818,540.627417,228.4427236,45.82844172,4.98473688,0.979670693,6.793752464,1078.058327,2373.276413,7249,0.927219238,199.4200592,192.7926636,147.3748169
28972,B-20-1-04_masks.tif,170,6158,436.3847763,178.1686054,45.41243774,3.923343786,0.966971473,5.38193301,1040.192433,2376.118383,4484,0.728158493,200.2082977,191.6260071,153.9966583
28973,B-20-1-04_masks.tif,171,13577,930.6101731,346.7499227,54.13054455,6.405808875,0.987739943,27.82497271,925.0510422,2527.328055,10241,0.754290344,196.5278778,187.0011749,155.9341888
28974,B-20-1-04_masks.tif,172,9093,719.0538239,285.8029989,42.00056742,6.804741375,0.989142977,28.94674337,1001.230837,2484.919499,8178,0.899373144,190.7125244,181.4391022,150.9575653
28975,B-20-1-04_masks.tif,173,4576,434.6690476,162.1770623,38.06671989,4.260337187,0.97206225,-44.34031067,1661.919143,2424.883304,4134,0.903409091,200.3955078,193.9620209,149.7987366
28976,B-20-1-04_masks.tif,174,4252,383.5979797,135.7901684,40.65843283,3.339778711,0.954121084,-43.00580785,1694.904986,2438.706256,3810,0.896048918,210.883728,204.5845184,151.3776855
28977,B-20-1-04_masks.tif,175,13183,807.6396103,299.4354845,60.0254018,4.988479469,0.979701502,25.5453932,879.5743002,2551.592733,9331,0.707805507,194.8311005,185.4681244,148.9396667
28978,B-20-1-04_masks.tif,176,5900,511.254834,194.7274417,41.49387425,4.692920226,0.977033243,30.85698486,955.1333898,2476.730678,4728,0.801355932,199.446701,192.1123047,165.7942047
28979,B-20-1-04_masks.tif,177,12688,975.1959595,356.5024505,65.63333455,5.43172845,0.982906871,58.89529172,3569.849858,2647.633354,4772,0.376103405,190.1070862,185.7759857,134.470871
28980,B-20-1-04_masks.tif,178,7767,709.0538239,256.0197011,42.51545228,6.021803542,0.986115111,60.6818763,3550.468649,2674.19261,1772,0.228144715,196.7257385,191.0485382,129.7838593
28981,B-20-1-04_masks.tif,179,13301,813.4974747,314.8732956,59.87302338,5.259017799,0.981755132,-73.19369273,3266.855124,2650.236448,6510,0.489436884,196.9324188,189.2477722,123.5093689
28982,B-20-1-04_masks.tif,180,6794,480.7695526,183.9403804,47.82300049,3.846274356,0.96561081,-27.36382152,1481.030468,2691.123344,5873,0.864439211,194.0636749,185.7626495,144.3085327
28983,B-20-1-04_masks.tif,181,8696,808.8111832,300.1885298,43.90356603,6.837452103,0.989247173,65.64894074,515.9147884,2714.623275,5008,0.575896964,187.7663727,179.4842224,147.072876
28984,B-20-1-04_masks.tif,182,6851,555.0121933,217.7239689,41.77813074,5.211433949,0.981417267,-67.19859386,1640.48679,2683.532915,6427,0.938111225,195.9480286,188.2434998,154.8792572
28985,B-20-1-04_masks.tif,183,8406,625.3969696,229.3775613,51.89202719,4.420285229,0.974073972,53.85467974,3484.869498,2721.16738,5072,0.603378539,197.2184601,193.2941589,153.8046112
28986,B-20-1-04_masks.tif,184,7767,619.8406204,248.196497,41.00894496,6.052252678,0.986255441,-71.00299396,1659.071971,2718.704648,6187,0.796575254,204.419754,198.3853302,159.1986389
28987,B-20-1-04_masks.tif,185,9963,892.7523087,301.4534513,45.18181485,6.672008469,0.988704209,-52.92267083,4101.832581,2821.801465,6281,0.630432601,200.0203857,194.100296,142.7559357
28988,B-20-1-04_masks.tif,186,5391,413.0121933,141.513969,51.11758638,2.768400838,0.932480868,-36.49550911,1360.468002,2798.783343,5130,0.951585977,198.3284607,191.7163696,143.3692017
28989,B-20-1-04_masks.tif,187,6763,438.1421356,187.7321119,46.75885253,4.014899889,0.968484916,-85.47827339,949.4836611,2768.48233,5097,0.753659619,193.6558685,190.1430206,142.7410278
28990,B-20-1-04_masks.tif,188,7399,583.1543289,221.2191037,44.71769324,4.947015099,0.979356203,56.59543188,2024.56413,2829.446277,6678,0.902554399,183.0272522,175.0003052,140.7879639
28991,B-20-1-04_masks.tif,189,6711,531.5563492,240.2331888,36.48106717,6.585146965,0.98840249,-86.22509241,1162.838027,2796.704962,6100,0.908955446,196.3749237,191.5270538,157.6588593
28992,B-20-1-04_masks.tif,190,4571,374.1837662,124.2433043,49.58168939,2.505830394,0.916920764,-51.3183917,1419.922993,2830.819077,4359,0.953620652,198.8180847,191.8829956,138.6306458
28993,B-20-1-04_masks.tif,191,5923,468.3847763,203.7243196,38.60575337,5.277045566,0.981880726,-86.64373631,1159.444876,2833.141989,4106,0.693229782,194.8974609,185.4817352,158.2644958
28994,B-20-1-04_masks.tif,192,6378,540.3259018,195.3353265,43.05578858,4.536795932,0.975405084,57.80082182,76.96895579,2893.43211,4435,0.695359047,189.6252594,183.2423859,160.4940186
28995,B-20-1-04_masks.tif,193,4790,381.5979797,124.3381651,50.97827827,2.439042065,0.912086858,-40.9408941,1292.141545,2884.893319,4403,0.919206681,206.3872375,197.9627533,147.8455658
28996,B-20-1-04_masks.tif,194,5245,405.0121933,134.1049249,52.08359976,2.574801387,0.921499532,-47.79566144,1338.939752,2900.988942,4408,0.840419447,211.6637878,205.8441467,147.31987
28997,B-20-1-04_masks.tif,195,5870,464.8700577,187.7374594,40.73293341,4.608984517,0.976178821,72.3010464,2193.683305,2945.531857,4712,0.802725724,190.7232666,183.6194763,153.5203705
28998,B-20-1-04_masks.tif,196,12996,908.6101731,344.3331783,49.08596609,7.014900709,0.98978707,26.44367783,3486.778855,3110.689905,8541,0.657202216,195.8741302,190.2216339,156.4245453
28999,B-20-1-04_masks.tif,197,4964,350.7279221,142.7267239,46.06211484,3.098570796,0.946491264,85.38503926,60.59891217,2981.237107,4354,0.87711523,192.6979828,186.5417938,142.1107025
29000,B-20-1-04_masks.tif,198,15667,1068.509668,410.7881124,66.13696851,6.211172384,0.986954374,28.52790059,3471.989979,3165.564179,6001,0.383034404,195.4900818,188.059494,150.8130341
29001,B-20-1-04_masks.tif,199,6105,443.2132034,178.6608102,44.75683354,3.991810771,0.968113267,-88.68640965,2173.416708,2996.853563,4588,0.751515152,199.2532654,190.951828,151.903656
29002,B-20-1-04_masks.tif,200,13465,993.5979797,448.1886977,42.697002,10.49695943,0.995451882,6.031876666,3700.269959,3210.226216,7456,0.553731898,205.6986389,198.9255676,157.5688019
29003,B-20-1-04_masks.tif,201,12420,796.5269119,331.3307493,51.63923825,6.416259427,0.987780095,7.129112287,3736.685829,3212.864332,6850,0.551529791,204.0833588,200.0509491,160.5973663
29004,B-20-1-04_masks.tif,202,4807,388.627417,150.1613918,45.08078753,3.330939854,0.953871382,-12.76032102,2965.482005,3156.696484,4133,0.859787809,200.7812653,195.642395,149.8511963
29005,B-20-1-04_masks.tif,203,5404,412.0416306,154.0729159,46.47895056,3.314896616,0.953412868,14.58631936,3101.00185,3173.003146,4669,0.863989637,188.4309235,178.2940674,143.6491699
29006,B-20-1-04_masks.tif,204,8226,708.7695526,261.7067654,46.94877429,5.574304534,0.983777203,2.52360475,3652.767809,3237.291879,3166,0.384877219,196.6171875,190.4128265,170.8866119
29007,B-20-1-04_masks.tif,205,3842,343.3137085,148.0359127,35.21497757,4.203776999,0.971294229,-1.056283008,3039.3886,3172.452369,3196,0.831858407,199.0262756,188.5804138,129.9978027
29008,B-20-1-04_masks.tif,206,8704,607.4558441,231.439172,48.74741521,4.747721925,0.977566431,3.304276563,3609.849724,3241.288488,6257,0.71886489,197.9920044,189.3835754,156.2165527
29009,B-20-1-04_masks.tif,207,4247,368.9705627,146.8782443,38.64766884,3.800442529,0.964761136,-8.547091466,3006.265364,3196.833294,3682,0.866964916,202.626297,192.8427429,153.0752258
29010,B-20-1-04_masks.tif,208,5079,370.3847763,137.6088059,47.95463194,2.869562342,0.937314284,-9.511974016,2610.879701,3186.022839,3507,0.690490254,196.4801788,194.0715637,158.1505585
29011,B-20-1-04_masks.tif,209,3931,371.5979797,125.8669728,42.7363549,2.945196731,0.940593099,-42.2129607,1936.923175,3231.4551,3780,0.961587382,198.9962921,193.7767181,148.9529114
29012,B-20-1-04_masks.tif,210,16474,1143.03658,423.8625232,56.04062992,7.56348606,0.991221173,49.43820946,3549.056088,3373.981425,7378,0.44785723,193.3464355,188.4029541,149.7066956
29013,B-20-1-04_masks.tif,211,8857,707.7989899,306.9087673,38.21561281,8.030978566,0.992217371,2.58969957,2100.123067,3399.936209,4593,0.51857288,191.4981537,182.3742676,149.5270996
29014,B-20-1-04_masks.tif,212,5638,379.2132034,133.2237201,56.40898329,2.361746522,0.905935618,4.749386077,2184.475523,3299.838773,4159,0.737672934,192.0180359,183.5378723,128.4039459
29015,B-20-1-04_masks.tif,213,8021,577.6396103,210.7650961,50.20304634,4.198253124,0.97121752,-45.47311647,1926.734572,3309.794913,7619,0.949881561,204.7640076,198.2581635,149.4120026
29016,B-20-1-04_masks.tif,214,4284,372.1837662,126.4518161,44.84820017,2.819551635,0.934992942,-37.21094071,1870.697012,3311.249533,3937,0.919000934,207.7680969,201.8681793,154.0891571
29017,B-20-1-04_masks.tif,215,19135,1360.208153,504.3712385,68.48435314,7.364766043,0.990738788,61.4861232,3469.882989,3415.535145,7958,0.415887118,200.6002808,192.100647,160.5512695
29018,B-20-1-04_masks.tif,216,4078,338.1421356,138.1404566,39.9776347,3.455443466,0.95720872,88.83895193,2389.277342,3302.745463,4048,0.992643453,182.59758,173.746048,142.6064758
29019,B-20-1-04_masks.tif,217,7479,507.2132034,209.9032842,46.12315568,4.550930679,0.975559537,7.846337282,2056.665731,3397.508223,5548,0.741810402,194.7774048,184.8078613,156.753067
29020,B-20-1-04_masks.tif,218,1605,178.4852814,59.68847877,35.59287559,1.676978266,0.802753766,-66.84657446,24.94641745,3338.54081,1218,0.758878505,184.674881,178.5353088,131.2906342
29021,B-20-1-04_masks.tif,219,6716,517.1126984,206.4421276,42.24688225,4.886564798,0.978836733,73.52024213,520.1216498,3360.712031,6086,0.906194163,189.1786041,180.7379303,143.6552734
29022,B-20-1-04_masks.tif,220,6879,521.2132034,221.7740537,40.35922243,5.495003133,0.983301581,-85.99611499,2381.443233,3352.791394,5919,0.860444832,197.2672729,191.001358,158.227066
29023,B-20-1-04_masks.tif,221,12857,852.8111832,326.4482538,52.31397919,6.240172491,0.987076138,67.27688334,3299.976122,3393.869799,9955,0.774286381,192.9944763,186.6415863,152.9487762
29024,B-20-1-04_masks.tif,222,6587,491.9411255,189.561848,45.01469576,4.211110279,0.97139559,-66.95700043,773.888872,3383.347654,6210,0.942766054,196.1636047,191.5413818,150.8051605
29025,B-20-1-04_masks.tif,223,5502,368.9705627,139.0684508,51.99273383,2.674767041,0.927483401,-3.467623135,2199.923301,3408.874773,4161,0.756270447,193.9822083,184.9132385,133.9223785
29026,B-20-1-04_masks.tif,224,1986,210.7279221,71.22150006,36.82594693,1.934003223,0.855947814,-66.36277864,30.07200403,3373.708963,1531,0.770896274,191.8510742,185.7994843,143.2540894
29027,B-20-1-04_masks.tif,225,6927,544.0832611,200.2897824,45.09284346,4.44171995,0.974326883,-63.98212044,776.527068,3426.628988,6624,0.95625812,203.9497223,198.7380676,160.2205658
29028,B-20-1-04_masks.tif,226,11856,786.5685425,300.7368211,51.85078474,5.800043773,0.985024839,68.93021856,3315.896424,3454.807692,8993,0.758518893,193.8132935,185.3822937,156.6516113
29029,B-20-1-04_masks.tif,227,8063,696.7106781,267.7791573,39.33458636,6.807727806,0.989152553,-54.97416935,2330.361652,3484.592211,7250,0.899169044,203.8264771,199.0682831,158.5319977
29030,B-20-1-04_masks.tif,228,12376,853.4386002,330.4677459,53.18320469,6.213761428,0.986965314,-50.42520376,757.0277957,3525.893019,10575,0.854476406,197.5553589,190.5588684,145.9293671
29031,B-20-1-04_masks.tif,229,6613,479.254834,167.8777729,50.76029963,3.307265208,0.953192339,-52.68672283,855.3010736,3509.822168,5607,0.847875397,199.6126251,194.1683655,151.8418121
29032,B-20-1-04_masks.tif,230,9125,690.2253967,251.8944904,47.98906527,5.24899764,0.981684757,-57.82831791,2358.052384,3522.096877,7849,0.860164384,202.6163788,196.713089,156.9891663
29033,B-20-1-04_masks.tif,231,6957,580.5685425,212.2792261,42.57510732,4.985993916,0.979681049,-55.50725994,688.4737674,3532.677878,6106,0.87767716,200.7584381,195.7397614,157.4372711
29034,B-20-1-04_masks.tif,232,8100,545.9411255,216.0950157,48.39565642,4.465173771,0.974599383,-72.16861993,205.6246914,3519.052593,6532,0.806419753,189.0679779,184.3098602,144.6520233
29035,B-20-1-04_masks.tif,233,7280,576.6690476,229.1891529,42.15828386,5.436396644,0.982936468,-61.63110733,253.9495879,3570.009341,5908,0.811538462,189.5316467,184.3241425,136.9282379
29036,B-20-1-04_masks.tif,234,5511,435.7989899,180.0483738,40.39617186,4.45706525,0.974505668,-78.26972438,3222.33043,3547.667392,5162,0.93667211,191.1811371,183.8328094,145.8413391
29037,B-20-1-04_masks.tif,235,4147,345.2132034,131.0238478,40.99529503,3.196070372,0.949791273,-20.31521918,369.9927659,3589.78804,3644,0.878707499,187.4539032,179.6668549,130.3701935
29038,B-20-1-04_masks.tif,236,8484,735.1543289,248.4412965,45.97230448,5.404151462,0.982730439,-65.27618951,1355.263437,3598.909241,6054,0.713578501,191.3181305,184.4055176,130.5966339
29039,B-20-1-04_masks.tif,237,10186,612.5269119,243.6074347,54.11931704,4.501302827,0.9750107,-79.76085908,3239.92205,3588.50805,7380,0.724523856,201.9676208,195.2917328,163.2111053
29040,B-20-1-04_masks.tif,238,2250,294.3847763,105.2350807,36.23021172,2.904622296,0.938867445,33.40613791,32.66755556,3610.591556,0,0,,,
29041,B-20-1-04_masks.tif,239,5707,446.3847763,186.5276904,43.03645475,4.334178814,0.973019186,-86.18755241,2782.866129,3623.491326,4821,0.844752059,183.2735901,173.7338715,133.051239
29042,B-20-1-04_masks.tif,240,2005,307.8994949,140.5381128,19.79384683,7.100090952,0.990031906,-89.48249295,3072.695761,3635.007481,0,0,,,
29043,B-20-1-05_masks.tif,1,6861,461.9411255,159.5015498,61.27229076,2.603159566,0.923271295,-56.70333241,2455.631978,42.47660691,2487,0.362483603,211.3530426,201.6779327,166.7129059
29044,B-20-1-05_masks.tif,2,9576,616.5269119,206.9458661,65.33961888,3.167234056,0.948848109,80.01920486,3791.841583,34.06307435,1648,0.172096909,202.5091095,206.7178345,114.7439346
29045,B-20-1-05_masks.tif,3,5740,478.6690476,168.6733126,45.5474025,3.703247679,0.962850998,-37.0477592,5268.005749,61.36567944,5044,0.878745645,212.4571838,205.7276001,150.3860016
29046,B-20-1-05_masks.tif,4,2866,314.627417,121.487591,32.71287298,3.713754859,0.963064935,-63.92623049,2389.601535,32.89009072,2401,0.837752966,195.7938385,194.3898315,133.6459808
29047,B-20-1-05_masks.tif,5,9095,641.2964646,227.5713867,52.74508555,4.314551477,0.972769708,41.18633746,3356.949313,90.62737768,7745,0.851566795,198.0067139,189.0583649,149.1848907
29048,B-20-1-05_masks.tif,6,1515,208.1421356,75.98393927,27.59195239,2.753844244,0.931738974,-66.29664123,5162.952475,21.71551155,1369,0.903630363,204.682251,202.4579926,128.3579254
29049,B-20-1-05_masks.tif,7,4182,363.6984848,128.4256005,43.01947228,2.985290003,0.94222672,-52.15106653,5221.009087,42.52104256,3684,0.880918221,208.7470093,205.3075409,146.0477753
29050,B-20-1-05_masks.tif,8,5165,437.0121933,161.7254823,43.07372006,3.754620732,0.963879563,-42.779911,5323.149661,62.59883833,4449,0.861374637,206.9399872,202.4589844,132.403244
29051,B-20-1-05_masks.tif,9,12129,876.2670273,332.3029218,55.94161244,5.94017418,0.985728098,37.03308771,3436.694451,117.9984335,5910,0.487261934,193.4680176,190.4123535,147.4089661
29052,B-20-1-05_masks.tif,10,6593,510.6690476,189.2646864,45.72147822,4.13951372,0.970382333,-54.09923915,2481.195207,81.12937965,4485,0.68026695,211.4392395,202.746933,170.9661102
29053,B-20-1-05_masks.tif,11,12026,841.9238816,300.0094374,55.68972982,5.387159147,0.982620358,44.93238474,3346.222684,145.4916015,9296,0.772991851,202.700943,191.1123047,139.5982208
29054,B-20-1-05_masks.tif,12,14659,1038.308658,375.5933244,57.67222392,6.512551431,0.988140934,45.19571197,3326.180026,191.7968484,3940,0.268776861,183.7063446,183.0027924,139.1185303
29055,B-20-1-05_masks.tif,13,7889,647.9827561,241.4693381,49.43507947,4.884574692,0.978819298,-59.53201892,2484.664723,121.8063126,4792,0.607428064,202.1012115,195.5511322,146.325119
29056,B-20-1-05_masks.tif,14,7238,616.5685425,245.2389862,39.30214137,6.239837771,0.987074743,-56.65054049,2506.002763,156.8539652,55,0.007598784,230.6727295,188.3818207,185.5090942
29057,B-20-1-05_masks.tif,15,5330,542.6690476,208.695009,35.88214229,5.81612456,0.985108158,-31.55492001,5372.790432,186.3971857,4904,0.920075047,206.2387848,201.6360168,139.8511353
29058,B-20-1-05_masks.tif,16,12259,796.8111832,299.5889022,57.70398625,5.191823333,0.981275278,67.66571907,2043.190309,156.3889387,6581,0.536830084,199.0474091,195.3745575,145.9279785
29059,B-20-1-05_masks.tif,17,10022,728.1248917,268.0921831,49.8885614,5.373820683,0.982533206,-52.32310937,2529.85003,203.022251,5434,0.542207144,206.9370575,205.0811615,160.9906158
29060,B-20-1-05_masks.tif,18,8705,611.0121933,242.8768465,46.56271731,5.216122696,0.981450976,72.26147269,2026.770706,196.8889144,146,0.01677197,211.3972626,183.4315033,190.7191772
29061,B-20-1-05_masks.tif,19,10921,1044.710678,375.0540852,56.07084201,6.688932639,0.988761622,-16.6280056,3727.252541,361.705613,4095,0.374965662,202.8336945,196.5216064,149.2559204
29062,B-20-1-05_masks.tif,20,6182,525.9411255,205.98006,39.63534641,5.196878007,0.981312032,70.01427175,2009.363636,231.1478486,1081,0.174862504,218.8621674,204.1517181,201.4912109
29063,B-20-1-05_masks.tif,21,16787,1183.195959,457.4535234,64.13188021,7.133012815,0.990124165,15.76670268,906.5417883,418.0145946,11707,0.697384881,201.2471161,194.8551331,163.8105469
29064,B-20-1-05_masks.tif,22,3282,374.5269119,138.7908858,31.91632537,4.348586005,0.973200127,-30.48604318,5404.323278,282.8820841,2960,0.901889092,206.8486481,202.0739899,125.0185776
29065,B-20-1-05_masks.tif,23,7430,536.5269119,219.096246,46.59079397,4.702565193,0.977128457,74.20352846,1994.635397,266.0323015,6097,0.820592194,198.8138428,197.90979,138.3158875
29066,B-20-1-05_masks.tif,24,9585,732.4264069,270.579906,47.88900408,5.650146858,0.98421327,15.72792235,872.1153886,435.7684924,7504,0.782889932,197.3200989,191.7536011,158.8462219
29067,B-20-1-05_masks.tif,25,8477,575.2132034,250.665807,44.86686083,5.586880883,0.983850757,-88.73482516,1694.316975,312.3523652,7099,0.837442491,205.6588287,204.3125763,169.6282501
29068,B-20-1-05_masks.tif,26,18419,1085.195959,401.7521977,59.94196602,6.702352699,0.988806837,21.97583268,4039.529942,501.0468538,8585,0.466094793,196.5308075,194.4465942,132.213974
29069,B-20-1-05_masks.tif,27,11094,789.1126984,340.5944175,42.21233144,8.0686,0.992290059,81.97386256,1170.827024,352.1762214,4859,0.437984496,194.9388733,192.2084808,147.3741455
29070,B-20-1-05_masks.tif,28,14651,868.6690476,339.1073212,59.99229589,5.652514479,0.984226598,-12.51326341,4204.106273,487.6288308,8941,0.610265511,203.3058929,193.008606,140.8118744
29071,B-20-1-05_masks.tif,29,12275,880.9116882,351.9511142,53.12110031,6.625448497,0.988543967,79.08923682,1173.055397,390.1358859,509,0.041466395,166.7838898,124.3673859,142.1434174
29072,B-20-1-05_masks.tif,30,1356,187.3137085,63.34486189,30.6448685,2.067062611,0.875190592,-56.49341927,22.3259587,378.4918879,1119,0.825221239,168.9597931,168.9687195,117.477211
29073,B-20-1-05_masks.tif,31,8620,650.3259018,256.2684172,45.73351907,5.603514062,0.983947268,-26.58748252,2611.987587,464.0858469,7757,0.899883991,210.9642944,202.4563599,144.7682037
29074,B-20-1-05_masks.tif,32,3301,263.8994949,96.88137642,44.08438405,2.197634798,0.890473728,-82.64397124,1638.280521,391.4668282,2867,0.868524689,204.202301,196.8336182,141.4070435
29075,B-20-1-05_masks.tif,33,2481,275.8994949,112.8631013,30.2008345,3.737085521,0.963533369,-79.84027853,1727.385732,385.4675534,0,0,,,
29076,B-20-1-05_masks.tif,34,8729,662.6690476,253.0347385,46.8875068,5.396634536,0.982681872,-22.45468698,2558.650475,477.4251346,6746,0.772826211,202.4881439,194.999115,161.3987579
29077,B-20-1-05_masks.tif,35,4378,386.2842712,148.0690301,39.46289196,3.752107935,0.963830258,-21.6870671,2667.618776,439.1324806,4122,0.941525811,196.7610321,187.3330841,139.2765656
29078,B-20-1-05_masks.tif,36,10520,649.4974747,231.9056202,59.35140717,3.907331457,0.966695543,-25.11217959,4258.048764,500.8759506,6865,0.65256654,204.5156555,193.8719635,149.7779999
29079,B-20-1-05_masks.tif,37,15260,1065.580736,366.5681127,57.21036406,6.407372487,0.987745963,-31.22227181,659.9420052,582.4164482,6485,0.424967235,201.1488037,193.0814209,147.5475769
29080,B-20-1-05_masks.tif,38,9955,632.1837662,248.8980735,51.82165324,4.802974392,0.978085355,-18.06444744,4302.105274,556.0475138,8241,0.827825213,206.2184143,199.7340088,135.3005676
29081,B-20-1-05_masks.tif,39,15839,901.8406204,373.9708584,57.76586235,6.473907653,0.987998071,7.963828781,877.056443,678.9409685,7463,0.471178736,184.6872559,174.2841949,126.411232
29082,B-20-1-05_masks.tif,40,14450,913.8406204,344.4342167,61.45224374,5.604908719,0.983955321,84.2630517,3003.620415,601.2933564,9228,0.638615917,200.7463226,192.1944122,135.6343689
29083,B-20-1-05_masks.tif,41,2719,288.2842712,98.71369894,35.92269919,2.747947709,0.931434919,-35.00480333,682.9275469,618.7767562,2124,0.781169548,202.7264557,195.1238251,141.6068726
29084,B-20-1-05_masks.tif,42,17772,993.9827561,381.484009,68.9634033,5.531687688,0.983524174,76.36621524,3927.926007,626.3484695,8840,0.497411659,188.8934326,185.7677612,136.9726257
29085,B-20-1-05_masks.tif,43,5562,387.6984848,131.8913013,56.23909619,2.345188849,0.904532403,-42.83367602,1592.334951,654.1150665,4600,0.827040633,191.7443542,183.75,128.7776031
29086,B-20-1-05_masks.tif,44,5853,418.8700577,160.0850213,47.59242087,3.363666282,0.954785782,-70.29114046,1135.933197,642.0298992,4690,0.801298479,200.9993591,193.3661041,135.7196198
29087,B-20-1-05_masks.tif,45,13171,897.1126984,382.5855014,47.41590215,8.06871712,0.992290284,83.04838164,3018.307722,646.8341812,6565,0.49844355,202.3089142,197.5299377,168.1515656
29088,B-20-1-05_masks.tif,46,6226,480.7695526,185.6478007,45.44650876,4.084973869,0.969573696,-68.09786277,1213.666881,656.1941857,5850,0.939608095,198.1853027,192.437088,143.6100922
29089,B-20-1-05_masks.tif,47,12548,1013.882251,435.2508199,43.61584726,9.979189841,0.994966456,-71.42065256,3523.556184,698.8360695,4978,0.396716608,200.6207275,193.657486,147.7320251
29090,B-20-1-05_masks.tif,48,18284,1080.852814,417.2454663,58.48127766,7.134684518,0.990128816,65.54340477,404.8318749,717.4086086,10816,0.591555458,187.1745605,184.356781,136.1413574
29091,B-20-1-05_masks.tif,49,13938,831.7401154,317.6925287,56.56823639,5.616093924,0.984019686,72.05884413,2954.305209,697.8123117,12177,0.873654757,204.1955261,198.915741,155.2719879
29092,B-20-1-05_masks.tif,50,4787,387.6984848,141.6863019,44.50200381,3.183818476,0.949393789,-29.89774177,2560.619386,707.4380614,3886,0.811781909,211.3162689,205.2110138,151.0645905
29093,B-20-1-05_masks.tif,51,5113,408.2842712,155.0235917,43.52610308,3.561623502,0.959774838,-19.15602842,2599.905535,720.4326227,3963,0.775083121,202.2992706,194.9490356,142.1405487
29094,B-20-1-05_masks.tif,52,6321,458.5269119,173.0842441,47.52733987,3.641782699,0.961561177,-67.76912283,1205.102357,705.5677899,5864,0.927701313,196.4708405,191.0605316,142.2089081
29095,B-20-1-05_masks.tif,53,11535,781.882251,286.4477012,56.29756436,5.088101135,0.980496414,63.13433886,2907.33342,747.3116602,9029,0.782748158,195.7941132,192.5501099,150.421524
29096,B-20-1-05_masks.tif,54,12343,819.4386002,292.3532334,55.1981723,5.296429596,0.982014322,-35.19177996,3570.656566,797.8044236,7352,0.595641254,205.498642,196.9802704,133.8075409
29097,B-20-1-05_masks.tif,55,9808,677.1126984,277.245611,45.98337599,6.029257422,0.986149662,-79.36733568,4179.301285,719.5032626,5327,0.543128059,196.300354,192.592453,141.5558472
29098,B-20-1-05_masks.tif,56,10247,647.1543289,230.3963819,58.22457893,3.957029593,0.967540812,60.76339073,3190.327023,755.0170782,7229,0.705474773,189.3176117,181.6226349,136.1813507
29099,B-20-1-05_masks.tif,57,5446,527.9411255,211.7479327,34.88122853,6.070541136,0.986338705,-72.76760093,3510.717407,736.6065002,4269,0.783878076,206.6488647,201.4111023,151.947998
29100,B-20-1-05_masks.tif,58,2394,327.2132034,123.385261,31.76457264,3.884367102,0.9662937,79.11040184,43.66583124,749.012949,1204,0.502923977,182.4435272,180.5498352,134.1677704
29101,B-20-1-05_masks.tif,59,5508,344.627417,119.887685,59.21813596,2.024509604,0.869492138,-67.73821803,960.4133987,758.0056282,4329,0.785947712,193.1245117,186.0522003,127.1388321
29102,B-20-1-05_masks.tif,60,12170,800.0243866,281.4703838,57.28793119,4.913257957,0.979068515,49.41656634,3353.217173,814.5345111,6814,0.559901397,189.9333649,183.8900757,140.3778992
29103,B-20-1-05_masks.tif,61,8085,525.0121933,194.5576381,54.85570974,3.546716268,0.959428822,-62.34429859,1344.844527,779.0680272,6384,0.78961039,196.4158783,193.6788788,135.9718018
29104,B-20-1-05_masks.tif,62,11442,757.7817459,277.5957764,54.52341013,5.091313543,0.980521263,-50.21027478,108.8201363,827.7933928,4758,0.415836392,196.292984,188.3051758,143.8505707
29105,B-20-1-05_masks.tif,63,11467,904.1665222,343.4890359,43.44565379,7.906177164,0.991968727,-54.2210531,141.7189326,863.499782,9808,0.855323973,199.5671844,194.5466003,147.5993042
29106,B-20-1-05_masks.tif,64,6162,466.0416306,190.2306893,42.72121107,4.45283934,0.974456621,-80.97411371,1089.028562,782.7718273,5215,0.846316131,197.3426666,194.9138947,138.9290466
29107,B-20-1-05_masks.tif,65,15699,1076.367532,435.7528342,48.70629881,8.946539663,0.993733534,19.466183,839.9878973,970.4736607,9138,0.582075291,193.170929,189.7329865,155.817688
29108,B-20-1-05_masks.tif,66,3339,280.627417,91.91757532,48.34527252,1.901273289,0.850507256,-49.84452429,32.31386643,824.6013777,2131,0.638215034,193.8864441,191.8000946,144.2027283
29109,B-20-1-05_masks.tif,67,11290,719.6396103,263.9691938,58.71356191,4.495881108,0.974949619,62.30558392,1083.956333,865.438884,4420,0.3914969,191.8366547,186.1169739,141.8950195
29110,B-20-1-05_masks.tif,68,7128,433.2132034,170.4808305,54.85866616,3.107637179,0.946811785,-85.41975983,2996.140993,836.7530864,6123,0.859006734,201.9121399,193.6248627,153.0223694
29111,B-20-1-05_masks.tif,69,13350,812.9116882,321.2948612,57.36435141,5.600949952,0.983932447,17.52007025,799.2493633,981.5113109,6777,0.507640449,195.5219116,188.3039703,158.031723
29112,B-20-1-05_masks.tif,70,9059,722.8111832,273.7752045,45.4220335,6.02736565,0.986140905,62.16931665,1070.488244,905.8218346,121,0.013356883,235.2313995,206.3636322,191.8760376
29113,B-20-1-05_masks.tif,71,7368,612.8111832,234.0778828,43.13603666,5.42650417,0.982873656,-41.74552498,2299.321661,925.9222313,6548,0.888707926,212.8796539,204.5534515,161.6302643
29114,B-20-1-05_masks.tif,72,6082,456.6690476,163.7517225,48.41538066,3.38222524,0.955292202,-44.2317345,2254.747123,918.1106544,5119,0.841663926,202.1863708,195.7888184,160.193985
29115,B-20-1-05_masks.tif,73,5874,381.5563492,153.844325,50.65296452,3.037222528,0.944243419,-89.81331025,3005.876404,881.6116786,5377,0.915389854,197.6142883,190.8391266,142.061554
29116,B-20-1-05_masks.tif,74,6293,497.4558441,197.7186932,42.65111695,4.635721345,0.976456112,-6.082444081,3237.790243,944.9108533,4656,0.739869696,204.3434296,199.2444153,140.0427399
29117,B-20-1-05_masks.tif,75,5914,500.9705627,222.8458944,35.59730117,6.260190719,0.987159196,-5.876942487,3293.501691,958.6657085,5273,0.891613121,195.6381531,190.5609741,144.5770874
29118,B-20-1-05_masks.tif,76,11597,829.9827561,305.8349849,50.88063515,6.010832687,0.986064021,68.01426088,1033.704665,941.8339226,4904,0.422867983,197.9376068,188.8274841,147.6580353
29119,B-20-1-05_masks.tif,77,14552,995.6812409,394.738789,50.09218672,7.8802467,0.991915569,33.31477705,2979.432793,1070.85033,7453,0.512163277,188.6931458,183.8110809,140.0154266
29120,B-20-1-05_masks.tif,78,19210,1094.308658,406.3592438,71.55176096,5.679234701,0.984375849,44.18463943,766.8211869,1087.990578,11004,0.572826653,187.9624634,180.3172455,139.380127
29121,B-20-1-05_masks.tif,79,12334,798.8111832,295.4138876,54.13671597,5.456812117,0.983065006,67.83838338,1022.618696,989.1272904,7676,0.622344738,196.0969238,190.215744,140.5997925
29122,B-20-1-05_masks.tif,80,12602,752.4264069,299.4591102,55.63456076,5.382609409,0.982590704,-75.31775352,3454.929694,994.0518965,7349,0.583161403,197.7402344,191.47789,144.4470062
29123,B-20-1-05_masks.tif,81,9970,702.4264069,282.1683564,47.55704289,5.933261178,0.98569458,-77.06965245,2339.859679,993.8088265,5708,0.572517553,206.952179,201.4300995,159.2508698
29124,B-20-1-05_masks.tif,82,9280,609.5979797,235.2126814,51.43314614,4.573173119,0.975799641,21.57751364,52.02435345,1082.113039,1917,0.206573276,179.2003174,170.2394409,134.5821533
29125,B-20-1-05_masks.tif,83,5326,484.5269119,190.0926468,36.64852625,5.186911078,0.981239456,-68.60151885,2327.871386,1037.253474,3935,0.738828389,206.0371094,200.8739471,146.3420563
29126,B-20-1-05_masks.tif,84,8279,584.627417,254.7955081,43.66714777,5.834947348,0.985204801,-8.296096038,3127.995168,1125.034183,7212,0.8711197,209.4105682,201.060318,153.6788635
29127,B-20-1-05_masks.tif,85,8754,540.8700577,221.6117933,51.68479856,4.287755772,0.972423461,-10.31785533,3171.802262,1111.787526,7690,0.878455563,198.8769836,189.9602051,143.9447327
29128,B-20-1-05_masks.tif,86,10010,691.6984848,291.1052523,47.07326427,6.184088927,0.986839092,7.64591617,3492.912288,1190.140659,5930,0.592407592,199.049408,190.4723511,153.4210815
29129,B-20-1-05_masks.tif,87,9919,854.2670273,317.3680383,42.33893932,7.495890153,0.991061412,33.10396546,3005.182478,1186.088819,6995,0.705212219,206.2078552,199.6676178,149.4654694
29130,B-20-1-05_masks.tif,88,10339,685.0538239,251.2469534,53.46666162,4.699132988,0.977094643,56.55998697,2306.083857,1143.003675,8736,0.844955992,197.3225708,190.7006683,157.2353516
29131,B-20-1-05_masks.tif,89,6826,506.8700577,190.7078851,48.84989244,3.903957114,0.966636951,15.22154173,3531.294462,1160.416642,5619,0.823176091,193.4191132,183.4664459,144.3530884
29132,B-20-1-05_masks.tif,90,10210,670.2842712,263.5745438,52.81384406,4.990633583,0.979719202,-85.99371669,1670.404799,1125.999804,6199,0.607149853,190.2681122,185.0554962,130.6063843
29133,B-20-1-05_masks.tif,91,10873,895.0954544,307.628725,48.17707384,6.385375874,0.987660863,56.54810394,2283.344799,1184.847144,6935,0.637818449,189.4315796,178.0442657,156.6595459
29134,B-20-1-05_masks.tif,92,13380,736.0416306,317.9836081,55.58007271,5.721180139,0.984605894,89.80739408,1109.540732,1218.099552,7959,0.594843049,195.6534729,192.3582153,141.3014221
29135,B-20-1-05_masks.tif,93,10244,736.2842712,311.3962771,44.36614193,7.018781971,0.989798421,85.52685164,2202.506931,1268.827704,6237,0.608844201,183.4510193,177.3985901,133.5116272
29136,B-20-1-05_masks.tif,94,15576,936.1837662,386.1547214,55.16995023,6.999366861,0.989741453,-81.52542021,3948.273305,1302.643747,6553,0.420711351,195.6912842,187.8419037,123.7904739
29137,B-20-1-05_masks.tif,95,12321,800.8700577,340.6894577,48.71557712,6.993439835,0.989723967,-0.021759893,1883.597679,1508.039526,9782,0.793929064,194.8446198,186.6004944,142.0521393
29138,B-20-1-05_masks.tif,96,9331,666.4680374,242.8589896,50.04463024,4.852848117,0.978538399,-34.5744867,1728.441753,1481.366092,6897,0.739149073,207.2035675,201.3301392,156.2557678
29139,B-20-1-05_masks.tif,97,9648,638.8700577,261.0390235,52.71073994,4.952292906,0.979400644,2.615136445,1826.739013,1519.003628,7926,0.821517413,197.898941,190.4020996,161.4246826
29140,B-20-1-05_masks.tif,98,8522,770.9533188,269.8872563,47.49811448,5.682062524,0.98439152,-55.93034739,2212.119808,1496.066534,5871,0.688922788,196.329422,186.0427551,130.5695801
29141,B-20-1-05_masks.tif,99,8292,582.0416306,246.1948471,45.39716252,5.423132933,0.98285217,-6.36055963,1623.765678,1549.235649,6540,0.788712012,192.6481628,182.2947998,142.6929626
29142,B-20-1-05_masks.tif,100,2596,324.0416306,121.6870044,28.5856856,4.256920967,0.972016745,-63.66407817,2159.053544,1560.865948,0,0,,,
29143,B-20-1-05_masks.tif,101,6428,433.4558441,164.7623423,50.56952135,3.258135293,0.951734019,-10.01875882,1495.366521,1654.116521,5278,0.821095208,197.5072021,190.5935974,139.2091675
29144,B-20-1-05_masks.tif,102,4702,379.4558441,144.7175493,42.25742457,3.424665625,0.956418529,-17.41197882,1557.408337,1644.355593,4174,0.887707359,198.1990967,189.2120209,141.8996124
29145,B-20-1-05_masks.tif,103,15790,949.3553391,408.0622676,52.90026209,7.713804269,0.991561426,-86.32074638,3530.000253,1610.938632,7186,0.455098163,186.9514313,176.9812164,128.7049866
29146,B-20-1-05_masks.tif,104,11086,719.0538239,265.9817278,55.09862288,4.82737524,0.978308789,-30.70695606,2649.430633,1725.168681,7843,0.70746888,206.0943451,199.3145447,151.4178314
29147,B-20-1-05_masks.tif,105,9969,743.0538239,259.4611494,52.74652941,4.919018413,0.979118033,-30.25982307,2680.681814,1766.2903,8461,0.848731066,207.7005157,199.8901978,153.4329224
29148,B-20-1-05_masks.tif,106,9216,696.2842712,285.6860352,48.40827331,5.901595238,0.985539523,-87.45513601,3761.620334,1672.091688,4005,0.434570313,199.0714111,192.2594299,139.5560608
29149,B-20-1-05_masks.tif,107,8112,575.4558441,230.099407,49.25390342,4.671698912,0.976821634,-82.56376275,3566.50715,1695.805227,5545,0.683555227,204.9094696,200.1486053,158.7491455
29150,B-20-1-05_masks.tif,108,12233,891.5391052,331.7760227,52.60745999,6.306634511,0.987348834,25.9439567,2385.873702,1848.610071,5134,0.41968446,189.6238861,179.9033966,151.8274231
29151,B-20-1-05_masks.tif,109,15573,804.0832611,316.7630583,63.23280567,5.009473404,0.979873025,15.77754767,295.7945161,1855.199255,5877,0.377383934,182.713623,171.1951752,117.1459961
29152,B-20-1-05_masks.tif,110,12188,764.1837662,317.2874074,52.47912423,6.045973747,0.986226679,-82.31508003,3662.048819,1744.424762,9087,0.745569413,199.3010864,192.5927124,146.0254211
29153,B-20-1-05_masks.tif,111,12716,711.1126984,284.7183715,59.48854648,4.78610402,0.977928845,1.017913505,4110.288377,1854.499607,8334,0.655394778,195.0675507,182.3094482,133.8167725
29154,B-20-1-05_masks.tif,112,4913,428.5269119,155.3972721,42.15830281,3.686041937,0.962496609,-69.19901015,3220.596988,1779.495827,271,0.05515978,217.1660461,208.645752,175.0774841
29155,B-20-1-05_masks.tif,113,6991,499.254834,178.5644458,50.41903307,3.541607899,0.959309215,-58.49552266,2031.33629,1807.517666,6422,0.918609641,201.9771118,192.9229279,141.3894501
29156,B-20-1-05_masks.tif,114,8868,552.0416306,213.3529334,55.05195373,3.875483412,0.966136284,-3.019218726,4161.534281,1880.536423,7624,0.859720343,201.75354,191.8227997,142.7478943
29157,B-20-1-05_masks.tif,115,3101,314.627417,118.9451111,35.03615223,3.394925055,0.955633816,-70.31769338,3296.44276,1789.725572,2870,0.925507901,202.7243958,197.9038391,158.6000061
29158,B-20-1-05_masks.tif,116,10977,688.5269119,280.8267185,55.91371103,5.022501875,0.979978374,-0.438538135,1519.401931,1910.485925,9268,0.844310832,203.0589142,194.2337036,159.868576
29159,B-20-1-05_masks.tif,117,8388,595.4974747,219.8456913,51.23795909,4.290680098,0.97246157,-62.1616949,2084.39783,1831.198617,6832,0.8144969,203.6204681,196.0231323,154.3170319
29160,B-20-1-05_masks.tif,118,10967,738.9533188,264.4127704,53.86216763,4.909062929,0.979032343,-41.43324457,2132.280387,1868.805599,9912,0.903802316,203.3729858,193.6925964,149.0179596
29161,B-20-1-05_masks.tif,119,9381,592.8700577,251.1557155,49.46198782,5.07775216,0.980416038,0.7985923,1562.732438,1901.798422,8556,0.912056284,200.9856262,193.579834,155.4772034
29162,B-20-1-05_masks.tif,120,13923,748.6690476,290.5739086,63.99855751,4.540319657,0.975443726,-14.5208341,3436.663866,1924.189973,10575,0.759534583,203.8955994,194.3969727,149.0066223
29163,B-20-1-05_masks.tif,121,19083,1229.279221,446.769548,56.99729423,7.838434332,0.991828734,32.98719115,617.152649,1968.192737,7354,0.385369177,182.6494446,174.9717102,142.1000824
29164,B-20-1-05_masks.tif,122,15858,960.509668,342.3139004,70.74944663,4.83839686,0.978408588,37.5695859,2545.812713,1912.673477,11405,0.719195359,203.3711548,196.8962708,159.8344574
29165,B-20-1-05_masks.tif,123,13085,897.9827561,321.792362,55.19479148,5.83012189,0.985180116,-14.48040409,3502.931601,1963.002216,8103,0.619258693,203.7558899,194.8431396,136.7133179
29166,B-20-1-05_masks.tif,124,4236,325.5563492,109.3428806,53.92654282,2.027626377,0.869923032,-82.69757259,3186.242918,1828.988432,3809,0.899197356,202.2310333,191.4938354,144.870575
29167,B-20-1-05_masks.tif,125,10497,655.0538239,227.7325186,60.01099128,3.794846806,0.96465523,-37.60143936,2175.185291,1905.223683,8245,0.785462513,204.3205566,192.5478516,142.3016357
29168,B-20-1-05_masks.tif,126,15498,965.8233765,327.4868662,62.3826213,5.24964901,0.981689345,37.25086415,2522.580849,1971.765002,10981,0.708543038,197.7822571,188.4927673,157.4940338
29169,B-20-1-05_masks.tif,127,7628,542.0832611,202.39729,49.52866141,4.086468002,0.96959629,-56.9486811,3197.88752,1891.205952,6185,0.810828526,201.4147186,195.5482635,147.6890869
29170,B-20-1-05_masks.tif,128,9841,675.882251,252.7559856,51.36745082,4.920547576,0.979131148,-38.12811194,2221.586932,1942.613759,7689,0.781323036,204.498642,194.0874023,147.7692871
29171,B-20-1-05_masks.tif,129,11642,773.254834,320.7077808,49.06744579,6.536060226,0.988226596,-15.95019014,3244.27899,2004.496306,5344,0.459027658,209.6970367,201.337204,154.8446808
29172,B-20-1-05_masks.tif,130,15221,859.6396103,323.7957137,64.93132214,4.986741421,0.979687203,66.95035837,2716.073123,1940.628211,6455,0.424085146,183.4687805,173.842453,115.9346237
29173,B-20-1-05_masks.tif,131,11975,798.2670273,284.1458446,54.94951429,5.17103469,0.98112297,-40.19206048,2253.743048,1978.333528,837,0.069895616,233.2520905,223.936676,189.8530426
29174,B-20-1-05_masks.tif,132,6207,457.0121933,156.0465288,53.72046783,2.904787228,0.938874613,60.20772208,4000.413243,1918.276945,2844,0.458192363,174.6561127,172.3797455,134.9690552
29175,B-20-1-05_masks.tif,133,10325,549.1543289,178.1007945,75.47979581,2.359582356,0.905754011,51.40158332,3966.061695,1964.596126,3067,0.297046005,196.5862427,186.6925354,126.5425491
29176,B-20-1-05_masks.tif,134,10294,581.4558441,230.8596662,59.06539433,3.908543553,0.966716552,-4.784786346,3366.810569,2049.034875,9857,0.957548086,203.0834961,193.2243042,146.1711426
29177,B-20-1-05_masks.tif,135,5539,389.7989899,145.9523444,50.13852758,2.910981863,0.93914291,-14.28821229,3326.219534,1998.870554,5217,0.941866763,206.8690796,197.7444916,164.7862701
29178,B-20-1-05_masks.tif,136,10216,594.5269119,232.2774874,56.75641872,4.092532486,0.969687738,76.10638508,3669.456049,1973.188821,8986,0.879600626,197.8169403,191.7651978,151.8856049
29179,B-20-1-05_masks.tif,137,6490,459.254834,168.8112695,49.93452445,3.380652392,0.955249617,-41.26625586,1650.830046,2006.142219,5305,0.817411402,197.9085693,190.7677612,153.7440186
29180,B-20-1-05_masks.tif,138,7525,541.7401154,185.9755956,54.99881684,3.381447207,0.955271144,49.86589919,3921.03907,2020.082791,6749,0.896877076,203.7780457,196.0472717,151.3533783
29181,B-20-1-05_masks.tif,139,6126,509.4974747,191.9153889,42.09366922,4.559245901,0.975649717,-42.28800926,1679.251388,2036.162912,5502,0.898139079,207.6902924,201.103241,149.7050171
29182,B-20-1-05_masks.tif,140,14505,814.627417,369.3731078,51.75664062,7.136728802,0.990134498,4.218682047,3116.171389,2147.209031,7822,0.539262323,201.3072052,191.0894928,142.3850708
29183,B-20-1-05_masks.tif,141,9813,617.4558441,233.7713921,55.52300826,4.210351697,0.97138513,1.696269272,3161.750331,2114.655457,7970,0.812187914,199.2038879,191.5075226,148.7033844
29184,B-20-1-05_masks.tif,142,11274,873.6396103,323.9278748,49.00810188,6.609680081,0.988488923,-68.90921821,2833.077524,2050.569895,5995,0.531754479,201.7994995,195.0452118,149.146286
29185,B-20-1-05_masks.tif,143,14452,1014.308658,355.0184611,59.17294452,5.999675426,0.986011773,38.94547588,2576.477789,2128.590645,5003,0.346180459,183.3857727,176.4057617,143.566864
29186,B-20-1-05_masks.tif,144,9772,665.1126984,251.4545981,51.73924661,4.860035942,0.978602527,-6.297616755,3057.318666,2119.734752,7834,0.801678264,209.093689,201.1913452,161.1074829
29187,B-20-1-05_masks.tif,145,4513,327.5563492,115.7434893,52.52214369,2.203708402,0.89111347,-15.72194479,3017.094394,2066.039885,4026,0.892089519,203.8569336,195.1577301,164.726532
29188,B-20-1-05_masks.tif,146,7921,572.9116882,208.4208085,51.85259758,4.019486357,0.968557963,61.68061654,3730.850524,2055.537685,5785,0.730337079,191.227829,183.8463287,142.9230804
29189,B-20-1-05_masks.tif,147,9457,677.2964646,247.207701,49.457398,4.998396822,0.979782801,49.68621166,3925.083747,2087.475415,7277,0.769482923,196.2303162,187.5566864,158.1954041
29190,B-20-1-05_masks.tif,148,11727,765.4386002,275.5204149,56.25574982,4.897640078,0.978933369,44.30697562,3665.711947,2126.819647,8508,0.725505244,195.2390747,185.2672729,144.269165
29191,B-20-1-05_masks.tif,149,15245,948.7695526,397.9557752,53.58652566,7.426414949,0.990892614,4.285046184,3541.395146,2214.779797,9258,0.607281076,195.3062286,188.5156555,143.1930237
29192,B-20-1-05_masks.tif,150,10954,842.5685425,330.1405965,44.96380417,7.342363544,0.990681922,-71.01405431,2849.942487,2087.162589,6166,0.562899397,207.6728821,199.743103,150.4390259
29193,B-20-1-05_masks.tif,151,3967,344.8700577,125.8516611,41.12130397,3.060497818,0.945112802,58.58659829,3721.301487,2092.622385,3631,0.915301235,210.3169861,206.3516998,143.0922546
29194,B-20-1-05_masks.tif,152,12840,848.1248917,323.1370602,63.2937742,5.105353003,0.980629303,60.1241135,3937.929283,2150.925935,8207,0.639174455,197.3632202,189.7124481,153.3805237
29195,B-20-1-05_masks.tif,153,5647,369.5563492,142.1484171,52.1460222,2.725968562,0.930283227,-3.336680647,3308.04799,2120.662653,5091,0.901540641,209.8373566,199.9059143,162.9799652
29196,B-20-1-05_masks.tif,154,11485,718.3847763,320.6379745,47.92794302,6.690000746,0.988765231,-2.085862263,4165.391902,2266.560731,6286,0.547322595,200.54216,192.6210632,149.9005737
29197,B-20-1-05_masks.tif,155,11445,704.2842712,294.3234271,54.28698878,5.421620055,0.982842515,-5.188539059,4122.634076,2277.811271,5878,0.513586719,199.5913544,190.6386566,155.8062286
29198,B-20-1-05_masks.tif,156,10558,705.5391052,256.2364503,55.54914368,4.612788484,0.976218571,51.69787089,3833.313696,2213.505778,7360,0.697101724,194.2470093,186.1408997,145.6781311
29199,B-20-1-05_masks.tif,157,10195,601.9827561,211.9280364,63.87895627,3.317650268,0.953492056,-38.95942428,4280.29024,2225.21128,7636,0.748994605,195.3056641,181.329361,118.4249573
29200,B-20-1-05_masks.tif,158,4722,433.254834,154.7108166,40.22381363,3.846249339,0.965610354,-41.69882127,4309.226811,2259.366794,2985,0.632147395,191.6703491,178.0864258,137.8877716
29201,B-20-1-05_masks.tif,159,16567,994.3086579,361.8899678,59.12402349,6.120861647,0.986563928,38.20395712,2100.086014,2378.691737,9756,0.588881511,189.9280396,181.7141266,147.1937256
29202,B-20-1-05_masks.tif,160,14835,984.4264069,400.0429884,53.6669994,7.454170959,0.99096062,-4.795561263,3764.154837,2442.415639,6244,0.420896528,191.7746582,183.0302734,140.6354828
29203,B-20-1-05_masks.tif,161,8749,692.627417,290.497281,39.49444062,7.35539677,0.990715069,88.21399156,2851.540405,2289.650589,5182,0.592296262,190.9380493,183.08992,149.2709351
29204,B-20-1-05_masks.tif,162,18496,1222.007143,430.2994969,56.61827652,7.600010515,0.991305719,49.00331578,2599.542928,2417.976806,7088,0.383217993,189.0221558,180.5581207,131.6505432
29205,B-20-1-05_masks.tif,163,15768,968.4264069,419.6916472,62.62239389,6.701941927,0.988805457,87.84599672,2877.212456,2323.623795,4147,0.263001015,204.6308136,195.1331024,151.2862244
29206,B-20-1-05_masks.tif,164,11221,891.3380951,336.4125835,46.52211746,7.231239717,0.990391936,-52.48678498,3119.254434,2389.051867,6200,0.552535425,194.6672516,184.8516083,139.8725739
29207,B-20-1-05_masks.tif,165,24014,1402.492424,550.7164075,66.71313666,8.254991971,0.992635576,52.93871271,2591.137753,2471.321646,7363,0.306612809,199.4340668,187.0476685,134.6039734
29208,B-20-1-05_masks.tif,166,15923,1055.296465,409.9402454,52.24636181,7.846292664,0.99184516,72.01485031,2767.526471,2424.879671,7238,0.454562582,192.8313141,185.155014,148.9685059
29209,B-20-1-05_masks.tif,167,8364,564.6690476,211.5914399,50.91353782,4.155897408,0.970618923,-64.49160031,1343.324964,2413.424438,7015,0.838713534,197.8617249,194.3235931,138.578186
29210,B-20-1-05_masks.tif,168,16684,1001.338095,360.0991813,60.75832296,5.926746554,0.985662885,28.97379224,4120.648825,2530.495744,9606,0.575761208,193.329483,187.714447,146.6182556
29211,B-20-1-05_masks.tif,169,7773,754.8528137,273.8090942,38.24039807,7.160205122,0.990199404,40.61354415,242.8074103,2511.428535,6360,0.818216905,181.7831726,175.1724854,139.4591217
29212,B-20-1-05_masks.tif,170,7665,508.627417,212.265363,46.64065126,4.551080597,0.975561167,81.99564089,4259.601957,2446.156556,5701,0.743770385,183.8098602,177.1555939,131.5256958
29213,B-20-1-05_masks.tif,171,10249,777.4386002,293.3500124,46.79325785,6.269065799,0.987195763,-39.33046231,3592.983803,2568.165089,4978,0.485705923,196.7370453,188.9987946,143.0620728
29214,B-20-1-05_masks.tif,172,18855,979.9238816,374.2455256,65.63921302,5.701554122,0.984498896,59.15736595,2608.756351,2560.08454,6046,0.32065765,191.519516,176.424408,134.0704651
29215,B-20-1-05_masks.tif,173,9121,684.7106781,245.8257586,48.47220264,5.071479016,0.980367074,-37.42494138,4308.254577,2608.310273,8160,0.894638746,201.8126221,195.2226715,164.1685028
29216,B-20-1-05_masks.tif,174,6380,601.6396103,224.073809,38.0952835,5.881930474,0.985441956,-38.86997262,4355.979624,2615.707524,5139,0.805485893,198.3560944,188.9752808,152.9511566
29217,B-20-1-05_masks.tif,175,9307,673.4974747,255.079745,47.1086102,5.414715993,0.982798351,-20.05750402,174.20404,2697.778231,7494,0.805200387,193.1631927,183.8043823,132.6599884
29218,B-20-1-05_masks.tif,176,9547,647.1543289,244.45329,50.86377603,4.806038975,0.978113607,-59.20333074,3627.79669,2645.260291,6924,0.725254006,190.7648773,179.6413879,136.851532
29219,B-20-1-05_masks.tif,177,10676,714.3259018,276.5639839,49.90855376,5.541414508,0.983582445,68.03400528,4758.735575,2721.378044,9523,0.892000749,194.0339203,189.4768524,141.9147339
29220,B-20-1-05_masks.tif,178,2918,345.4558441,133.1351604,30.05962566,4.429035875,0.974177674,-66.47769246,5384.469842,2711.652844,2893,0.991432488,186.6840668,179.0259247,128.0794983
29221,B-20-1-05_masks.tif,179,16831,900.6690476,349.3624684,66.4555152,5.257087652,0.981741608,-80.25794355,4025.30117,2732.569069,7043,0.418454043,189.3035583,177.0609131,139.5206604
29222,B-20-1-05_masks.tif,180,12156,734.8700577,307.3050284,52.12569389,5.895461633,0.985509197,-85.27564607,4382.91642,2738.594439,10094,0.830371833,196.9732513,189.0899506,155.7492523
29223,B-20-1-05_masks.tif,181,5663,472.5269119,190.1775329,40.40852584,4.706371465,0.977165869,68.37050754,4743.105068,2759.423274,5064,0.894225675,191.1263885,180.548584,155.3437958
29224,B-20-1-05_masks.tif,182,10511,797.0954544,292.9603822,46.4906442,6.301491134,0.98732804,39.00644442,3584.33013,2830.56731,4963,0.47217201,186.707428,178.1996765,143.2238617
29225,B-20-1-05_masks.tif,183,3947,345.7989899,126.9361629,43.70400918,2.904451223,0.938860009,-70.55546173,5387.602483,2768.255891,3000,0.76007094,201.2806702,196.602005,159.7266693
29226,B-20-1-05_masks.tif,184,11368,684.3847763,317.5555721,47.22053889,6.724945957,0.988882342,-89.07184363,4388.186488,2784.879046,4429,0.389602393,204.7218323,193.9762878,154.6380615
29227,B-20-1-05_masks.tif,185,14043,984.8944443,362.9747488,51.16445741,7.094275345,0.990015474,40.18518999,4103.872392,2906.660471,5898,0.419995727,196.8780975,190.2572021,148.9416809
29228,B-20-1-05_masks.tif,186,1823,251.2132034,91.46087656,27.76625355,3.293958128,0.952804,-59.37120134,1531.162918,2803.697202,1727,0.94733955,197.7967529,194.8228149,139.5136108
29229,B-20-1-05_masks.tif,187,11978,766.8700577,323.3358401,50.92481243,6.34927896,0.987519274,-88.48430962,4373.044081,2827.578811,528,0.044080815,233.2159119,228.2840881,178.2613678
29230,B-20-1-05_masks.tif,188,9136,557.3553391,216.1964391,56.46255129,3.829023558,0.965294664,70.95532588,4154.47986,2857.702058,6870,0.751970228,187.936676,179.0267792,147.1758423
29231,B-20-1-05_masks.tif,189,1587,206.9705627,65.97162873,32.82804258,2.009612013,0.867401747,-58.2483681,1451.344675,2839.431632,1466,0.923755514,190.8240051,185.1050415,130.6016388
29232,B-20-1-05_masks.tif,190,1405,242.1421356,93.33642407,21.93406571,4.255317975,0.971995355,22.44663632,5418.463345,2851.98363,1042,0.741637011,186.0892487,185.6122894,120.9625702
29233,B-20-1-05_masks.tif,191,6752,466.3847763,196.2649327,45.466359,4.316706616,0.972797271,-89.9139001,4377.329236,2874.211197,6134,0.908471564,197.8059998,185.5476074,152.088028
29234,B-20-1-05_masks.tif,192,8190,623.9411255,242.7996114,44.57824348,5.446594402,0.983000857,76.70751578,1176.99707,2893.421245,4806,0.586813187,183.0070801,172.5930023,137.2238922
29235,B-20-1-05_masks.tif,193,4435,385.6984848,144.5265152,40.68186546,3.552602948,0.959565995,32.42114834,1412.050733,2946.859301,3857,0.869673055,189.5610504,179.321228,150.7664032
29236,B-20-1-05_masks.tif,194,4248,452.0416306,177.4695516,32.46719191,5.466119525,0.983123123,74.57315352,1134.456685,2995.176789,4193,0.987052731,185.4254761,176.0030975,141.9076996
29237,B-20-1-05_masks.tif,195,14998,1120.325902,481.059269,45.45842769,10.58240008,0.995525192,9.934521851,3648.374317,3221.186158,4777,0.318509135,191.2991486,185.4521637,148.7665863
29238,B-20-1-05_masks.tif,196,14821,1053.012193,444.2226553,46.91924869,9.467812631,0.994406457,6.757261068,3612.459281,3239.675663,4436,0.29930504,196.9068909,187.5908508,147.7123566
29239,B-20-1-05_masks.tif,197,19462,1136.811183,438.2756412,76.53551403,5.726434934,0.984634354,9.347795602,3134.742164,3254.37956,8542,0.438906587,190.7684326,183.0823059,150.6174164
29240,B-20-1-05_masks.tif,198,22094,1198.468037,480.1680327,70.11923487,6.847878954,0.989280071,11.19491456,3209.90115,3265.035168,7714,0.349144564,191.1468811,182.8974609,137.5834808
29241,B-20-1-05_masks.tif,199,15311,906.2253967,348.8957678,58.4094526,5.973275767,0.985886967,72.39486444,2194.431063,3134.695578,7600,0.496375155,199.7494812,189.7159271,172.5228882
29242,B-20-1-05_masks.tif,200,8412,484.8700577,188.6914919,57.25613036,3.295568364,0.95285125,76.26086066,3467.75737,3118.368997,5658,0.672610556,190.0440063,179.8153076,150.5708771
29243,B-20-1-05_masks.tif,201,8930,674.7106781,238.4569059,49.49199888,4.818090021,0.978224172,-46.17765511,2153.303247,3269.731243,4932,0.552295633,193.5952911,185.2228241,136.4779053
29244,B-20-1-05_masks.tif,202,14991,1061.722871,393.4367002,59.47425674,6.615243665,0.98850839,-44.80717789,2258.774998,3326.314922,7725,0.515309186,197.4170837,191.2306824,139.5444641
29245,B-20-1-05_masks.tif,203,21830,1061.112698,486.8005407,62.68121295,7.766291011,0.991675578,-3.225064627,2997.490243,3424.116537,7208,0.330187815,197.5602112,189.554657,148.558548
29246,B-20-1-05_masks.tif,204,23319,962.2253967,349.1318514,90.07893207,3.87584359,0.966142687,16.7074782,3115.498435,3449.148077,7347,0.315064968,201.6801453,194.9409332,154.9665222
29247,B-20-1-05_masks.tif,205,12657,814.2842712,352.3642809,48.64325891,7.243846091,0.99042551,-1.202111443,3038.626768,3467.712491,8471,0.66927392,199.2873383,191.8622284,162.4685364
29248,B-20-1-05_masks.tif,206,10173,723.3969696,276.3220909,47.96512891,5.760895407,0.984819045,-26.42616775,4921.890986,3417.240637,5936,0.583505357,191.0052185,185.100235,140.4858551
29249,B-20-1-05_masks.tif,207,9920,704.9533188,264.7530272,53.52725775,4.946134705,0.979348776,-46.61509901,4788.100101,3386.241028,3972,0.400403226,186.5161133,172.8476868,130.4710541
29250,B-20-1-05_masks.tif,208,8622,602.2253967,215.3106032,52.18112627,4.126216097,0.97018819,-46.13145617,4799.163535,3432.650661,5677,0.658431918,196.8361816,186.1708679,138.8670044
29251,B-20-1-05_masks.tif,209,11848,701.6984848,269.265613,58.31750321,4.617234933,0.976264909,84.97831332,3436.366813,3430.332039,6277,0.529794058,191.9385071,182.5714569,138.8629913
29252,B-20-1-05_masks.tif,210,20469,998.9533188,363.7663514,77.19030337,4.712591292,0.977226805,68.00866472,3687.76032,3523.055401,2134,0.104255215,193.6457367,183.7286835,164.7394562
29253,B-20-1-05_masks.tif,211,8533,575.8406204,209.581896,53.1739221,3.941441363,0.967279204,-23.98339669,4819.267432,3559.443572,5627,0.659439822,181.201889,171.2326355,114.05616
29254,B-20-1-05_masks.tif,212,8977,635.3969696,232.42027,53.01064866,4.384407206,0.97364216,42.16733587,3455.446363,3567.119528,6192,0.689762727,197.5368195,190.2646942,163.8289795
29255,B-20-1-05_masks.tif,213,8307,591.1543289,218.2169709,51.45762512,4.240712051,0.971799311,38.88487455,3407.291922,3576.298905,3483,0.41928494,200.6873322,191.2532349,157.6017761
29256,B-20-1-05_masks.tif,214,14677,1085.539105,395.6686791,49.22224076,8.038412575,0.992231815,71.74222099,3633.618655,3561.539824,3226,0.219799687,194.6847534,183.9832611,148.1103516
29257,B-20-1-05_masks.tif,215,9552,523.3553391,171.1685457,80.02681291,2.138889947,0.883976022,29.84464003,3348.561139,3586.076633,0,0,,,
29258,B-20-1-05_masks.tif,216,11587,842.5685425,325.0036588,58.42322786,5.562918563,0.983710177,72.61932459,3626.3535,3602.29231,4651,0.401398119,192.4689331,182.5192413,157.3930359
29259,B-20-1-06_masks.tif,1,7852,605.6984848,240.6447877,44.89452982,5.360225147,0.982443697,81.36642683,138.5887672,25.50267448,3666,0.466887417,189.0935669,189.4416199,137.6710358
29260,B-20-1-06_masks.tif,2,7780,531.4974747,179.9908724,57.41769567,3.134763077,0.947753579,-45.30841644,1258.342931,55.90128535,5292,0.680205656,205.7241058,196.175354,133.4433136
29261,B-20-1-06_masks.tif,3,8188,562.3259018,200.6250266,53.77093075,3.731105707,0.963414165,-57.57552414,2625.127748,52.00317538,6086,0.743282853,213.3169556,203.7203369,152.8923798
29262,B-20-1-06_masks.tif,4,13539,883.8406204,362.2253878,60.09038204,6.0280094,0.986143886,-12.39846518,2992.562154,142.5056503,4705,0.347514587,214.3861847,208.2214661,160.5188141
29263,B-20-1-06_masks.tif,5,4475,409.6984848,147.5739734,40.73372613,3.622894034,0.961151195,-71.99479848,5374.905698,30.2449162,3586,0.801340782,215.0119934,212.5362549,136.2816467
29264,B-20-1-06_masks.tif,6,6407,510.3847763,223.1257151,38.3020725,5.825421462,0.98515601,84.35031312,494.1787108,25.77821133,5252,0.819728422,192.2136383,194.5910187,126.5268478
29265,B-20-1-06_masks.tif,7,12960,832.9116882,307.1793137,63.00240084,4.875676316,0.978741075,-15.84460336,2866.632948,165.0555556,8032,0.619753086,208.0056,202.7730255,151.1983337
29266,B-20-1-06_masks.tif,8,14461,1059.480231,374.8279917,51.91180564,7.220476867,0.990363132,-54.85364145,2761.10428,115.5110988,7223,0.499481364,212.8809357,209.394165,161.0233917
29267,B-20-1-06_masks.tif,9,4519,341.6984848,112.3855593,52.25101144,2.150878159,0.885349343,-60.94577028,1320.290994,69.8537287,3001,0.664084975,209.8083954,204.3322296,145.4715118
29268,B-20-1-06_masks.tif,10,7421,523.5979797,198.7427285,49.10934384,4.046943268,0.968989964,-25.017938,3113.911198,119.2498316,4959,0.668238782,206.407547,199.8170929,149.696106
29269,B-20-1-06_masks.tif,11,6785,479.0121933,175.0329067,50.6558446,3.455334879,0.957205971,-32.83812538,2036.979956,116.6675018,5220,0.769344141,207.0547943,201.1716461,155.6099548
29270,B-20-1-06_masks.tif,12,3881,438.8700577,174.3911521,32.21131144,5.41397243,0.982793584,-73.03097243,5364.243236,82.96804947,3790,0.976552435,202.2598877,199.4079132,138.0944519
29271,B-20-1-06_masks.tif,13,7267,499.4558441,202.0982706,46.60360837,4.33653697,0.973048928,-80.14711527,180.013348,92.81505436,5456,0.750791248,201.5025635,200.4814911,136.6578064
29272,B-20-1-06_masks.tif,14,6705,482.1837662,180.3872781,48.75518599,3.699858269,0.962781587,-29.68267944,2068.94079,152.8888889,4669,0.69634601,206.5810699,200.4673309,147.4943237
29273,B-20-1-06_masks.tif,15,18282,1120.450793,400.2909894,59.91618419,6.68084917,0.988734255,-40.525463,3648.336889,247.3712942,6154,0.33661525,211.6659088,203.3791046,133.6688385
29274,B-20-1-06_masks.tif,16,3100,285.8994949,119.8370504,34.33362193,3.490370189,0.958079476,-82.18873274,5384.16871,113.2374194,3009,0.970645161,201.8986359,198.306076,134.9584656
29275,B-20-1-06_masks.tif,17,2110,220.4852814,83.52479884,34.58311575,2.415190101,0.910255921,-80.20501939,5401.349289,159.1530806,1953,0.925592417,211.9175568,210.4900208,144.5954895
29276,B-20-1-06_masks.tif,18,14955,1041.823376,393.4064638,50.91577356,7.726612723,0.991589499,55.99021395,1697.921297,246.0974256,7817,0.522701438,197.4125671,196.8064423,152.1400757
29277,B-20-1-06_masks.tif,19,15730,1227.622366,450.1730319,46.616091,9.657030915,0.994624094,55.59955597,1703.708201,301.9907819,7534,0.478957406,195.1129608,195.0692902,151.1657867
29278,B-20-1-06_masks.tif,20,8148,706.9533188,260.8238829,43.73395685,5.96387571,0.985842124,-54.06864172,3580.047619,228.4635493,4148,0.509081983,206.0730438,199.6195831,144.0631561
29279,B-20-1-06_masks.tif,21,4286,373.9411255,131.7827117,42.56697573,3.095890875,0.946395961,-53.62098787,421.4867009,276.7603826,3869,0.902706486,198.9108276,192.2114258,152.1661987
29280,B-20-1-06_masks.tif,22,6477,444.3847763,182.2341824,47.02093557,3.875596693,0.966138298,81.08418311,2096.989964,265.5142813,4870,0.751891308,196.7312164,195.4104767,143.2455902
29281,B-20-1-06_masks.tif,23,3094,309.1126984,99.75266862,42.18540657,2.364625038,0.906176343,-53.39457132,420.7999354,320.3577893,2823,0.912411118,200.5678406,195.2865753,153.5108032
29282,B-20-1-06_masks.tif,24,6367,436.9705627,184.2311786,44.937147,4.099752452,0.969796069,-89.32005321,2110.136485,308.8996388,4693,0.737081828,202.9518433,201.3782196,148.1581116
29283,B-20-1-06_masks.tif,25,5793,466.0832611,159.2292564,48.63870975,3.273714645,0.952203819,-46.08606051,318.4267219,352.689798,4968,0.857586743,204.4996033,195.1646576,139.5273743
29284,B-20-1-06_masks.tif,26,19841,1257.764502,480.3235144,55.20733228,8.700357265,0.993372689,54.47273486,3020.294441,446.1707071,9896,0.498765183,197.9913025,196.3515625,148.4816132
29285,B-20-1-06_masks.tif,27,22483,1292.735065,494.4385917,59.1134808,8.36422733,0.992827366,44.13851157,2971.890806,488.7668016,7981,0.354979318,194.0707855,190.2346802,134.6542969
29286,B-20-1-06_masks.tif,28,3614,309.1126984,98.34240142,48.44101866,2.030147262,0.870269939,-46.94111959,359.550083,375.0777532,2728,0.75484228,207.3057251,201.5362854,147.0641479
29287,B-20-1-06_masks.tif,29,13484,962.6518036,340.2482359,52.60983431,6.46738847,0.987973716,50.27609554,1809.838475,440.5806882,6313,0.468184515,190.3158569,192.9486847,145.9470978
29288,B-20-1-06_masks.tif,30,13092,924.4091629,346.1859446,49.4091149,7.006519856,0.989762497,39.44510029,1168.656431,470.4450046,4977,0.38015582,203.9766998,198.2654266,165.2760773
29289,B-20-1-06_masks.tif,31,14470,959.9238816,354.8710457,60.56120549,5.859709079,0.985330508,36.80671429,1228.873393,477.9684865,7762,0.53642018,195.0074768,191.9500122,147.7875519
29290,B-20-1-06_masks.tif,32,15705,1030.308658,375.9783317,54.83800136,6.856164017,0.989306103,40.43468866,1138.194651,511.6625279,6462,0.411461318,193.8884277,184.1408234,135.3259125
29291,B-20-1-06_masks.tif,33,9513,781.5391052,283.3065561,50.57003229,5.60226172,0.983940032,34.007219,1051.552717,521.4181646,4024,0.423000105,192.1555634,188.4726715,138.2077484
29292,B-20-1-06_masks.tif,34,15454,1006.308658,378.6829243,52.96854662,7.149203602,0.990169068,52.11450645,1746.84703,514.2341789,8234,0.53280704,195.7813873,191.9887085,152.8104248
29293,B-20-1-06_masks.tif,35,16266,1027.681241,387.4923398,55.08180979,7.034851275,0.989845212,-26.56945152,2785.418726,603.3258945,7068,0.434526005,209.5897064,203.3747864,143.0106049
29294,B-20-1-06_masks.tif,36,7470,736.0243866,269.9147508,36.19977036,7.456255885,0.990965698,37.82472891,1099.131191,529.2678715,1761,0.235742972,209.3287964,201.9488983,163.5315094
29295,B-20-1-06_masks.tif,37,11515,910.4091629,328.6165134,47.51104595,6.916633949,0.989493261,48.84569181,1736.025966,562.6861485,4405,0.382544507,183.5577698,188.2876282,131.122818
29296,B-20-1-06_masks.tif,38,5643,466.627417,189.9633293,39.16970171,4.849751746,0.978510684,-84.35774389,4648.664363,475.4938862,5360,0.949849371,196.3220215,193.6154785,133.377243
29297,B-20-1-06_masks.tif,39,4447,394.3847763,156.0689941,37.41510618,4.17128294,0.970838513,89.15546893,4661.425455,519.8317967,4381,0.985158534,205.205658,205.4247894,149.952301
29298,B-20-1-06_masks.tif,40,19880,1275.663997,471.1183981,59.6566479,7.897165106,0.991950312,45.50828527,2606.017354,720.984004,10148,0.510462777,193.4347687,188.7954254,140.359375
29299,B-20-1-06_masks.tif,41,11438,677.3553391,270.0545272,55.43332371,4.871700074,0.978705981,79.68472004,974.0661829,611.0090051,6718,0.587340444,191.2826691,185.287735,126.3173599
29300,B-20-1-06_masks.tif,42,8771,705.4974747,258.9532288,47.61226452,5.438792534,0.982951629,18.24049911,2478.346255,726.9569034,5307,0.605062137,205.5511627,204.2183838,156.3749695
29301,B-20-1-06_masks.tif,43,11527,798.8111832,305.4820475,50.65040163,6.031187072,0.986158585,20.87216803,2530.474191,749.4219658,7054,0.611954542,198.746109,193.7648163,159.8881531
29302,B-20-1-06_masks.tif,44,13190,866.9533188,335.8439395,51.61936719,6.506161501,0.988117488,-61.75819633,2860.741622,701.2597422,6540,0.495830174,207.1305847,200.8724823,136.8169708
29303,B-20-1-06_masks.tif,45,16354,1136.911688,470.1028407,52.52057886,8.95083129,0.99373956,6.308179248,3319.24575,854.1534181,7431,0.454384249,205.7358398,201.8479309,152.9915161
29304,B-20-1-06_masks.tif,46,16643,1092.811183,413.3120515,67.09511285,6.160091755,0.986735663,5.829417916,3390.496605,829.3049931,7943,0.477257706,190.6693878,186.2014313,145.0140991
29305,B-20-1-06_masks.tif,47,4365,325.7989899,116.8646092,48.24147457,2.422492477,0.910822611,-80.13789097,1014.101718,672.5954181,3564,0.816494845,209.6195221,203.8417511,165.2160492
29306,B-20-1-06_masks.tif,48,17350,1135.137085,417.9425506,67.94546285,6.151147304,0.986696799,43.30677793,1500.653429,805.0834006,11801,0.680172911,196.7382355,193.3209076,148.5985107
29307,B-20-1-06_masks.tif,49,5035,337.5563492,128.9120124,51.29326273,2.51323479,0.917431575,-2.865766817,946.7118173,753.359285,126,0.025024826,189.0396881,195.7936554,148.3412628
29308,B-20-1-06_masks.tif,50,5729,369.2132034,129.0688979,58.42984848,2.208954862,0.891661481,-77.37508191,1023.312795,721.9233723,5632,0.983068598,199.2865753,192.6610413,153.9167328
29309,B-20-1-06_masks.tif,51,13530,899.2375901,335.2653072,52.52818494,6.382579326,0.98764998,44.94452814,1474.063341,838.6715447,11794,0.871692535,197.252243,192.4974518,156.2012939
29310,B-20-1-06_masks.tif,52,13447,1030.610173,375.2926242,48.43245192,7.748784324,0.991637762,65.25690506,673.4514762,809.5082918,8980,0.667806946,187.7446594,186.8444366,144.9374237
29311,B-20-1-06_masks.tif,53,4073,356.0416306,131.5156841,41.20700173,3.19158586,0.949646334,-71.74277723,1031.593911,764.0594157,3781,0.928308372,207.771759,196.5072784,147.1459961
29312,B-20-1-06_masks.tif,54,12945,905.3380951,321.9657692,56.09218807,5.739939558,0.984707132,46.51477417,611.780533,855.235226,4852,0.374816531,194.888916,189.8495483,148.6654968
29313,B-20-1-06_masks.tif,55,2099,216.3847763,64.6682792,42.46690997,1.522792199,0.754162,-59.41924568,1068.685565,787.5121486,96,0.045736065,176.5520782,168.59375,140.4479218
29314,B-20-1-06_masks.tif,56,8650,644.4680374,218.4128119,54.70945105,3.99223183,0.968120104,44.43010983,1446.903006,875.1139884,5442,0.629132948,187.6951447,178.8956299,144.6499481
29315,B-20-1-06_masks.tif,57,2079,218.1421356,71.77782365,38.14450532,1.88173429,0.847105562,86.55149493,1013.571429,807.3968254,212,0.101972102,222.004715,196.93396,181.754715
29316,B-20-1-06_masks.tif,58,2068,230.9705627,64.45536295,43.20760223,1.491759774,0.74204577,-57.88530289,1073.023211,831.155706,429,0.207446809,224.0932465,220.7692261,159.2330933
29317,B-20-1-06_masks.tif,59,2063,209.3137085,62.94694246,43.54896342,1.445429179,0.722054633,-57.22093495,1023.057198,843.7246728,1560,0.75618032,215.865387,207.8275604,152.5685883
29318,B-20-1-06_masks.tif,60,17159,1021.539105,393.8676309,57.33704259,6.869339839,0.989347308,-69.07462687,2786.979136,895.8056414,9167,0.534238592,213.8681183,208.5310364,150.1350555
29319,B-20-1-06_masks.tif,61,3837,341.6984848,122.570133,41.9906146,2.918988781,0.939487059,-38.53634882,1079.373208,887.8975762,3201,0.834245504,200.8247375,193.6676025,141.2380524
29320,B-20-1-06_masks.tif,62,8341,593.9827561,221.1297774,51.76968774,4.271414163,0.972209031,-39.47527534,2594.418415,932.0185829,6149,0.737201774,205.7186584,197.4255981,140.5428467
29321,B-20-1-06_masks.tif,63,8131,540.3259018,195.8344365,54.14287428,3.616993724,0.961021774,-56.09143975,854.2591317,917.7310294,3092,0.380273029,207.0187531,204.6374512,149.7752228
29322,B-20-1-06_masks.tif,64,8854,697.2964646,254.0837855,45.83697476,5.543205827,0.983593143,-36.65355947,893.6238988,965.3260673,6013,0.679128078,212.4099426,207.9487762,154.6389465
29323,B-20-1-06_masks.tif,65,4731,365.4558441,133.753418,46.79254208,2.858434528,0.936808778,-23.81895247,1000.989431,930.9422955,3240,0.684844642,205.9583282,200.1466064,149.6481476
29324,B-20-1-06_masks.tif,66,16793,1152.669048,488.2558973,52.03718835,9.382826259,0.994304377,80.65445164,4459.588638,936.0060144,6659,0.39653427,193.7326965,192.487915,139.2958374
29325,B-20-1-06_masks.tif,67,5603,432.8700577,170.8398719,42.86026201,3.985973576,0.968018263,-18.64099627,1091.490808,1031.322863,4635,0.82723541,201.8429413,195.2720642,136.7896423
29326,B-20-1-06_masks.tif,68,6718,527.7401154,179.7025141,50.26610807,3.575023431,0.960082075,-45.43558858,369.7497767,1040.150045,5027,0.748288181,199.5627594,191.1287079,142.8840332
29327,B-20-1-06_masks.tif,69,3141,293.2132034,96.44385341,44.64853279,2.160067698,0.886385204,-61.30579866,1746.826488,1002.736708,2899,0.922954473,196.6160736,188.7781982,140.9937897
29328,B-20-1-06_masks.tif,70,4535,382.7695526,128.9762539,47.41861122,2.719950049,0.929962728,-46.14067231,441.2253583,1039.910474,1897,0.418302095,206.1475983,202.5719604,151.6225586
29329,B-20-1-06_masks.tif,71,8083,622.8111832,221.4958134,49.56756262,4.468563747,0.974638408,33.48210394,746.0004949,1084.240752,1193,0.147593715,197.7820587,191.5020905,166.9329376
29330,B-20-1-06_masks.tif,72,16822,1056.752309,388.9684148,74.01345413,5.255374436,0.981729591,55.98677179,2577.173761,1135.178041,7007,0.416537867,187.2698669,184.3926086,142.4182892
29331,B-20-1-06_masks.tif,73,14074,905.9238816,317.8281844,58.4972359,5.433217134,0.982916318,54.42490933,2591.516271,1090.334091,9707,0.689711525,200.0165863,192.1195068,151.5308533
29332,B-20-1-06_masks.tif,74,5968,480.7695526,178.3591681,43.9607328,4.057238283,0.969149639,-67.55410798,1739.587634,1062.203921,5455,0.914041555,205.0247498,198.6865234,142.4161377
29333,B-20-1-06_masks.tif,75,7976,619.254834,238.1321415,45.22690503,5.265276085,0.98179888,68.23634264,639.0987964,1072.163365,6590,0.826228686,200.3699493,196.7220001,152.9488678
29334,B-20-1-06_masks.tif,76,3860,342.2842712,121.5217115,41.61215642,2.920341601,0.939544913,-63.86283324,357.7989637,1104.227979,2602,0.674093264,215.4957733,208.7106018,158.362793
29335,B-20-1-06_masks.tif,77,7423,576.4264069,219.8740165,44.82504176,4.905160327,0.978998607,70.37832749,645.3840765,1115.82918,6678,0.899636266,200.6344757,195.6067657,152.8024902
29336,B-20-1-06_masks.tif,78,7357,638.6690476,249.0779878,39.87858587,6.245908233,0.987100019,67.27238689,621.0812831,1158.002854,6112,0.830773413,197.1110992,197.8779449,150.6138763
29337,B-20-1-06_masks.tif,79,13854,925.254834,380.1417508,57.48478324,6.612910919,0.988500234,-1.983566556,3813.124585,1301.308575,6472,0.4671575,205.0560913,197.4500885,153.1823273
29338,B-20-1-06_masks.tif,80,11977,825.6984848,334.4053623,46.43038148,7.202296248,0.99031418,-2.203988231,3852.082575,1294.306003,8509,0.71044502,203.4938354,195.9210205,159.7211151
29339,B-20-1-06_masks.tif,81,5638,380.3847763,145.0967669,50.98231996,2.846021268,0.936237537,-81.68147269,826.2802412,1224.192089,4497,0.797623271,206.4096069,204.4322815,148.5016632
29340,B-20-1-06_masks.tif,82,8675,686.7106781,253.3217577,45.39884533,5.579916313,0.983810086,-51.9642694,4937.518156,1275.734063,6615,0.762536023,207.3257751,200.8562317,155.7164001
29341,B-20-1-06_masks.tif,83,9403,719.0538239,260.8150928,50.74398891,5.139822439,0.980890768,-27.40444639,1388.06466,1357.515686,7777,0.827076465,208.8195953,198.6989899,139.683548
29342,B-20-1-06_masks.tif,84,9598,737.1959595,269.453565,46.68335022,5.771941468,0.98487754,50.86719678,906.9596791,1328.260263,8580,0.893936237,186.3996429,180.8759918,134.6955719
29343,B-20-1-06_masks.tif,85,6374,478.4264069,172.0813704,48.45927681,3.551051146,0.959529903,-30.83346838,1452.400063,1333.176028,6063,0.951208033,205.1222229,198.2129364,168.0395813
29344,B-20-1-06_masks.tif,86,5259,371.3137085,163.0344323,41.87654326,3.893216098,0.966449407,88.29180206,510.9994295,1293.349876,4741,0.901502187,199.164093,193.9158478,144.6842499
29345,B-20-1-06_masks.tif,87,8490,671.1959595,246.6738028,44.66772609,5.52241684,0.983468344,47.75924853,884.7486455,1363.195995,3089,0.363839812,188.9931946,188.1822662,141.3609619
29346,B-20-1-06_masks.tif,88,9863,669.3969696,254.7104651,50.50725193,5.043047392,0.980142829,-29.36013521,1468.573862,1393.445605,9257,0.938558248,208.036087,200.0512085,146.3639374
29347,B-20-1-06_masks.tif,89,14758,936.7106781,333.1979255,58.20542271,5.724516891,0.984623975,69.74417998,247.960496,1360.347269,7528,0.510096219,184.6924744,180.2349854,120.1074677
29348,B-20-1-06_masks.tif,90,6969,487.254834,173.3573112,52.34403365,3.311882923,0.953325967,-38.95490307,1624.760941,1360.860382,6548,0.939589611,202.2719879,195.1238556,143.0548248
29349,B-20-1-06_masks.tif,91,9937,605.1543289,219.4719552,59.39427884,3.695169964,0.962685253,-33.47286965,1526.49995,1421.191808,7077,0.712186777,206.7015686,194.6528168,137.9905396
29350,B-20-1-06_masks.tif,92,4610,360.1421356,147.7152568,40.75980218,3.624042535,0.961176312,80.45775916,526.3872017,1367.388286,4318,0.936659436,210.0741119,205.3038483,151.7973633
29351,B-20-1-06_masks.tif,93,5856,400.0416306,149.3599351,50.71518287,2.945073382,0.940587965,75.68727188,515.2544399,1408.416154,5050,0.862363388,192.9875183,186.3302917,135.6857452
29352,B-20-1-06_masks.tif,94,5605,456.3847763,196.836244,37.86028686,5.199016181,0.981327547,-4.454643942,1074.361641,1468.396789,5041,0.899375558,212.8710632,206.7651215,158.4207458
29353,B-20-1-06_masks.tif,95,15833,956.3259018,398.8282735,68.17234728,5.850293989,0.985282901,-76.96847525,5284.752353,1474.260532,6738,0.425566854,202.0379944,194.6666718,134.4802551
29354,B-20-1-06_masks.tif,96,11084,793.8406204,322.8203131,45.30026195,7.12623502,0.990105276,-74.87260607,5265.651389,1440.163118,5763,0.51993865,200.4346619,195.7971497,149.0690613
29355,B-20-1-06_masks.tif,97,9139,605.1126984,236.7997738,50.72985099,4.667858651,0.976783027,-0.228758521,1222.171463,1536.006237,8381,0.917058759,197.9251862,187.9940338,138.1725311
29356,B-20-1-06_masks.tif,98,8653,716.7106781,276.1774209,42.8577891,6.444042653,0.987885884,-56.50354334,1589.918525,1505.882584,7485,0.865017913,207.3034058,199.5329285,154.9286499
29357,B-20-1-06_masks.tif,99,6604,641.882251,237.2971258,37.31968895,6.358496881,0.987555663,-54.98296452,1616.428831,1528.458661,1674,0.253482738,211.3871002,204.1326141,171.8201904
29358,B-20-1-06_masks.tif,100,7960,641.882251,238.1634225,45.43596646,5.241737791,0.981633514,-46.80050543,1639.754899,1558.961181,3894,0.48919598,206.0934753,200.4147339,158.2778625
29359,B-20-1-06_masks.tif,101,5811,464.627417,184.0711693,41.33663764,4.452978758,0.974458241,-8.939855704,1288.624161,1608.874548,1768,0.304250559,197.5130157,188.4762421,127.9208145
29360,B-20-1-06_masks.tif,102,3763,361.1126984,134.1012908,37.01890051,3.622508745,0.961142764,56.53680838,1863.634866,1544.971565,3460,0.919479139,205.8216705,206.0364227,123.948555
29361,B-20-1-06_masks.tif,103,12517,743.6396103,277.9395461,59.54038536,4.668084434,0.976785299,-62.89776199,3630.219781,1579.276344,11153,0.891028202,207.3909302,199.4237366,147.1235504
29362,B-20-1-06_masks.tif,104,4318,406.5269119,149.3809218,41.50395615,3.599197176,0.960627441,-61.62273439,3707.183418,1607.799213,3851,0.891848078,203.3217316,194.2240906,135.2025452
29363,B-20-1-06_masks.tif,105,6927,547.3969696,202.8411645,44.30950218,4.577825399,0.975849412,-44.18137414,1398.137,1639.521727,5643,0.814638372,202.4364624,196.3664703,138.0870056
29364,B-20-1-06_masks.tif,106,9375,696.3847763,312.9976106,40.83862601,7.664254191,0.991451489,-1.382785533,2423.050773,1737.99168,4403,0.469653333,205.2879791,200.1676178,149.2334747
29365,B-20-1-06_masks.tif,107,12986,823.4558441,352.6600944,49.7290455,7.09163208,0.990007992,-4.147562698,2384.70268,1761.791545,8137,0.626597875,201.1393585,193.1802826,153.4169769
29366,B-20-1-06_masks.tif,108,5301,343.4558441,112.353742,60.56965253,1.854951073,0.842243187,-43.0508379,1643.71911,1629.269572,4566,0.861346916,200.9785309,192.9980316,139.9993439
29367,B-20-1-06_masks.tif,109,8978,580.7695526,225.3479213,52.46057739,4.295566929,0.972525077,-72.61522414,1755.512252,1642.727668,7412,0.825573624,205.9933929,202.3501129,141.6694489
29368,B-20-1-06_masks.tif,110,14942,963.3969696,355.3941377,79.51945204,4.469272971,0.974646562,6.821361948,4172.961183,1813.162361,7211,0.482599384,194.8639526,189.5107422,137.3177032
29369,B-20-1-06_masks.tif,111,4728,326.3847763,113.8644889,53.60454667,2.124157297,0.882253346,-86.69978056,1550.07022,1678.785533,3848,0.813874788,199.9799957,196.1200562,140.1312408
29370,B-20-1-06_masks.tif,112,5129,452.9116882,154.1234606,45.66987157,3.37472945,0.955088702,-51.90540332,3630.472022,1720.838175,3893,0.759017352,206.8232727,198.7729187,143.0891418
29371,B-20-1-06_masks.tif,113,10018,667.0538239,238.3418695,54.46341386,4.376183067,0.973541651,52.20019659,1876.767119,1777.550509,8778,0.876222799,202.2386627,198.1000214,156.6148376
29372,B-20-1-06_masks.tif,114,14837,954.5269119,400.6491571,49.46927358,8.098949673,0.992347957,-2.008533069,2494.923232,1904.363281,9682,0.652557795,201.7823792,195.9818268,158.7259827
29373,B-20-1-06_masks.tif,115,4431,391.8406204,128.0560974,46.49444859,2.754223382,0.931758454,-47.58980432,3652.508689,1754.043331,3462,0.781313473,202.8549957,189.1068726,130.648468
29374,B-20-1-06_masks.tif,116,11454,733.6984848,289.940976,52.66034887,5.505868878,0.983367981,8.398133614,2333.414615,1875.636983,7491,0.654007334,199.714325,194.524231,142.3454742
29375,B-20-1-06_masks.tif,117,19467,1256.308658,518.5037511,65.44844345,7.922323644,0.992001562,-28.33735698,4502.193096,1926.583808,5689,0.292238147,198.5151978,192.261734,145.010376
29376,B-20-1-06_masks.tif,118,9252,886.8528137,344.2287156,37.77511126,9.112579794,0.993960503,59.2102924,1832.23703,1847.605815,1972,0.213143104,219.1800232,214.4183502,168.7591248
29377,B-20-1-06_masks.tif,119,4256,372.1837662,126.6131193,45.44309801,2.786190309,0.933371008,-47.75884138,3545.139803,1794.411654,3959,0.930216165,213.7188721,206.2629395,142.462738
29378,B-20-1-06_masks.tif,120,10736,773.2964646,279.8050666,58.65292424,4.770522019,0.977782786,56.93638607,1794.715071,1868.284836,7672,0.714605067,198.7300568,191.9332581,151.4138489
29379,B-20-1-06_masks.tif,121,6217,478.4264069,177.6833734,45.39585117,3.914088377,0.966812403,54.56466267,1866.855557,1826.451504,5472,0.880167283,199.2489014,191.9470062,160.4893951
29380,B-20-1-06_masks.tif,122,10722,709.1126984,288.3426603,50.32631484,5.729461043,0.984650707,-0.040320398,2448.633371,1941.230554,7765,0.724211901,205.3412781,197.9558258,160.0319366
29381,B-20-1-06_masks.tif,123,5115,461.1126984,156.8681173,43.20415763,3.630856979,0.961324834,73.13243096,2103.22737,1842.793548,4123,0.806060606,198.1200562,193.5025482,144.8214874
29382,B-20-1-06_masks.tif,124,12065,790.5269119,340.7338483,47.21244714,7.217034255,0.990353891,-82.09922548,3681.374886,1863.565603,3902,0.323414836,214.0548401,206.6983643,159.0402374
29383,B-20-1-06_masks.tif,125,9809,785.3969696,251.3275562,51.17651558,4.910993908,0.979049005,-28.33989106,4519.723213,1963.552452,5907,0.602202059,203.9035034,198.3881836,142.6600647
29384,B-20-1-06_masks.tif,126,9879,544.7695526,203.30712,63.7738866,3.187936801,0.949527928,73.43402255,2100.868003,1890.167628,8895,0.900394777,200.7360382,195.7189484,154.4550934
29385,B-20-1-06_masks.tif,127,12008,896.8111832,346.931194,45.56444615,7.614076837,0.991337953,18.86449848,3920.327032,2007.281562,5954,0.495836109,197.1733246,195.3283539,148.4801788
29386,B-20-1-06_masks.tif,128,6338,508.8700577,197.1991995,42.84972284,4.602111436,0.976106744,-12.23482737,2588.699274,1961.327706,3699,0.583622594,199.5204163,191.1789703,153.5039215
29387,B-20-1-06_masks.tif,129,10714,779.5979797,299.0590858,47.77413971,6.259852874,0.987157801,-80.39758791,3692.060202,1904.558522,6448,0.601829382,202.7467499,192.8177795,145.4060211
29388,B-20-1-06_masks.tif,130,13378,901.7401154,380.7875541,51.17429294,7.440992972,0.990928428,14.90924721,3966.582,2028.297204,7450,0.556884437,197.9593353,196.5132904,153.2434845
29389,B-20-1-06_masks.tif,131,9053,601.6984848,243.9236216,48.97740049,4.980330094,0.979634327,-88.32555322,2082.830332,1964.238153,0,0,,,
29390,B-20-1-06_masks.tif,132,12974,899.8406204,356.4370319,48.45192841,7.35650868,0.990717889,-78.24810596,1775.658008,2000.646216,5652,0.435640512,210.263443,205.7077179,149.4862061
29391,B-20-1-06_masks.tif,133,11954,822.9116882,324.4037745,50.24542363,6.456384504,0.987932436,74.14302503,2177.664798,2032.07211,4480,0.374769951,197.8785706,194.9897308,147.9984436
29392,B-20-1-06_masks.tif,134,9443,666.2253967,247.4299093,50.47604187,4.901927729,0.978970602,58.74066379,2024.159271,2064.632532,5946,0.629672773,192.2946472,183.6461487,159.695755
29393,B-20-1-06_masks.tif,135,7616,566.4264069,222.4122327,46.26970379,4.806865281,0.978121215,70.77025754,2136.223871,2063.44157,3105,0.407694328,189.4122314,182.23703,157.8141632
29394,B-20-1-06_masks.tif,136,12145,864.3259018,330.8505955,48.5644738,6.81260538,0.989168165,73.19782143,3764.6662,2069.383038,7189,0.591930836,197.0702515,189.2715302,145.301712
29395,B-20-1-06_masks.tif,137,13732,928.5685425,384.7174047,55.79981867,6.89459955,0.989425637,75.2135276,3772.977498,2112.080906,5833,0.42477425,197.5506592,189.5803223,151.740448
29396,B-20-1-06_masks.tif,138,10680,672.6690476,263.4502677,53.70657023,4.905363841,0.979000368,19.48337569,4103.601779,2185.745787,5988,0.560674157,191.6985626,186.9168396,137.713089
29397,B-20-1-06_masks.tif,139,12591,757.1126984,324.0183862,55.67705683,5.819603346,0.985126091,-89.75409356,1828.620761,2094.277023,8576,0.681121436,196.9975586,191.5750885,141.5158539
29398,B-20-1-06_masks.tif,140,8733,638.2842712,250.2887118,49.80921995,5.024947431,0.979998057,-4.017141515,4364.068705,2214.550097,4786,0.548036185,194.748642,188.9575806,134.4101563
29399,B-20-1-06_masks.tif,141,6884,514.1837662,199.9175436,46.04117921,4.342146467,0.973119479,69.47456604,2300.074521,2133.769465,6276,0.911679256,200.2541504,195.8664703,140.9654236
29400,B-20-1-06_masks.tif,142,8015,536.1421356,240.6980323,43.37223751,5.549587618,0.98363117,86.08584793,1848.288085,2133.704304,7182,0.896069869,207.4486237,202.561676,153.7046814
29401,B-20-1-06_masks.tif,143,8204,557.9411255,221.8230785,48.28608673,4.593933647,0.976020556,70.52951559,2275.589712,2167.919064,5742,0.699902487,190.826889,179.4153595,152.6335754
29402,B-20-1-06_masks.tif,144,12978,848.1837662,352.012197,52.53933357,6.699974534,0.988798844,-81.83090787,2007.654338,2183.86662,4909,0.378255509,205.4440765,201.1478882,169.5255585
29403,B-20-1-06_masks.tif,145,12414,809.9411255,349.7390221,46.56241434,7.511187446,0.991097947,-81.56541085,2035.427985,2221.486386,0,0,,,
29404,B-20-1-06_masks.tif,146,6466,578.2253967,216.3191174,39.16211101,5.52368378,0.983475991,-42.0378444,4204.574544,2275.061553,5536,0.856170739,208.9396667,203.7776337,155.0852661
29405,B-20-1-06_masks.tif,147,10807,754.5269119,319.2581785,44.93563031,7.104789147,0.990045151,-84.35217917,2058.069214,2259.005922,402,0.037198112,230.0472565,224.6268616,194.9776154
29406,B-20-1-06_masks.tif,148,5688,433.8406204,152.1656604,49.07003788,3.10098926,0.946577049,-47.55369972,4249.061533,2291.494726,4543,0.798699015,202.7732849,194.0880432,142.4637909
29407,B-20-1-06_masks.tif,149,6595,511.8406204,197.0045681,44.51881085,4.425198346,0.974132273,-33.99366782,1653.884306,2314.412585,5748,0.871569371,209.1184692,204.0636749,154.9596405
29408,B-20-1-06_masks.tif,150,8436,646.8111832,247.9510906,48.05736363,5.15948175,0.98103752,-54.39190246,2278.180299,2299.579896,7463,0.884660977,199.7350922,190.9653015,152.0706177
29409,B-20-1-06_masks.tif,151,3202,270.627417,81.09322779,51.7203246,1.567917998,0.770211584,-29.66437567,1722.152405,2298.041537,3020,0.943160525,199.0642395,192.4801331,150.945694
29410,B-20-1-06_masks.tif,152,8854,584.2842712,243.3888624,50.29105244,4.839605668,0.978419492,-87.38709572,2040.57906,2301.065394,7238,0.817483623,199.2203674,189.1809845,159.0103607
29411,B-20-1-06_masks.tif,153,7755,637.3969696,245.3995508,45.12836049,5.437812235,0.982945428,-57.03701376,2293.02824,2335.978208,4976,0.641650548,220.2055817,213.4071503,162.6635895
29412,B-20-1-06_masks.tif,154,8539,654.2253967,247.9887478,45.14557065,5.493091442,0.983289858,-57.09015282,2293.259866,2380.119686,7719,0.90397002,206.9664459,198.8954468,169.909317
29413,B-20-1-06_masks.tif,155,5707,518.3259018,199.6005984,39.17237228,5.095443211,0.980553136,-49.55764328,2477.807254,2376.98861,5168,0.905554582,206.0232239,198.5986786,139.648407
29414,B-20-1-06_masks.tif,156,10893,712.5269119,293.5349134,48.38600581,6.066524991,0.986320485,82.68998594,4004.306619,2347.105297,6213,0.57036629,194.6782532,189.7106018,141.3307648
29415,B-20-1-06_masks.tif,157,8310,678.2253967,253.1507508,42.61432227,5.940508667,0.985729717,-59.96282478,2333.223105,2402.591095,7479,0.9,213.7081146,207.5999451,159.1139221
29416,B-20-1-06_masks.tif,158,13188,858.6690476,346.4917345,55.86857064,6.201907989,0.986915111,11.64022661,1860.923036,2515.978086,4781,0.362526539,188.8347626,180.8722076,142.3518066
29417,B-20-1-06_masks.tif,159,9449,688.5685425,265.3456972,47.75474901,5.556425332,0.983671766,-62.21919541,1655.818393,2422.437718,7749,0.820086782,203.9108276,196.696991,143.053421
29418,B-20-1-06_masks.tif,160,11515,931.2375901,317.6987801,49.89297646,6.367605274,0.987591462,-44.60376103,4202.514025,2481.333999,7087,0.615458098,196.5460663,185.5953217,138.4120178
29419,B-20-1-06_masks.tif,161,5839,427.0121933,149.0838223,50.78878288,2.935369068,0.94018197,-41.40565412,2100.868984,2419.042473,4469,0.765370783,205.4361115,198.5967712,124.612442
29420,B-20-1-06_masks.tif,162,4464,372.5269119,125.8292744,46.55864797,2.702597259,0.929026005,-41.25639904,2035.624776,2428.178539,3318,0.74327957,209.8128357,203.2637177,144.4071655
29421,B-20-1-06_masks.tif,163,7998,544.6690476,192.7052062,54.33913015,3.546343227,0.959420106,-32.92856197,1740.433858,2472.161165,4911,0.614028507,201.2675629,195.4565277,137.6302185
29422,B-20-1-06_masks.tif,164,7047,570.8111832,212.4687876,43.12102289,4.927266873,0.979188631,-40.73111422,4109.942529,2482.886051,5035,0.714488435,197.3485565,185.4832153,140.5823212
29423,B-20-1-06_masks.tif,165,8825,735.7817459,264.2078458,44.29762502,5.964379483,0.985844532,-53.74172275,3796.631161,2542.990028,6497,0.736203966,206.791748,198.965683,142.4121857
29424,B-20-1-06_masks.tif,166,7000,547.5979797,204.7092492,46.39349521,4.412455848,0.973980655,68.77707665,5096.162571,2523.220714,4248,0.606857143,186.2869568,187.0468445,131.7846069
29425,B-20-1-06_masks.tif,167,12614,944.9949494,350.4340926,51.00542458,6.87052594,0.989351005,49.0383434,1825.604963,2666.273189,6665,0.528381164,194.4468079,187.3524323,153.0063019
29426,B-20-1-06_masks.tif,168,7956,589.0121933,205.8472019,52.85862918,3.894297016,0.966468352,-18.53655054,4526.301156,2674.199095,6081,0.764328808,193.5303345,183.5528717,117.974678
29427,B-20-1-06_masks.tif,169,14152,910.9533188,350.9424411,53.66498169,6.539505467,0.988239072,25.19728059,4031.153547,2717.080625,7063,0.499081402,192.4798279,187.6357117,138.6279144
29428,B-20-1-06_masks.tif,170,11571,844.0416306,360.4039077,42.47142457,8.485797482,0.993032125,-89.10993401,1119.175784,2594.347507,4948,0.427620776,193.4710999,190.2004852,138.2085724
29429,B-20-1-06_masks.tif,171,9441,633.5979797,241.2092831,55.13124238,4.375183157,0.973529392,-19.5769299,3559.4508,2715.933693,6568,0.695689016,207.7006683,204.6954956,147.5925751
29430,B-20-1-06_masks.tif,172,19258,1150.911688,500.66509,56.48601273,8.863523301,0.993615221,10.43588953,3947.896095,2826.751532,7004,0.363693011,191.2220154,184.4034882,140.8619385
29431,B-20-1-06_masks.tif,173,13801,866.0832611,338.7202184,53.87122881,6.287590349,0.987271586,-10.84031283,3474.168104,2776.942323,10458,0.757771176,206.8495941,199.7835083,153.3865967
29432,B-20-1-06_masks.tif,174,6417,489.0121933,177.9725368,46.81312977,3.801765396,0.964786103,26.41804799,4193.530933,2684.042543,2770,0.431665887,204.2494659,196.761734,144.1617279
29433,B-20-1-06_masks.tif,175,6362,469.9411255,164.8895432,51.09747237,3.226960856,0.950772709,25.42260733,4246.919051,2686.815781,5259,0.826626847,188.1971893,179.8201141,131.8619537
29434,B-20-1-06_masks.tif,176,13313,903.3380951,317.2663426,58.8335616,5.39260813,0.982655773,-37.50376513,3347.680913,2763.450237,8529,0.640651994,201.4656982,192.4910278,144.9197998
29435,B-20-1-06_masks.tif,177,11880,857.7401154,352.723125,45.00697137,7.837077551,0.991825893,-75.62404131,2730.543434,2667.743266,10662,0.897474747,201.0883484,194.7848358,151.4714813
29436,B-20-1-06_masks.tif,178,5428,423.2132034,168.7276198,42.047241,4.012810728,0.968451558,81.89515422,3190.162122,2641.2465,4573,0.842483419,189.3476868,179.2820892,141.7039185
29437,B-20-1-06_masks.tif,179,13572,826.7106781,231.3316755,80.01289214,2.891180025,0.938278929,24.98755304,4152.542367,2728.896846,10421,0.767830828,196.8158569,193.3215637,148.110733
29438,B-20-1-06_masks.tif,180,14415,931.4974747,376.2237381,51.24309857,7.341939668,0.990680841,-10.9482283,3420.842872,2814.045578,7165,0.497051682,202.5120697,192.3526917,149.6833191
29439,B-20-1-06_masks.tif,181,11458,922.3259018,395.3415934,40.28749366,9.813010378,0.994794081,-75.54951557,2730.174114,2715.099145,9277,0.809652644,193.4136047,182.924118,148.9318695
29440,B-20-1-06_masks.tif,182,11846,748.2842712,307.6897872,50.63203342,6.076978671,0.986367833,-81.71942514,481.9887726,2700.923181,6681,0.563987844,192.2489166,184.7040863,126.5867386
29441,B-20-1-06_masks.tif,183,5169,424.3847763,168.6171974,41.60885295,4.052435611,0.969075305,-81.51978991,892.0294061,2760.037531,3603,0.697040046,188.1090698,182.9372711,129.9256134
29442,B-20-1-06_masks.tif,184,9986,800.6101731,301.6467322,46.20120227,6.528980143,0.988200896,-50.80846434,3594.106048,2852.465351,0,0,,,
29443,B-20-1-06_masks.tif,185,6612,520.3847763,224.4480467,42.14107525,5.326111054,0.982216036,87.91131679,87.24939504,2781.684815,3339,0.504990926,192.554657,187.8816986,152.9685516
29444,B-20-1-06_masks.tif,186,16630,957.8406204,391.4666182,60.67126764,6.452257114,0.987916898,-82.51628526,1848.684185,2809.37264,8936,0.537342153,203.1526337,198.0585327,161.3179321
29445,B-20-1-06_masks.tif,187,7522,651.882251,236.1237043,43.59273589,5.416583739,0.982810315,-53.80133986,3563.20779,2832.091598,3528,0.469024196,197.4223328,189.64711,148.457489
29446,B-20-1-06_masks.tif,188,11347,774.4264069,311.3948471,48.8668764,6.372309221,0.98760989,77.28115223,2651.349079,2813.107077,6854,0.604036309,196.5630341,194.3177643,160.8695679
29447,B-20-1-06_masks.tif,189,9751,777.4386002,273.0018017,47.60238756,5.735044304,0.984680811,-45.46544511,245.1177315,2873.705056,4610,0.472772023,196.7668152,190.5405579,145.4518433
29448,B-20-1-06_masks.tif,190,12400,756.8700577,317.244929,51.2926301,6.18500023,0.986842996,0.311582107,4037.890806,2947.394113,6063,0.488951613,198.114624,193.4007874,130.819397
29449,B-20-1-06_masks.tif,191,9301,787.6812409,289.838016,42.5819394,6.806595004,0.989148922,-49.60635525,272.9886034,2907.991614,4234,0.455219869,200.794281,195.6124268,145.2751465
29450,B-20-1-06_masks.tif,192,9756,697.2964646,253.136504,50.35399203,5.02713874,0.980015668,-54.32482681,4356.988315,2901.322776,7563,0.775215252,196.069809,185.5549316,124.1166229
29451,B-20-1-06_masks.tif,193,11351,839.3380951,309.5001607,48.84210457,6.336749069,0.987469555,50.54080345,898.603383,2920.725399,7495,0.660294247,190.3550415,185.721817,150.1006012
29452,B-20-1-06_masks.tif,194,4164,372.7279221,164.7377622,33.76891966,4.878384142,0.978764925,-5.518850931,2850.369837,2907.736792,3675,0.882564841,189.1194611,181.2165985,133.2862549
29453,B-20-1-06_masks.tif,195,4851,360.1421356,147.0999582,42.94485193,3.425322283,0.956435618,-8.362282699,2803.101216,2906.078541,4579,0.943929087,198.3500824,190.9519501,151.2006989
29454,B-20-1-06_masks.tif,196,14986,929.3553391,398.4245546,56.63224267,7.035295369,0.9898465,86.92599233,1841.696917,2872.04324,6097,0.40684639,202.938324,196.286377,166.6211243
29455,B-20-1-06_masks.tif,197,10092,764.4680374,275.2967279,53.98578519,5.099429914,0.980583832,61.41891511,2663.273385,2910.53151,7913,0.784086405,190.8180237,186.2378387,132.7740479
29456,B-20-1-06_masks.tif,198,8210,688.2253967,259.9782912,42.50263985,6.116756326,0.986545763,55.84562061,772.4330085,2929.561632,6232,0.7590743,179.4255524,172.4958344,136.6506805
29457,B-20-1-06_masks.tif,199,2069,310.8700577,117.5602091,25.83515018,4.550397744,0.97555374,36.34379382,33.40115998,2922.274529,981,0.474142098,174.9714508,163.2212067,136.9174347
29458,B-20-1-06_masks.tif,200,10306,816.7106781,319.3228906,44.49114277,7.17722384,0.990246056,63.68597245,2631.46701,2938.489036,7981,0.77440326,200.2450867,187.1001129,154.8909912
29459,B-20-1-06_masks.tif,201,10452,1114.267027,459.8954014,38.51091894,11.94194826,0.99648777,67.52787063,622.1389208,2986.179487,2535,0.242537313,166.1747589,158.857193,129.2449646
29460,B-20-1-06_masks.tif,202,10017,612.8111832,218.9476696,59.08645084,3.705547829,0.962897991,-46.05851707,4152.440052,2962.971848,5695,0.568533493,193.8302002,185.4793701,140.9411774
29461,B-20-1-06_masks.tif,203,6816,582.5685425,227.0616478,41.41570279,5.482501384,0.983224689,55.71484803,778.8414026,2975.934712,2476,0.363262911,203.8594513,193.8174438,151.4014587
29462,B-20-1-06_masks.tif,204,13505,812.0243866,296.3918375,59.0823107,5.016591835,0.979930688,-34.95677348,1766.018067,3022.561792,7435,0.550536838,201.6238098,193.1030273,146.4385986
29463,B-20-1-06_masks.tif,205,4974,400.627417,145.2699683,47.35376207,3.067759814,0.945379851,-69.18993311,3023.954363,2936.063329,4033,0.810816244,190.5040894,180.5693054,135.3915253
29464,B-20-1-06_masks.tif,206,12235,786.1837662,315.8805597,50.78000244,6.220569997,0.98699402,78.07107319,3660.461054,2965.213731,6840,0.5590519,190.4473724,186.3590698,138.6736908
29465,B-20-1-06_masks.tif,207,12368,834.0243866,310.4779682,54.11944855,5.736901918,0.984690807,-36.56220777,1805.681921,3048.868774,8217,0.664375809,198.6770172,189.8309631,144.6328278
29466,B-20-1-06_masks.tif,208,7204,590.5269119,233.5510979,40.57536647,5.755982465,0.984792918,-76.68032132,3192.200722,2970.544975,6816,0.946141033,198.2535248,192.2067261,149.1236725
29467,B-20-1-06_masks.tif,209,14963,944.3675324,338.308711,58.20586167,5.81227906,0.985088297,23.07540114,1607.36236,3120.647731,5198,0.347390229,185.899765,178.661026,146.8638
29468,B-20-1-06_masks.tif,210,5129,528.1837662,190.1830735,35.53526891,5.351952563,0.982388894,64.73501742,586.7383506,2998.246637,3674,0.716318971,203.3834991,198.9107208,134.8271637
29469,B-20-1-06_masks.tif,211,9484,562.627417,234.2049918,53.8432625,4.349754842,0.973214726,1.34521548,2179.829397,3077.397722,6581,0.693905525,200.8053436,195.7003479,150.5017548
29470,B-20-1-06_masks.tif,212,8617,668.5685425,262.1958914,46.40818816,5.649776511,0.984211184,-61.71224633,3211.993269,3023.144946,6888,0.799350122,202.1098938,193.6962891,148.8792114
29471,B-20-1-06_masks.tif,213,8373,663.2964646,253.2525334,43.6270491,5.804943003,0.985050297,54.94462371,2640.863012,3053.954974,8010,0.956646363,195.1203461,187.331955,148.7826538
29472,B-20-1-06_masks.tif,214,6361,484.8700577,186.2177347,44.24745533,4.208552408,0.971360297,-79.81346662,3047.977834,3034.379186,5856,0.920609967,208.3934479,199.7160187,149.2716827
29473,B-20-1-06_masks.tif,215,7024,499.5979797,187.0834547,48.7341862,3.838854596,0.965475367,-65.53849167,4242.588554,3077.907887,6053,0.861759681,196.5271759,190.627121,133.8802185
29474,B-20-1-06_masks.tif,216,4988,420.5269119,156.9832355,42.58256773,3.686561047,0.962507375,-61.5609468,58.59943865,3076.783681,3916,0.785084202,187.2918854,180.1902466,132.0367737
29475,B-20-1-06_masks.tif,217,14580,893.3553391,380.6070296,55.76586152,6.825090105,0.989207973,89.31710333,908.1274348,3087.537311,6402,0.43909465,191.7700653,184.015152,125.2185287
29476,B-20-1-06_masks.tif,218,8980,697.3553391,257.6105347,46.24481384,5.570582155,0.983755336,77.69140813,1978.511247,3095.242762,4574,0.50935412,191.0369415,184.5155182,154.0802307
29477,B-20-1-06_masks.tif,219,13073,854.3259018,349.3954236,50.14175717,6.968152759,0.989648859,73.89520708,1979.819093,3138.110916,5058,0.386904307,202.7613678,197.2943878,157.2305298
29478,B-20-1-06_masks.tif,220,4431,400.9705627,166.1825472,36.56013428,4.54545779,0.975499907,-82.85930424,3009.380275,3094.771383,3909,0.882193636,199.5152283,194.8360138,150.1478577
29479,B-20-1-06_masks.tif,221,6568,538.3259018,200.4677256,43.3679876,4.62248162,0.976319412,53.30189099,2734.29187,3168.103228,6202,0.944275274,197.57901,189.1855927,156.9920959
29480,B-20-1-06_masks.tif,222,3575,394.7695526,144.83991,34.60348431,4.185703054,0.971042086,-49.63527418,47.71188811,3157.456224,2866,0.801678322,207.7365723,203.9637146,141.9651031
29481,B-20-1-06_masks.tif,223,10906,861.3380951,320.2698759,45.96141052,6.96823427,0.989649102,-44.27678657,390.5377774,3223.246011,7307,0.669998166,199.2258148,196.0706177,144.1586151
29482,B-20-1-06_masks.tif,224,7278,546.5269119,221.7443602,42.62142303,5.202650321,0.981353871,-74.19534982,3305.785655,3154.816845,6659,0.914949162,202.8711548,198.1240387,156.7610779
29483,B-20-1-06_masks.tif,225,6813,572.9116882,224.6971035,45.01120601,4.992025841,0.97973063,54.87929091,2706.087039,3207.077939,6341,0.930720681,193.697052,188.2663574,143.7935638
29484,B-20-1-06_masks.tif,226,8869,665.0121933,264.7798769,45.70291818,5.793500447,0.984990735,-73.45420217,3326.61698,3192.948247,8196,0.924117713,203.7762299,199.1350708,160.0715027
29485,B-20-1-06_masks.tif,227,5429,447.5979797,166.9164962,42.86072311,3.894392911,0.966470032,55.19163609,4316.564376,3189.340763,4832,0.890034997,175.8600922,170.4983368,121.156662
29486,B-20-1-06_masks.tif,228,8804,720.1837662,281.9307409,45.01998392,6.262346549,0.987168093,-76.89653075,196.5499773,3219.360972,6268,0.711949114,197.4114532,192.8439636,151.7509613
29487,B-20-1-06_masks.tif,229,4802,420.2842712,160.8977432,41.18530156,3.90667877,0.966684222,-69.75617814,62.1757601,3221.885673,4194,0.873386089,189.5596161,182.9926147,135.2641907
29488,B-20-1-06_masks.tif,230,7461,593.1126984,243.7862813,40.84783005,5.968157453,0.985862577,-75.63980311,194.0225171,3261.259483,3136,0.420318992,194.3998718,189.4441986,152.6489105
29489,B-20-1-06_masks.tif,231,10046,641.8406204,238.2681801,55.3714935,4.303083862,0.972622333,-69.68333091,2164.446845,3289.543699,8008,0.797133187,198.0855408,190.7490082,151.781723
29490,B-20-1-06_masks.tif,232,14021,883.9411255,371.1172757,49.92397656,7.433648144,0.99091041,80.30926879,3343.912488,3284.883888,6761,0.482205264,188.114624,179.6564178,140.6586304
29491,B-20-1-06_masks.tif,233,13346,1152.107648,388.2083923,49.41291839,7.856414981,0.991866247,-42.28136309,3540.993406,3436.217743,6743,0.505245017,196.530777,189.9629211,150.8643036
29492,B-20-1-06_masks.tif,234,10507,663.254834,255.2513612,55.97450892,4.560135785,0.975659338,-71.78341331,2174.627486,3335.349672,4096,0.389835348,204.1130371,195.2485352,162.4423828
29493,B-20-1-06_masks.tif,235,12753,901.5391052,335.3338503,53.49506122,6.268501104,0.987193441,-62.63662766,1636.765702,3355.727594,8098,0.634987846,205.3409424,200.8137817,159.2179565
29494,B-20-1-06_masks.tif,236,15647,1073.095454,403.1583605,50.54301921,7.976538932,0.992110352,-63.37033305,1648.620566,3399.39228,5609,0.358471272,203.0638275,194.5822754,154.5002747
29495,B-20-1-06_masks.tif,237,8104,508.8700577,204.3879352,51.97192032,3.932660829,0.967130443,-75.91715409,1929.178677,3353.266412,4880,0.602171767,200.0454865,196.0036926,143.4489746
29496,B-20-1-06_masks.tif,238,9201,632.3847763,275.9548063,44.13592418,6.252385362,0.987126907,86.42083044,130.5249429,3348.844582,5510,0.598847951,188.0422821,184.1248627,136
29497,B-20-1-06_masks.tif,239,11986,815.254834,318.8704895,60.50012203,5.270575973,0.981835804,-78.53916016,3450.033039,3378.616386,5959,0.497163357,192.4133301,183.9411011,144.1417999
29498,B-20-1-06_masks.tif,240,10084,887.7817459,336.3043411,39.26336368,8.565347173,0.993161394,-64.2088335,1666.737406,3436.697541,1631,0.161741372,216.1667633,211.6358032,176.9129333
29499,B-20-1-06_masks.tif,241,17224,1318.409163,445.3355587,75.4196836,5.904765672,0.985555161,-67.14717316,1651.913203,3480.278216,5903,0.342719461,199.2498779,188.8356781,147.9259644
29500,B-20-1-06_masks.tif,242,5850,469.254834,173.8404058,44.39819583,3.915483559,0.966836456,47.99695349,2183.283077,3436.537778,4978,0.850940171,191.3268433,185.9485779,153.8127747
29501,B-20-1-06_masks.tif,243,8903,639.6396103,220.0882822,53.27987498,4.13079577,0.970255268,40.32039994,2148.514995,3466.425362,5568,0.625407166,201.1197968,195.472702,160.7990265
29502,B-20-1-06_masks.tif,244,22380,1293.580736,499.1292214,61.31535747,8.140362251,0.992425912,-68.52753791,1837.326586,3481.97395,7433,0.332126899,192.3924408,184.3025665,119.9880295
29503,B-20-1-06_masks.tif,245,15935,1203.580736,419.5921222,53.07044799,7.90632335,0.991969025,-65.19469964,2351.033825,3525.056605,6468,0.405898965,195.5083466,186.9786682,133.1609497
29504,B-20-1-06_masks.tif,246,4498,357.7989899,132.8473302,44.61089842,2.977912009,0.941931257,-74.48420687,57.51911961,3467.944642,4018,0.893285905,195.4051819,190.7832184,152.7645569
29505,B-20-1-06_masks.tif,247,3093,303.4558441,97.35220965,43.32857267,2.246836294,0.895495656,-61.44620462,37.38473973,3518.364048,2674,0.864532816,194.5800323,188.5037384,138.1551971
29506,B-20-1-07_masks.tif,1,4166,362.7695526,118.4711769,45.93180163,2.579284344,0.921783741,59.00674102,721.4954393,37.02160346,3280,0.787325972,200.2698212,198.3612823,158.4237823
29507,B-20-1-07_masks.tif,2,13728,809.9411255,330.115932,57.45576799,5.745566435,0.984737304,-87.90268202,3420.550699,28.91032925,3675,0.267701049,209.0778198,207.7755127,140.6628571
29508,B-20-1-07_masks.tif,3,5801,423.8406204,142.6978337,53.08922204,2.687887074,0.928216923,-45.23570076,5075.651957,51.69539735,4155,0.716255818,210.9785767,204.7836304,143.8950653
29509,B-20-1-07_masks.tif,4,12889,913.5807358,337.3555132,50.77606946,6.643986364,0.988608175,51.21940101,738.312049,106.2378773,4846,0.375979517,183.6231995,185.8314056,140.0701599
29510,B-20-1-07_masks.tif,5,8320,602.1837662,229.7018863,47.83962508,4.801498463,0.97807173,17.82316283,5330.766947,104.831851,5603,0.6734375,201.510437,202.6651764,158.3092957
29511,B-20-1-07_masks.tif,6,6372,489.8406204,180.0416255,46.96396441,3.833612169,0.965379184,34.51349222,5267.653484,75.5158506,5220,0.81920904,190.9237518,193.4726105,135.0509644
29512,B-20-1-07_masks.tif,7,7000,455.7989899,187.8034642,48.30615749,3.887774851,0.966353792,-79.88590119,469.108,67.409,6260,0.894285714,195.8562317,192.7945709,153.2634125
29513,B-20-1-07_masks.tif,8,3534,310.2842712,100.6218053,45.90638443,2.191891314,0.88986343,-56.44848435,5143.733447,79.25183928,2365,0.669213356,213.4520111,209.0676575,150.9386902
29514,B-20-1-07_masks.tif,9,17225,1045.63961,454.8044225,53.10974827,8.563482926,0.993158406,74.57004175,1971.340435,125.9235414,7381,0.42850508,197.3278656,198.7866211,141.9569092
29515,B-20-1-07_masks.tif,10,11931,845.0121933,363.7981731,47.53039659,7.65401089,0.991428494,-85.75423304,406.7436929,110.5006286,4210,0.352862292,203.299057,204.6717377,146.4460754
29516,B-20-1-07_masks.tif,11,3342,292.3847763,101.2284354,44.57726848,2.270853258,0.897819766,-66.74430033,5067.437463,118.7399761,2215,0.66277678,215.2762909,210.8058624,154.6451416
29517,B-20-1-07_masks.tif,12,6749,492.7695526,185.2194412,49.29343595,3.757486928,0.963935677,68.29179793,73.79774781,138.0613424,6300,0.933471625,185.3720703,183.2014313,135.5827026
29518,B-20-1-07_masks.tif,13,15410,985.1126984,424.0039895,55.0563964,7.70126665,0.99153381,-3.636349476,2188.367554,315.0653472,5506,0.357300454,207.5786438,203.6663666,150.249176
29519,B-20-1-07_masks.tif,14,18096,1293.882251,495.2923938,64.34936371,7.696927603,0.991524221,80.84463537,2434.033764,187.2109859,4314,0.238395225,201.2614746,202.388504,148.0679169
29520,B-20-1-07_masks.tif,15,4049,392.627417,146.7376317,37.50407869,3.912577959,0.966786334,77.7195369,60.71573228,172.0810077,2756,0.680661892,193.6121216,200.2158966,138.1527557
29521,B-20-1-07_masks.tif,16,10757,797.1126984,302.383291,47.78055617,6.32858458,0.987436997,89.28861107,3106.030492,240.4843358,6279,0.583712931,202.5359192,199.0949249,137.4723663
29522,B-20-1-07_masks.tif,17,6009,432.627417,171.2973578,46.33434661,3.696984427,0.962722581,83.43155199,428.7816608,260.8257614,4035,0.671492761,194.4133759,198.1410217,141.0391541
29523,B-20-1-07_masks.tif,18,8054,654.8700577,249.4885306,43.72061577,5.706427648,0.98452557,-84.49363042,5177.163149,263.2802334,6081,0.755028557,205.231369,204.4696655,146.1286011
29524,B-20-1-07_masks.tif,19,12996,942.6518036,346.6200299,50.25065268,6.897821449,0.989435566,48.79173203,3078.381733,359.429209,7192,0.553401046,194.2743378,194.3382874,139.995697
29525,B-20-1-07_masks.tif,20,3340,305.8994949,132.0256019,33.47771751,3.943685881,0.967317068,81.83600875,420.0431138,295.9464072,2552,0.764071856,202.5438843,207.6148071,144.4232025
29526,B-20-1-07_masks.tif,21,17491,896.2842712,400.4606059,56.9552559,7.031144001,0.989834446,-6.442390034,657.4406838,476.8580985,7241,0.413984335,191.8201904,181.6866455,117.258255
29527,B-20-1-07_masks.tif,22,11535,674.0416306,293.4501716,54.05689207,5.428543157,0.982886631,-2.458763866,268.9976593,425.0935414,366,0.031729519,215.7704926,215.0382538,171.1639404
29528,B-20-1-07_masks.tif,23,9880,677.3553391,274.5324269,57.84542346,4.74596624,0.97754964,-1.978573197,311.2919028,432.2367409,7368,0.745748988,192.6142731,187.438385,141.1973419
29529,B-20-1-07_masks.tif,24,8423,578.3847763,251.4226927,44.264974,5.679946694,0.984379797,-0.661286325,229.558827,418.3434643,5152,0.611658554,205.7711639,195.3171539,146.1546936
29530,B-20-1-07_masks.tif,25,12385,970.1665222,350.447442,55.22188333,6.346169686,0.987506964,52.97511803,1715.319984,439.1161889,2577,0.208074283,203.018631,201.1924744,154.142807
29531,B-20-1-07_masks.tif,26,8451,641.9827561,223.0183067,49.98404415,4.461789966,0.974560337,-61.48389139,2298.363152,389.9440303,5280,0.624778133,212.1634521,202.9295502,158.1193237
29532,B-20-1-07_masks.tif,27,11724,967.5807358,349.8020535,43.9945795,7.951026181,0.992059436,56.83062729,1785.318492,443.107813,4832,0.412146025,191.6761169,187.9389496,145.5668488
29533,B-20-1-07_masks.tif,28,11914,584.0416306,241.4651106,64.53103342,3.74184478,0.963627824,3.012009728,183.0822562,458.2065637,6961,0.584270606,190.9655151,179.7267609,121.8569183
29534,B-20-1-07_masks.tif,29,11453,845.1959595,326.1712457,48.1819368,6.769575226,0.989029258,-30.97055835,1514.073169,493.2539073,7077,0.617916703,210.4295654,203.2520905,167.9930725
29535,B-20-1-07_masks.tif,30,6761,594.3259018,233.5349506,39.11370905,5.970667479,0.985874546,-59.35430306,2324.642804,418.8914362,4416,0.653157817,202.0507202,198.4768982,141.2155762
29536,B-20-1-07_masks.tif,31,11107,769.5391052,281.7063132,52.5399614,5.361753333,0.982453792,-32.72936293,1460.642028,502.6001621,8725,0.78554065,205.6463013,198.8444672,160.3295135
29537,B-20-1-07_masks.tif,32,5414,383.3553391,124.4323409,57.41392793,2.167284933,0.887188688,-60.88096528,3487.841707,465.6638345,4029,0.744181751,204.2727661,198.1285706,131.7123413
29538,B-20-1-07_masks.tif,33,5562,456.4264069,160.7986803,47.25235916,3.402976764,0.955848359,-61.65503669,3390.701546,527.5805466,3475,0.624775261,218.5004272,209.8923798,145.238266
29539,B-20-1-07_masks.tif,34,7839,503.3553391,188.3135717,53.75219502,3.503365241,0.95839663,69.71098387,299.6675596,629.7025131,6117,0.780329124,181.4534912,178.6967468,116.3634109
29540,B-20-1-07_masks.tif,35,16503,1045.539105,425.4618257,58.43950118,7.280380858,0.990521822,20.78731606,1826.718172,777.941647,6634,0.401987517,196.9540253,190.9883881,143.3884583
29541,B-20-1-07_masks.tif,36,13988,691.6984848,280.4496402,65.24149261,4.29863924,0.97256489,-87.4847211,1273.837003,640.5044324,5169,0.369531027,195.2770386,184.0698395,140.7738495
29542,B-20-1-07_masks.tif,37,7313,590.8111832,203.940004,47.25700553,4.315550715,0.972782493,45.41643908,122.6797484,712.8605224,4853,0.663612744,186.7123413,193.7516937,135.133316
29543,B-20-1-07_masks.tif,38,11965,947.882251,362.8958112,46.09648975,7.872525938,0.99189964,20.02068411,1806.419724,831.3635604,6246,0.522022566,198.1863556,194.2284698,151.5906219
29544,B-20-1-07_masks.tif,39,11108,659.4558441,265.7886697,56.4347744,4.709661243,0.97719813,-86.24471368,1260.984426,692.4260893,7186,0.646921138,201.2578583,196.7844391,141.9558868
29545,B-20-1-07_masks.tif,40,12572,850.8111832,341.347046,50.19557253,6.800341719,0.989128847,67.94523952,3973.745784,752.8332803,5854,0.465637926,190.3534393,188.3662415,144.0908813
29546,B-20-1-07_masks.tif,41,13850,1004.811183,410.8035812,47.48650019,8.650955105,0.993296525,73.91782591,938.0402166,737.3001444,823,0.059422383,216.4945374,199.4945374,157.9185944
29547,B-20-1-07_masks.tif,42,2870,276.8700577,92.68745717,40.53618685,2.286536164,0.899294904,-44.97677003,4553.255401,740.9850174,2749,0.957839721,201.1840668,191.9858093,132.9610748
29548,B-20-1-07_masks.tif,43,10701,695.882251,259.5693243,54.10852145,4.797198617,0.978031961,35.39198516,101.6483506,832.1038221,8923,0.833847304,190.0375366,186.0690308,139.3694916
29549,B-20-1-07_masks.tif,44,4062,343.1126984,112.1918119,47.83628729,2.345328583,0.904544378,-32.93194274,4588.381585,770.1080748,3705,0.91211226,208.9873199,201.6315765,153.3495331
29550,B-20-1-07_masks.tif,45,9525,570.8700577,231.6835654,53.0238413,4.369422504,0.973458596,81.96979483,730.9474016,760.8847244,7907,0.830131234,201.1224213,196.3561401,154.9178009
29551,B-20-1-07_masks.tif,46,2418,324.627417,110.6056236,32.76796489,3.375419376,0.955107491,17.88592592,20.39205955,783.9160463,1774,0.733664185,181.8303223,179.5349426,125.3432922
29552,B-20-1-07_masks.tif,47,7217,579.6984848,230.2753927,41.2460037,5.582974642,0.983827965,77.04379193,943.3526396,774.0983788,2296,0.31813773,205.1528778,206.8719482,150.4960785
29553,B-20-1-07_masks.tif,48,19286,1151.823376,431.3382277,58.41527369,7.383997377,0.99078719,62.03004179,674.5762729,853.5505548,8069,0.418386394,185.1638336,179.2538147,125.1350861
29554,B-20-1-07_masks.tif,49,6069,458.4264069,162.5531769,48.40278633,3.358343377,0.954638933,37.77816366,147.3456912,817.228868,3227,0.53171857,187.8571472,186.1961517,158.4480896
29555,B-20-1-07_masks.tif,50,10703,794.0832611,300.8209864,51.66843434,5.82214248,0.985139159,79.80215798,730.70569,805.9387088,6486,0.605998318,198.6379852,199.0642853,153.4005585
29556,B-20-1-07_masks.tif,51,3364,312.2842712,92.37508181,48.27567324,1.913491322,0.852574974,-40.94394626,4495.727408,800.9057669,2124,0.631391201,214.3149719,208.3545227,140.2358704
29557,B-20-1-07_masks.tif,52,10205,633.1126984,256.3163131,57.04516587,4.493217071,0.974919523,88.24543629,3735.022244,795.7014209,6803,0.666634003,206.8878479,203.2666473,146.8084717
29558,B-20-1-07_masks.tif,53,4497,335.2132034,115.9437373,50.22054329,2.308691419,0.901323867,-20.58164539,3549.331777,828.0885034,3193,0.710028908,208.8847504,202.7297211,159.6304474
29559,B-20-1-07_masks.tif,54,14785,979.9238816,350.1672453,69.28656178,5.053898422,0.980228865,-48.45673691,3330.33791,876.0909029,8516,0.575989178,213.0870056,204.7216949,149.1520691
29560,B-20-1-07_masks.tif,55,6532,474.8700577,191.0722558,44.66383269,4.278008497,0.972295861,-14.18329146,3580.891151,875.2642376,5701,0.872780159,209.7974091,204.0892792,157.4204559
29561,B-20-1-07_masks.tif,56,3472,302.2842712,90.14554069,50.8557909,1.772571797,0.825670923,-38.68969884,4534.670507,838.5832373,2746,0.790898618,214.0378723,209.2097626,155.7123108
29562,B-20-1-07_masks.tif,57,9913,659.1126984,266.7345142,51.22102577,5.207519962,0.981389058,-85.15792571,1024.615152,841.9397761,5662,0.571169172,204.0704651,201.345459,153.884491
29563,B-20-1-07_masks.tif,58,5748,437.0121933,159.9311999,47.22547978,3.386544734,0.955408838,-42.36406182,3891.491997,871.6301322,4687,0.815414057,210.6486053,203.426712,142.9216919
29564,B-20-1-07_masks.tif,59,12892,803.7817459,296.2091631,56.67328197,5.226610367,0.981526041,32.57167279,3708.993019,953.328188,8345,0.647300652,194.3068848,193.2535706,131.1871796
29565,B-20-1-07_masks.tif,60,11609,674.4680374,246.0081779,61.1216349,4.024895249,0.96864378,-47.73499224,3345.839779,927.5913515,9677,0.833577397,210.2624817,200.2621613,139.219696
29566,B-20-1-07_masks.tif,61,9902,670.8700577,280.8701963,46.88196893,5.991006835,0.985970976,-83.56854761,998.0274692,886.471016,5733,0.578973945,203.7927856,197.4550781,152.8409271
29567,B-20-1-07_masks.tif,62,3382,290.0416306,90.52498195,48.8173161,1.854362123,0.84213357,-61.00961209,4536.336192,892.6649911,2990,0.884092253,198.0658875,192.8063507,148.1936493
29568,B-20-1-07_masks.tif,63,8007,735.254834,285.0961571,37.93872697,7.514647429,0.991106179,-76.65371436,1057.236793,917.1558636,4267,0.532908705,203.7759552,199.7293243,139.2498169
29569,B-20-1-07_masks.tif,64,13733,809.9827561,306.2009451,64.19864167,4.76958604,0.977773966,20.64190303,3478.874973,1025.260103,7185,0.52319231,193.8221283,189.0396729,139.6499634
29570,B-20-1-07_masks.tif,65,3251,263.3137085,96.94750125,43.78427065,2.214208432,0.892206001,-10.41161306,3529.291603,924.1178099,2313,0.711473393,202.6791992,196.9770813,149.5278931
29571,B-20-1-07_masks.tif,66,8740,618.1837662,221.5575959,54.08257287,4.096654136,0.969749653,-4.772391113,3606.443021,997.3255149,4211,0.48180778,197.8202362,194.9890747,155.7463837
29572,B-20-1-07_masks.tif,67,14042,942.0243866,357.2733959,52.89156199,6.754827849,0.988981035,26.09181998,4180.012107,1059.991383,9863,0.702392822,198.9715118,194.5266113,158.5676727
29573,B-20-1-07_masks.tif,68,2391,246.627417,76.9946009,41.40723559,1.859447988,0.84307627,-43.50046637,4477.320786,936.6302802,1984,0.829778335,207.884079,201.287796,142.8412323
29574,B-20-1-07_masks.tif,69,5556,370.3847763,138.5639558,52.35101091,2.646824835,0.925882669,-80.44933851,3929.097192,932.2024838,4538,0.816774658,202.5440674,198.7816162,141.4737701
29575,B-20-1-07_masks.tif,70,15297,908.8528137,341.2129352,61.00966064,5.592768942,0.983885021,32.10339072,4917.362032,1054.129503,7598,0.496698699,192.4414368,193.2446747,137.9617004
29576,B-20-1-07_masks.tif,71,14497,867.5807358,317.8242506,59.00183612,5.386684068,0.982617265,45.2066297,3865.014486,1023.892529,7401,0.510519418,195.6199188,191.5938416,130.1029663
29577,B-20-1-07_masks.tif,72,7352,487.8406204,174.7946856,56.23936623,3.108048638,0.946826262,-54.97198474,4540.027612,980.0748096,3966,0.539445049,194.8852692,186.1369171,124.2962646
29578,B-20-1-07_masks.tif,73,8367,616.9116882,236.047375,47.55858431,4.963296919,0.979492839,-61.49045334,1691.241425,982.3632126,6082,0.726903311,202.6307068,196.7485962,137.5552521
29579,B-20-1-07_masks.tif,74,14323,758.8700577,328.1479076,57.00143178,5.756836228,0.984797464,-1.482652332,1908.679118,1096.311597,7741,0.540459401,199.7278137,193.7430573,143.5607758
29580,B-20-1-07_masks.tif,75,15835,801.1126984,333.584807,62.0699604,5.374335747,0.982536584,4.294239091,4048.888475,1102.1527,5205,0.328702242,200.1083527,193.9112396,138.2226715
29581,B-20-1-07_masks.tif,76,14139,952.0243866,368.3112155,52.76295788,6.980488402,0.989685601,25.87257624,4148.84327,1100.525568,8331,0.589221303,204.3455811,205.4387207,155.5640411
29582,B-20-1-07_masks.tif,77,12515,1020.066017,354.9318874,52.50771678,6.759613808,0.98899672,40.67157432,1022.175709,1108.450659,6141,0.490691171,192.1245728,189.8767242,141.3061371
29583,B-20-1-07_masks.tif,78,20192,1293.865007,479.5423415,59.73710129,8.027546218,0.992210688,-32.71660927,4657.755448,1202.110291,6963,0.34483954,206.7838593,199.3530121,126.9393921
29584,B-20-1-07_masks.tif,79,15063,1004.568542,404.7427004,52.25250596,7.745900278,0.991631508,-77.37762527,1297.298878,1040.123282,975,0.064728142,206.8328247,178.4143524,181.1835938
29585,B-20-1-07_masks.tif,80,13373,947.9238816,364.8950482,53.39585967,6.833770455,0.989235521,-55.20033263,1433.567113,1095.450759,6512,0.48695132,212.9777374,205.8080444,154.3037415
29586,B-20-1-07_masks.tif,81,5203,383.3137085,160.979673,43.6620927,3.686943594,0.962515307,3.550515877,3997.07611,1080.0936,0,0,,,
29587,B-20-1-07_masks.tif,82,11922,848.6690476,351.997217,44.21498869,7.961038269,0.992079476,-77.66956758,1288.179836,1081.888274,8154,0.683945647,203.1866608,201.923233,145.3679199
29588,B-20-1-07_masks.tif,83,18725,1072.811183,427.8335838,57.07122962,7.496484423,0.991062836,-15.54202595,157.0029907,1252.27968,6626,0.353858478,195.9597015,185.2162628,122.4713287
29589,B-20-1-07_masks.tif,84,5515,472.5269119,177.0915753,42.16916455,4.199551429,0.971235577,21.37435473,4109.536718,1131.414869,2085,0.378059837,205.5534821,202.5789032,161.6839294
29590,B-20-1-07_masks.tif,85,8831,580.7695526,229.2372374,50.81883128,4.510871888,0.97511796,-16.64450646,232.0229872,1165.205526,7019,0.794813724,199.3054504,192.6767273,150.6887054
29591,B-20-1-07_masks.tif,86,9693,685.8406204,270.6458056,48.24062201,5.610329932,0.983986566,-18.58682472,265.872898,1193.962963,7204,0.743216754,203.0824585,197.039566,153.2527771
29592,B-20-1-07_masks.tif,87,11568,806.7106781,307.9075378,57.32639693,5.37113013,0.982515547,28.05587668,3898.831518,1190.703665,36,0.003112033,223.9444427,209.6111145,228.6666718
29593,B-20-1-07_masks.tif,88,17633,1111.379726,409.0583999,56.84559984,7.195955378,0.990297019,-37.26561854,5314.54364,1228.030908,6722,0.381217036,200.410141,193.0931244,118.5184479
29594,B-20-1-07_masks.tif,89,14865,966.9949494,358.3576213,57.55785409,6.226042076,0.987017022,-53.96857776,2067.120215,1169.999395,7452,0.501311806,206.7259827,200.8044891,135.4483337
29595,B-20-1-07_masks.tif,90,15634,900.7106781,346.460407,66.40894165,5.217074664,0.981457808,23.39508982,3821.912307,1243.8131,0,0,,,
29596,B-20-1-07_masks.tif,91,20627,1214.936075,443.9077665,66.58781106,6.666501864,0.988685434,41.18871994,1847.367916,1242.162408,9657,0.468172783,197.0700989,192.5494385,151.2534943
29597,B-20-1-07_masks.tif,92,14642,876.9533188,333.8642883,57.15550389,5.841332252,0.98523737,24.8524851,3874.908141,1243.073487,3823,0.261098211,206.3293152,201.872879,148.5584564
29598,B-20-1-07_masks.tif,93,14396,840.1837662,357.3594149,53.56710936,6.671246948,0.988701616,11.44325096,3661.100306,1271.498889,5804,0.403167547,194.5801239,193.3261566,138.989151
29599,B-20-1-07_masks.tif,94,13353,837.9238816,311.6235705,56.1779927,5.547075564,0.983616217,38.8432712,4000.429492,1229.693178,6816,0.510447091,195.0528107,189.7835999,127.1184006
29600,B-20-1-07_masks.tif,95,14037,976.0660172,357.7201598,54.74117475,6.534754897,0.988221864,40.5416688,1818.549049,1278.319228,9557,0.680843485,201.1373901,196.9283295,160.4464722
29601,B-20-1-07_masks.tif,96,13631,821.6984848,353.1800352,54.33796411,6.499692084,0.988093679,-86.60121024,4407.62776,1221.97513,11188,0.820776172,209.2857513,204.9962463,163.6170044
29602,B-20-1-07_masks.tif,97,1650,322.0416306,128.1538985,19.73095916,6.495066836,0.988076613,30.84086359,5407.16,1274.127273,0,0,,,
29603,B-20-1-07_masks.tif,98,13222,799.1126984,338.3282368,50.79758484,6.660321308,0.988664305,-83.26634521,4348.756693,1271.296249,8477,0.641128422,206.0390472,199.3011627,155.2069092
29604,B-20-1-07_masks.tif,99,14021,835.5391052,320.7174236,59.54423331,5.386204603,0.982614143,-60.74144346,4414.107196,1334.770844,8754,0.62434919,208.3669128,199.780899,155.3805084
29605,B-20-1-07_masks.tif,100,16243,1001.882251,393.2662188,54.7165917,7.187330325,0.990273603,70.58694564,2121.703134,1355.022348,5937,0.365511297,185.5580292,181.4818878,139.5861511
29606,B-20-1-07_masks.tif,101,8663,681.1543289,262.2908461,44.08325466,5.949897487,0.985775042,-65.38221641,4446.889415,1365.719612,6619,0.764054023,213.7972565,206.8868408,150.1535034
29607,B-20-1-07_masks.tif,102,11793,737.4974747,294.0744329,53.19177744,5.528569396,0.983505427,-71.25847063,1696.069957,1365.978801,6144,0.520987026,201.109375,196.7088165,137.4513397
29608,B-20-1-07_masks.tif,103,5864,456.6690476,153.96887,49.94344761,3.082864268,0.945929026,-40.92535571,2749.784789,1383.690825,4408,0.751705321,211.443512,204.8797607,150.2779083
29609,B-20-1-07_masks.tif,104,3971,376.2842712,139.0876159,39.89698123,3.486168917,0.957976159,64.87673347,5385.766558,1368.987157,0,0,,,
29610,B-20-1-07_masks.tif,105,14916,935.2964646,367.8144494,52.96352523,6.94467462,0.989578382,21.51947055,1463.818651,1510.203741,8610,0.577232502,199.4308929,194.8326416,154.4025574
29611,B-20-1-07_masks.tif,106,4706,437.5979797,155.9723648,43.16109937,3.613725487,0.960949805,50.56211646,5387.653209,1411.075861,0,0,,,
29612,B-20-1-07_masks.tif,107,5708,486.0832611,186.4909471,40.55289969,4.598708072,0.976070932,-52.31132596,230.3439033,1419.242992,5129,0.89856342,202.6745911,196.0978699,136.7679901
29613,B-20-1-07_masks.tif,108,5169,372.5269119,119.1220312,57.67719402,2.065322927,0.874965215,-37.7581913,2793.430838,1412.410524,4051,0.783710582,204.4463043,195.6662598,136.0802307
29614,B-20-1-07_masks.tif,109,14699,1049.722871,398.1053284,57.95517878,6.869193347,0.989346851,39.07081018,3951.989523,1545.210491,6595,0.448669978,198.5000763,192.1534424,160.1094818
29615,B-20-1-07_masks.tif,110,12018,962.3086579,338.1929713,46.43361619,7.283364921,0.990529624,39.70583226,3904.777584,1547.043435,5440,0.452654352,201.2935638,197.2102966,151.8739014
29616,B-20-1-07_masks.tif,111,14133,854.3259018,325.7201535,64.30820443,5.064985975,0.980316199,-74.50868307,2018.737423,1492.432817,7215,0.510507323,202.6144104,197.6411591,147.16008
29617,B-20-1-07_masks.tif,112,4582,375.9411255,129.079904,46.71132649,2.763353424,0.932225015,-32.51732517,2675.370144,1482.337844,3873,0.845264077,214.5101929,206.851532,150.1322021
29618,B-20-1-07_masks.tif,113,4620,382.4264069,124.6906858,49.43624023,2.522252606,0.918047248,-45.77325482,2730.2329,1490.972727,3777,0.817532468,211.6261597,204.454071,144.8906555
29619,B-20-1-07_masks.tif,114,20071,1162.693434,421.9461511,63.0141162,6.696057592,0.988785662,38.27426092,1952.787654,1661.79169,8659,0.431418464,185.3599701,180.7471924,134.611618
29620,B-20-1-07_masks.tif,115,8021,590.2253967,219.6203557,48.02904857,4.572656802,0.975794107,-43.45570378,3570.22304,1590.454557,6621,0.825458172,210.8926086,203.6375122,144.8865662
29621,B-20-1-07_masks.tif,116,6727,486.2842712,197.089362,44.55094923,4.423909376,0.974116997,-17.30240226,95.49264159,1611.422031,4680,0.69570388,193.2950897,183.5720062,134.5134583
29622,B-20-1-07_masks.tif,117,18441,1196.208153,443.9087312,56.31346862,7.882816351,0.991920861,34.03867911,1522.258554,1717.885906,7567,0.410335665,191.4894867,188.359726,144.0253754
29623,B-20-1-07_masks.tif,118,12377,898.6101731,338.7999499,50.42771049,6.718527307,0.988860969,-27.0602846,1685.203927,1696.387008,0,0,,,
29624,B-20-1-07_masks.tif,119,14679,915.2964646,355.8429206,54.27055922,6.556831653,0.988301513,-23.60897847,1723.412085,1716.903536,3949,0.269023775,211.2783051,207.5535583,158.7409515
29625,B-20-1-07_masks.tif,120,20025,1152.409163,423.2587296,75.91796019,5.575212092,0.983782528,31.6534398,2156.223071,1695.198901,8749,0.43690387,199.2507782,196.3491821,143.3386688
29626,B-20-1-07_masks.tif,121,18058,1147.137085,423.9835311,63.24205543,6.704139012,0.988812834,34.08091118,4297.663196,1703.233027,6537,0.362000222,194.9114227,195.4537201,129.1855621
29627,B-20-1-07_masks.tif,122,18808,1151.23759,419.9709362,68.87521124,6.097562949,0.986460348,29.37010714,2090.11644,1744.407912,10191,0.541843896,189.9925385,186.4132996,148.8299408
29628,B-20-1-07_masks.tif,123,7034,558.2253967,201.9465548,45.56734286,4.431826437,0.974210612,-41.91885494,3586.013221,1632.674865,5263,0.748222917,212.5869293,200.0731506,142.6897278
29629,B-20-1-07_masks.tif,124,13288,857.4974747,318.031774,59.57513848,5.338330419,0.98229809,-14.06961443,2293.582631,1730.678055,8650,0.650963275,208.1838226,201.1218567,157.55896
29630,B-20-1-07_masks.tif,125,13555,897.3553391,385.154572,45.9993286,8.373047688,0.992842524,-10.36349396,2334.949391,1765.739506,8336,0.614976024,201.1716614,193.576416,151.9460144
29631,B-20-1-07_masks.tif,126,3192,285.5563492,102.9053479,42.070739,2.446007614,0.912610795,-3.982600352,19.39974937,1653.263784,0,0,,,
29632,B-20-1-07_masks.tif,127,6110,450.2842712,174.0195962,45.69551582,3.808242297,0.964907958,-71.81150141,1198.069067,1699.104255,4555,0.745499182,202.7903442,197.1727753,146.0204163
29633,B-20-1-07_masks.tif,128,18886,1326.367532,497.7845658,79.9806,6.223816348,0.987007674,85.79952471,3331.088002,1734.296728,7135,0.377793074,198.2777863,193.4711914,141.2176666
29634,B-20-1-07_masks.tif,129,15188,930.7695526,375.447246,57.01304746,6.585286399,0.988402984,-2.523148893,513.341783,1930.334475,11206,0.737819331,193.1285858,184.1847229,134.1477814
29635,B-20-1-07_masks.tif,130,3754,304.9705627,114.1203789,42.8918968,2.660651252,0.926681395,-80.18102576,1120.213106,1766.067128,3240,0.863079382,211.2018585,205.0719147,167.2780914
29636,B-20-1-07_masks.tif,131,6611,518.0416306,210.1889168,43.00880069,4.887114112,0.978841542,-77.64344721,1255.474815,1767.527454,4171,0.630918167,202.4181213,200.3507538,163.883728
29637,B-20-1-07_masks.tif,132,8407,852.8111832,331.4964364,36.34409334,9.121053958,0.993971754,69.67655159,2537.69799,1796.788034,4810,0.572142262,177.703537,173.2501068,130.4257813
29638,B-20-1-07_masks.tif,133,13784,997.9827561,380.2542789,49.4185648,7.694563377,0.99151899,-10.62562389,420.1880441,1952.288305,9895,0.717861288,205.8202057,199.7631073,157.0418396
29639,B-20-1-07_masks.tif,134,4132,325.7989899,117.1246576,46.17711005,2.536422427,0.919000616,-74.15667122,1121.410939,1807.696031,3574,0.864956438,206.8206482,202.8690491,150.460556
29640,B-20-1-07_masks.tif,135,19821,1079.781746,403.2110911,64.56278693,6.245255359,0.987097304,69.18239657,2057.637203,1868.056556,10490,0.529236668,199.2443237,191.424881,142.1541443
29641,B-20-1-07_masks.tif,136,15202,977.1543289,388.018008,56.49208981,6.868536982,0.989344804,-7.948866354,369.2458229,1971.887778,8920,0.586764899,196.8956299,187.1596375,143.7650299
29642,B-20-1-07_masks.tif,137,12621,740.6690476,293.0493682,60.25969382,4.863107487,0.978629843,72.48707557,2557.958957,1867.760954,8325,0.659614928,205.4312286,196.0106964,139.9219208
29643,B-20-1-07_masks.tif,138,13962,907.1126984,397.3115424,45.90377573,8.655312904,0.993303297,-5.899277366,464.3460106,1998.551783,156,0.011173184,236.9615326,233.5641022,223.6923065
29644,B-20-1-07_masks.tif,139,18488,1146.852814,448.8601364,61.86862719,7.255052469,0.990455208,69.08594409,2062.174167,1921.902315,5112,0.276503678,199.9921722,196.9029694,157.6725311
29645,B-20-1-07_masks.tif,140,8031,569.3553391,231.878971,46.7262481,4.962499247,0.979486176,-67.97934685,3156.800897,1863.308928,7255,0.903374424,207.698822,201.0183258,150.7568512
29646,B-20-1-07_masks.tif,141,15210,959.9411255,410.5613968,52.78916408,7.777380148,0.991699399,-1.458897592,1867.340631,2045.502038,8065,0.530243261,201.9982605,195.6317444,145.7423401
29647,B-20-1-07_masks.tif,142,7915,522.7695526,196.6866511,52.09645179,3.775432766,0.964284048,-68.19615637,3185.297789,1897.091598,6436,0.813139608,204.7941284,197.2209473,154.730896
29648,B-20-1-07_masks.tif,143,9782,724.7695526,270.5521725,48.173867,5.616160573,0.984020069,-80.44778646,2859.008281,1887.719485,6065,0.620016357,197.2900238,190.7274475,141.3157501
29649,B-20-1-07_masks.tif,144,9302,651.4558441,251.976579,53.97428003,4.668456512,0.976789043,-87.10672805,1071.381423,1894.159643,6812,0.732315631,199.3901978,190.1255188,140.2488251
29650,B-20-1-07_masks.tif,145,8799,673.882251,240.0620936,49.66509391,4.833618034,0.978365402,-48.80079463,1622.808842,1943.649847,6783,0.770883055,207.1031952,198.8050995,159.4642487
29651,B-20-1-07_masks.tif,146,10102,653.882251,233.9041278,56.07803598,4.171047072,0.970835166,-47.93528409,1678.031083,1958.412691,9564,0.946743219,208.2088013,198.9956055,145.0019836
29652,B-20-1-07_masks.tif,147,10709,793.254834,307.7383131,45.53619144,6.758103904,0.988991775,-77.66423012,2870.011112,1933.683164,7545,0.704547577,205.875946,202.3318787,160.8239899
29653,B-20-1-07_masks.tif,148,7993,632.2253967,227.7403742,49.54787348,4.596370302,0.976046286,30.25327796,3412.068185,2003.104466,4168,0.521456274,187.0371857,181.9587402,148.2471161
29654,B-20-1-07_masks.tif,149,10558,672.0416306,293.1512481,49.1207802,5.967968075,0.985861673,-84.48777799,1003.093673,1944.844383,5243,0.496590263,203.0764771,195.1600189,146.3648682
29655,B-20-1-07_masks.tif,150,16899,917.5979797,383.0881776,65.24689939,5.871362183,0.985389112,0.222542115,1950.610746,2120.252914,6820,0.403574176,195.9966278,185.1670074,136.0863647
29656,B-20-1-07_masks.tif,151,11667,716.627417,321.8707604,47.74078653,6.742049803,0.988938994,-0.870622413,1993.946259,2097.418188,7410,0.635124711,208.9835358,203.6835327,159.95047
29657,B-20-1-07_masks.tif,152,5497,408.8700577,156.8408271,45.85337216,3.420486208,0.956309527,-20.50592049,1798.006003,2018.337821,3911,0.711478989,202.8189697,198.1513672,158.0682678
29658,B-20-1-07_masks.tif,153,9583,652.0416306,292.3165418,44.21202456,6.611697716,0.988495989,-83.52266371,1024.836586,1996.754357,9044,0.943754565,201.4873962,192.7224731,146.087677
29659,B-20-1-07_masks.tif,154,7569,614.5269119,255.2889836,39.30167107,6.495626693,0.988078681,-14.25259814,2049.247325,2091.091426,2359,0.311666006,202.1911774,194.6880035,143.5888062
29660,B-20-1-07_masks.tif,155,17384,866.8700577,381.6836855,58.86409345,6.484151256,0.988036192,-89.35994717,5255.529855,2005.607168,6556,0.377128394,192.1150055,185.279892,120.5715408
29661,B-20-1-07_masks.tif,156,11863,914.1665222,335.3670029,48.47615052,6.918185526,0.989497998,-39.44150799,2124.250611,2156.751665,4819,0.406221023,213.6422424,202.2419586,149.5376587
29662,B-20-1-07_masks.tif,157,16623,887.1543289,333.26581,66.11919708,5.040378962,0.980121585,76.20365136,3651.789087,2084.645672,7826,0.470793479,196.7988739,190.2894135,132.9569397
29663,B-20-1-07_masks.tif,158,12702,1057.095454,354.8511147,56.65621708,6.263233464,0.987171751,64.20603795,3917.359865,2168.767911,7434,0.585262163,195.2501984,192.2542419,138.3220367
29664,B-20-1-07_masks.tif,159,11682,717.254834,274.0813908,57.05019602,4.804214707,0.978096796,-17.50418754,5381.566085,2203.221281,4571,0.391285739,187.5233002,184.2266388,126.5985565
29665,B-20-1-07_masks.tif,160,11014,748.3675324,275.9373306,51.67253047,5.340116463,0.982310035,-36.03473782,2160.432994,2182.694389,9317,0.84592337,209.6594391,201.2835693,148.7971497
29666,B-20-1-07_masks.tif,161,8723,759.7817459,274.3672765,42.95853557,6.386793052,0.987666373,32.32022857,1770.344721,2219.003095,6328,0.725438496,198.0101166,196.2016449,152.9661865
29667,B-20-1-07_masks.tif,162,6884,508.2842712,191.7298598,47.90111308,4.002618049,0.968288043,-79.26952547,3598.400058,2169.137711,5514,0.800987798,207.696228,202.0223083,158.3592682
29668,B-20-1-07_masks.tif,163,10092,671.7401154,259.4145191,53.58075547,4.84156143,0.978437116,-26.24967373,4685.990488,2254.058264,4611,0.456896552,202.7822571,195.5358887,148.2261963
29669,B-20-1-07_masks.tif,164,8865,599.0121933,238.8246997,48.46827681,4.927443586,0.97919014,-20.90622941,1577.6141,2264.553864,7605,0.85786802,209.1952667,202.3049316,148.6134186
29670,B-20-1-07_masks.tif,165,7339,591.9827561,216.0658149,45.01862238,4.799476383,0.978053041,31.87453637,1752.262706,2263.340918,5767,0.78580188,197.9729462,195.4362793,147.3055267
29671,B-20-1-07_masks.tif,166,5473,392.9705627,156.940033,45.84119506,3.423558937,0.956389706,-79.40969352,3614.569889,2206.165723,3817,0.697423716,210.5884247,203.2483673,157.0482025
29672,B-20-1-07_masks.tif,167,7332,545.5979797,212.995363,44.81522112,4.752746002,0.977614377,-22.52720427,1612.833879,2303.46222,6181,0.843016912,201.5748291,193.9427338,143.8370819
29673,B-20-1-07_masks.tif,168,6159,508.9116882,189.6071465,42.38471692,4.47347913,0.974694835,-34.36796805,4622.827407,2287.572983,5178,0.840720896,200.5287781,194.0550385,151.8655853
29674,B-20-1-07_masks.tif,169,16021,997.6396103,398.5821876,63.44884707,6.281945316,0.987248552,74.2977419,4381.570813,2266.262468,10944,0.683103427,197.2765045,192.8911743,150.3660431
29675,B-20-1-07_masks.tif,170,12772,903.3380951,319.0285068,53.47287492,5.966174575,0.98585311,54.6659666,3575.666145,2329.962809,5793,0.45357031,196.0873413,191.2023163,147.11203
29676,B-20-1-07_masks.tif,171,12351,812.6101731,297.9811874,60.64350226,4.913653999,0.979071925,53.33937909,3612.280787,2300.806898,7550,0.611286536,199.9430389,197.1896667,163.1672821
29677,B-20-1-07_masks.tif,172,17176,1038.669048,426.5505344,61.75789235,6.906818192,0.989463217,-83.60703229,3110.869294,2284.648812,10341,0.602061015,199.8062134,192.7926636,134.8980713
29678,B-20-1-07_masks.tif,173,14987,976.1248917,390.9032839,56.48667658,6.920274082,0.98950437,68.44239977,4336.147928,2340.274771,9873,0.658770935,207.1052399,199.9869385,165.1040192
29679,B-20-1-07_masks.tif,174,17061,1061.195959,411.3871556,56.23439301,7.315579196,0.990613241,69.35555605,4415.076373,2325.097474,11458,0.671590176,201.4018097,192.1307373,155.4120331
29680,B-20-1-07_masks.tif,175,21791,1222.509668,449.8393763,87.26173282,5.155058945,0.981004653,70.70301567,4332.68129,2389.041898,8554,0.392547382,199.8551483,188.9155884,142.4047241
29681,B-20-1-07_masks.tif,176,10779,749.8406204,306.7005593,46.12169962,6.649810433,0.988628235,-75.98244865,2192.251044,2352.595417,10086,0.935708322,201.7012634,194.6286926,152.91008
29682,B-20-1-07_masks.tif,177,6370,540.3847763,216.5237876,41.05496464,5.273997664,0.981859584,-88.33384313,3065.637991,2329.412716,4438,0.696703297,206.0606079,200.8726959,159.2140656
29683,B-20-1-07_masks.tif,178,9204,600.2253967,218.8799198,54.7401024,3.9985296,0.968222095,-38.71670697,3933.581595,2395.470339,6582,0.715123859,205.8676758,197.1031647,132.3223877
29684,B-20-1-07_masks.tif,179,16838,1180.308658,425.7432624,53.27752902,7.99104745,0.992139088,-28.19593534,4621.581482,2513.786079,5719,0.339648414,195.3005829,187.2341309,129.1446075
29685,B-20-1-07_masks.tif,180,4783,338.1421356,134.8171035,45.74964943,2.946844516,0.940661612,-88.44605738,1896.940832,2352.245034,4638,0.969684299,192.0909882,186.9965515,140.3335419
29686,B-20-1-07_masks.tif,181,9200,717.0121933,290.3224553,44.33441935,6.548466396,0.988271428,-74.14950079,2210.863804,2390.959891,7786,0.846304348,199.7492981,189.5796356,153.383255
29687,B-20-1-07_masks.tif,182,12117,829.6812409,305.6803665,52.51264324,5.821081317,0.9851337,-41.10651909,4018.441693,2507.36684,5325,0.439465214,208.5797119,199.5337067,140.2651672
29688,B-20-1-07_masks.tif,183,16204,1190.350288,424.4971788,56.88627574,7.462207243,0.990980168,41.32662602,4342.744076,2579.934646,6782,0.418538632,189.8807068,184.0081024,138.9286346
29689,B-20-1-07_masks.tif,184,19134,1223.764502,449.7837586,57.15994214,7.868863083,0.991892066,41.56099389,4389.17576,2566.732309,9104,0.475802237,196.4181671,190.1909027,146.536026
29690,B-20-1-07_masks.tif,185,13218,758.1837662,289.8542412,62.81239363,4.614602699,0.976237494,82.95333625,4445.919352,2477.27281,10522,0.796035709,203.4131317,195.3782501,152.2843628
29691,B-20-1-07_masks.tif,186,10270,728.7106781,264.2921927,50.98097122,5.184134126,0.98121916,-58.36786072,3900.576631,2523.689192,7768,0.756377799,205.5449219,199.4483795,149.0106812
29692,B-20-1-07_masks.tif,187,12176,946.509668,348.2684933,46.60618325,7.472581297,0.991005308,31.33804328,3346.644054,2621.450641,4104,0.337056505,184.9427338,185.1856689,144.9108124
29693,B-20-1-07_masks.tif,188,3517,317.9411255,99.24742463,46.90398264,2.115970095,0.881278943,-51.62416055,966.8379301,2544.274666,3311,0.941427353,197.6487427,189.3672638,143.9078827
29694,B-20-1-07_masks.tif,189,14322,1028.308658,346.0371176,54.8899261,6.304200829,0.987339001,-41.01081599,985.7607178,2656.280757,10377,0.724549644,208.0829773,201.1909943,149.7705536
29695,B-20-1-07_masks.tif,190,16999,1063.23759,393.1765051,60.00620099,6.552264577,0.988285103,-54.83955479,4751.320607,2660.933408,6323,0.371963057,196.6838531,185.2006989,122.7834854
29696,B-20-1-07_masks.tif,191,10524,791.7817459,273.8528833,52.7401979,5.192488731,0.981280123,-55.50880278,4656.173888,2636.555967,6645,0.631413911,198.0472565,190.1453705,134.421524
29697,B-20-1-07_masks.tif,192,13132,1084.710678,425.3088746,61.74366265,6.888300052,0.989406184,-15.81880574,2694.30795,2759.449589,7459,0.568001828,212.9227753,207.8143158,161.7000885
29698,B-20-1-07_masks.tif,193,7956,641.1543289,211.0582086,51.81272176,4.073482369,0.969399073,-54.18837771,2342.164153,2669.928482,6509,0.818124686,208.0199738,200.0680542,147.5603027
29699,B-20-1-07_masks.tif,194,8924,672.6690476,274.3102713,43.86646306,6.253302687,0.987130708,-16.9418461,2740.906992,2737.935679,352,0.039444195,215.0539703,206.2443237,194.1846619
29700,B-20-1-07_masks.tif,195,13988,842.5269119,352.5370548,54.25849311,6.497361695,0.988085085,83.18117341,177.2974693,2668.331784,6956,0.497283386,191.5313416,188.0723114,136.9236603
29701,B-20-1-07_masks.tif,196,9784,715.1543289,272.3013063,49.77968998,5.470128609,0.983148065,-65.34876354,1068.597915,2685.519215,3397,0.347199509,207.3438263,199.9004974,145.4592285
29702,B-20-1-07_masks.tif,197,13623,930.9116882,354.180439,65.94548477,5.370806511,0.982513421,-82.03122465,5141.868972,2668.88813,6906,0.506936798,204.1239471,196.3272552,139.1804199
29703,B-20-1-07_masks.tif,198,9277,747.1959595,280.6553033,42.98048234,6.529831402,0.98820399,-53.98336642,2476.389134,2738.095289,7708,0.830872049,208.7336578,203.7167816,159.8661194
29704,B-20-1-07_masks.tif,199,6327,623.254834,238.8324259,35.88689071,6.655144012,0.98864656,-68.6505715,2364.131342,2711.325747,4643,0.733839102,200.6022034,190.4268799,159.5940094
29705,B-20-1-07_masks.tif,200,6385,487.8406204,179.4852151,46.7670674,3.837854821,0.965457055,-32.70503239,1729.461237,2754.688332,5379,0.842443226,208.042572,203.0634003,156.7464142
29706,B-20-1-07_masks.tif,201,12404,844.9116882,341.7403436,48.3406463,7.069420244,0.989944785,-75.81432157,5121.68623,2716.993147,10006,0.806675266,201.0751495,192.4207458,155.5790558
29707,B-20-1-07_masks.tif,202,10845,666.7695526,266.8792686,53.95982084,4.945888708,0.9793467,-11.95606704,2549.60332,2820.137206,8189,0.755094514,204.4291077,198.8255005,150.0713196
29708,B-20-1-07_masks.tif,203,5767,451.1126984,169.9279197,45.89550705,3.702495748,0.962835616,-63.3313596,2368.530605,2747.291313,4953,0.858852089,211.5588531,204.1233521,148.3339386
29709,B-20-1-07_masks.tif,204,11598,851.0121933,361.9080079,43.53144213,8.313715103,0.992739623,-79.41772923,5155.192792,2753.170288,5238,0.451629591,200.0544128,191.0347443,167.7798767
29710,B-20-1-07_masks.tif,205,5410,427.3553391,158.4719631,44.404752,3.568806399,0.959939972,-29.31304314,1756.240665,2801.543993,4695,0.867837338,205.4140625,198.7948914,145.6240692
29711,B-20-1-07_masks.tif,206,12481,934.1665222,313.9522344,54.35326959,5.776142571,0.984899698,-41.39260055,3329.590017,2898.092621,7086,0.567742969,206.4304199,198.5230103,137.741745
29712,B-20-1-07_masks.tif,207,9291,573.6984848,221.4473019,57.42544003,3.856257814,0.965791789,-89.14176599,5070.462168,2811.620708,4924,0.529975245,209.8517456,201.1279449,155.405365
29713,B-20-1-07_masks.tif,208,16342,1293.279221,478.7168169,50.85625355,9.413135721,0.994341101,54.65058914,1416.799229,2909.667544,7864,0.48121405,195.399292,191.5235291,153.5629425
29714,B-20-1-07_masks.tif,209,15144,1256.693434,442.8590129,46.53335895,9.517022259,0.994464313,55.92401731,1397.737124,2946.335116,7634,0.504094031,198.0728302,191.4950256,161.0712585
29715,B-20-1-07_masks.tif,210,5963,496.9116882,175.5503574,44.48039056,3.946691007,0.96736766,-52.03552235,3291.761026,2861.950193,4381,0.7346973,197.8377075,191.6968689,148.5058136
29716,B-20-1-07_masks.tif,211,12266,890.3675324,334.9108214,55.66981564,6.016021745,0.986088221,-60.27156599,117.1621556,2926.804663,6998,0.570520137,200.2750854,192.5327301,146.936264
29717,B-20-1-07_masks.tif,212,11170,920.509668,333.2597459,44.49861985,7.48921533,0.9910454,33.50112919,5338.927395,3005.22077,8495,0.760519248,192.6500244,186.9145355,152.2514496
29718,B-20-1-07_masks.tif,213,12942,1044.166522,387.2460493,49.90954629,7.758957516,0.991659769,32.3464089,5320.124092,3044.267115,6681,0.51622624,198.5597992,194.2123871,157.1158447
29719,B-20-1-07_masks.tif,214,6361,434.3847763,178.0588151,46.80453532,3.804306866,0.964833993,83.16707344,1793.711052,2907.083163,5443,0.855683069,195.5473022,191.2897339,152.2212067
29720,B-20-1-07_masks.tif,215,6454,433.5563492,184.341318,45.13803592,4.083946372,0.969558144,-89.14943516,1807.204369,2950.763093,5325,0.825069724,199.2281647,193.6058197,155.6912689
29721,B-20-1-07_masks.tif,216,6954,537.9827561,197.5292743,46.76427898,4.223934991,0.971571562,-50.83797876,76.84915157,3001.227783,2517,0.361949957,210.4767609,203.6483917,148.1954651
29722,B-20-1-07_masks.tif,217,16764,1172.693434,445.8540027,49.23357076,9.055894095,0.993884424,38.53118714,856.2708781,3115.330649,297,0.017716535,229.0572357,237.5656586,203.804718
29723,B-20-1-07_masks.tif,218,15738,1214.107648,437.0013834,50.18009651,8.708659684,0.993385362,53.70285999,2731.310078,3098.855255,10076,0.640233829,195.5725555,188.8157043,151.5932922
29724,B-20-1-07_masks.tif,219,21175,1297.663997,476.5762109,57.66653564,8.264346134,0.992652299,43.7057325,2662.454498,3129.149988,7595,0.358677686,191.2024994,182.4854584,139.1128387
29725,B-20-1-07_masks.tif,220,11892,911.3380951,309.3670707,51.51619247,6.005239438,0.986037865,49.45570056,1497.80264,3080.99218,5365,0.451143626,186.9897461,177.3917999,147.0251617
29726,B-20-1-07_masks.tif,221,13017,994.8944443,364.6281319,46.6363181,7.818544576,0.991786934,51.28601738,1441.473381,3159.70116,7109,0.546131981,196.0454407,190.388092,150.5784149
29727,B-20-1-07_masks.tif,222,13786,923.7817459,334.0967768,53.82970675,6.206550192,0.986934807,-27.15756503,2482.382925,3230.226752,6800,0.493254026,202.609848,197.4575043,138.5479431
29728,B-20-1-07_masks.tif,223,11985,890.9949494,312.8800572,51.09423511,6.123588239,0.986575972,47.04991562,1414.595327,3196.10655,5004,0.417521902,190.0217896,181.4596252,153.8111572
29729,B-20-1-07_masks.tif,224,8990,636.2842712,254.1287059,46.86765235,5.422262331,0.982846615,-82.65046409,4334.865184,3137.679867,7155,0.795884316,196.8311615,188.2858124,150.8484955
29730,B-20-1-07_masks.tif,225,7849,550.627417,225.1476624,47.15416974,4.774713745,0.97782222,-87.67479318,4347.12715,3179.232004,5632,0.717543636,203.3527985,197.7354431,159.9343109
29731,B-20-1-07_masks.tif,226,16031,891.254834,374.2714313,55.69792666,6.719665412,0.988864763,80.0419117,694.0363047,3265.783607,6469,0.403530659,188.2448578,178.7192841,130.6982574
29732,B-20-1-07_masks.tif,227,9208,628.3259018,233.8561029,51.61825644,4.530492097,0.975335727,-60.06583857,2595.897372,3320.202541,6331,0.687554301,193.2814789,186.5608978,134.2566681
29733,B-20-1-07_masks.tif,228,14966,964.6518036,353.0560599,56.573961,6.240610585,0.987077965,46.88745459,2313.644194,3380.827943,9924,0.663103034,193.4263458,184.6569977,146.641571
29734,B-20-1-07_masks.tif,229,14012,885.1126984,389.2196118,49.65191209,7.838965217,0.991829845,4.611501366,3005.120254,3469.984941,8067,0.575720811,200.2637939,192.5714569,162.9781799
29735,B-20-1-07_masks.tif,230,8841,660.9116882,249.4759542,46.5642124,5.357675805,0.982426836,19.85307993,2223.500622,3388.247823,5233,0.591901369,197.6395874,188.6233521,157.2509003
29736,B-20-1-07_masks.tif,231,16168,933.4974747,378.0756544,62.49885326,6.049321461,0.986242025,7.754348837,3082.143431,3461.853167,6191,0.382916873,188.5688934,180.2781525,136.6364136
29737,B-20-1-07_masks.tif,232,4576,347.7989899,128.772907,45.97179714,2.801128409,0.934104772,-79.09352047,700.2517483,3318.046329,3799,0.830201049,211.8773346,207.0060577,171.6562195
29738,B-20-1-07_masks.tif,233,18783,1292.693434,480.0249612,75.17871504,6.385117928,0.98765986,44.97038717,1176.355694,3442.935899,7003,0.37283714,198.6670074,191.4842224,160.7436829
29739,B-20-1-07_masks.tif,234,6193,452.2842712,168.9596774,47.45640411,3.560313524,0.95974461,20.41269303,2169.846117,3381.740352,5030,0.812207331,196.9286346,192.2785339,150.3206787
29740,B-20-1-07_masks.tif,235,17836,1040.651804,363.4282228,73.63016264,4.935860655,0.979261804,39.82147617,1107.968883,3499.052198,4682,0.262502803,197.3946991,187.291748,153.8383179
29741,B-20-1-07_masks.tif,236,4916,378.627417,139.6900631,46.45928703,3.006719906,0.943072103,-4.193233047,630.7571196,3401.744915,2927,0.595402766,196.3556519,189.6614227,140.7270203
29742,B-20-1-07_masks.tif,237,5657,357.7989899,127.8572004,57.48656662,2.224123094,0.893222251,-77.04832032,709.1159625,3364.841612,5245,0.927169878,198.0358429,189.4247894,159.5855103
29743,B-20-1-07_masks.tif,238,15597,1023.965512,385.3962572,54.234833,7.106065158,0.990048744,44.46788786,1156.876386,3479.649804,10092,0.647047509,197.1138458,188.0224915,158.9475861
29744,B-20-1-07_masks.tif,239,7500,543.7989899,240.7615868,41.23229256,5.83915111,0.985226256,7.517926761,3042.091467,3472.0956,6376,0.850133333,205.5986481,199.2816772,155.2217712
29745,B-20-1-07_masks.tif,240,4016,356.0416306,135.3112808,40.46109924,3.344231457,0.954246103,-70.18612058,715.4940239,3409.210408,3672,0.914342629,206.2532654,196.6094818,151.3594818
29746,B-20-1-07_masks.tif,241,14178,998.3675324,370.8164193,50.63735501,7.322981606,0.990632298,65.77637544,359.2855128,3462.433418,0,0,,,
29747,B-20-1-07_masks.tif,242,13993,975.8233765,341.7205372,58.46382822,5.844990785,0.985255983,48.25658966,290.4149217,3503.86479,4565,0.326234546,190.5989075,185.5684509,153.5246429
29748,B-20-1-07_masks.tif,243,4160,367.4558441,132.7373466,42.47347635,3.125182066,0.947423839,-69.66350514,728.2307692,3441.436779,1721,0.413701923,198.54039,186.8599701,153.2010498
29749,B-20-1-07_masks.tif,244,2140,208.1421356,62.38895636,44.81801373,1.3920509,0.695666869,-52.44986354,760.2200935,3479.215888,1898,0.886915888,200.5653381,192.3508911,151.8877716
29750,B-20-1-07_masks.tif,245,2300,218.1421356,68.59633243,43.53500578,1.575659201,0.77279559,-46.96749102,708.6830435,3490.197391,1329,0.577826087,209.9510956,199.0632019,145.432663
29751,B-20-1-07_masks.tif,246,14525,903.0538239,349.1652118,54.23213857,6.438344882,0.987864301,-68.56881741,2469.038003,3543.146575,9593,0.660447504,201.9685211,197.2257843,145.0989227
29752,B-20-1-07_masks.tif,247,4205,344.2842712,123.1565133,45.07462412,2.732280429,0.930616957,-38.11739353,762.3640904,3536.061831,3056,0.726753864,194.0654449,185.914917,144.805954
29753,B-20-1-07_masks.tif,248,6691,530.3259018,199.6211934,44.60208013,4.47560277,0.974719155,-40.9390228,2287.390674,3569.125392,5893,0.880735316,193.6572266,185.2694702,139.4040375
29754,B-20-1-07_masks.tif,249,17175,1081.982756,440.5475825,56.99024233,7.730228272,0.991597398,77.74231332,4118.685822,3579.68722,6098,0.355050946,182.5790405,173.8878326,136.7658234
29755,B-20-1-07_masks.tif,250,6163,456.4264069,164.9959504,48.61055766,3.394241053,0.955615517,-37.90733259,595.0348856,3587.402564,5595,0.907837092,206.8757782,203.3224335,156.1814117
29756,B-20-1-07_masks.tif,251,4351,348.0416306,125.3710146,45.05326656,2.782728626,0.933199197,-23.51280861,684.6384739,3577.063204,3318,0.762583314,202.4026489,197.6413574,149.3387604
29757,B-20-1-07_masks.tif,252,3482,354.2842712,126.7497084,42.10454402,3.010356991,0.943213718,43.27298048,334.7464101,3608.546812,1636,0.469844917,191.7383881,181.3673553,162.369812
29758,B-20-1-07_masks.tif,253,1097,156.4852814,49.4191158,31.15758885,1.586102058,0.776208375,-34.12696238,794.603464,3624.38742,927,0.845031905,182.6655884,173.1585693,125.6526413
29759,B-20-1-08_masks.tif,1,11526,717.8406204,272.8427598,59.11355641,4.615570037,0.976247575,74.1343029,370.9087281,50.63951067,6397,0.555006073,179.0665894,182.6298218,127.371109
29760,B-20-1-08_masks.tif,2,9821,646.2253967,236.2350947,55.19339176,4.280133675,0.972323757,-51.24497042,690.5423073,72.01680073,7445,0.758069443,201.5278778,190.1858978,137.4304962
29761,B-20-1-08_masks.tif,3,11572,708.4680374,255.5081787,61.42674538,4.159559115,0.97067141,35.44476151,1470.179053,89.85361217,6164,0.532665054,196.295105,197.7191772,129.9883118
29762,B-20-1-08_masks.tif,4,5424,500.0832611,191.9095035,39.25365014,4.888959443,0.978857684,-35.72547667,2005.041298,63.04627581,2532,0.466814159,215.2673798,208.4336548,140.83255
29763,B-20-1-08_masks.tif,5,12188,976.1665222,345.4576061,47.86791662,7.216892451,0.99035351,56.18456372,1616.251723,114.2460617,4651,0.381604857,193.0004272,194.7133942,134.365509
29764,B-20-1-08_masks.tif,6,15727,1069.722871,400.5361052,58.69022638,6.824579319,0.989206348,52.74399225,1664.081452,98.68894258,9137,0.580975393,197.4638214,192.573822,145.9075165
29765,B-20-1-08_masks.tif,7,9345,787.6984848,307.7787482,40.27480357,7.641967704,0.991401339,81.84799728,1805.307651,33.09545211,4089,0.437560193,194.1384277,198.1320648,131.3704987
29766,B-20-1-08_masks.tif,8,5537,420.627417,138.4652634,54.94523759,2.520059416,0.917898159,14.59646951,3876.758172,61.91421347,0,0,,,
29767,B-20-1-08_masks.tif,9,13121,982.8528137,388.5699052,55.82340128,6.960699211,0.989626562,61.0169654,4892.502401,102.1316973,2703,0.20600564,199.4909363,204.5460663,159.1231995
29768,B-20-1-08_masks.tif,10,5880,584.6690476,206.9730985,40.46643471,5.114685787,0.980700625,66.62838936,4959.495068,41.58639456,3146,0.535034014,206.2237701,204.15448,171.0324249
29769,B-20-1-08_masks.tif,11,12238,891.1959595,319.3798596,50.89142402,6.275710806,0.98722304,62.7145523,4948.515117,89.81483903,4860,0.397123713,201.6273651,197.0905304,169.4109039
29770,B-20-1-08_masks.tif,12,11658,890.9949494,340.8208882,48.8055574,6.983239335,0.989693768,-40.28177107,702.1958312,134.4028135,479,0.041087665,204.6430054,201.0396729,197.7056427
29771,B-20-1-08_masks.tif,13,11587,874.0832611,321.7080145,52.06413092,6.179072017,0.986817569,-82.1556132,188.5365496,91.97540347,5242,0.452403556,190.6810303,189.1432648,131.0904236
29772,B-20-1-08_masks.tif,14,8801,744.0243866,275.9187783,42.1853733,6.540626684,0.988243128,-43.468949,736.6344734,149.6177707,6550,0.74423361,203.919693,194.6855011,144.7499237
29773,B-20-1-08_masks.tif,15,8998,753.9411255,322.3006538,44.59671325,7.227004643,0.990380617,-83.55557366,5306.329962,96.99333185,3958,0.439875528,204.4573059,204.2662964,142.7781677
29774,B-20-1-08_masks.tif,16,15333,981.9238816,345.2938144,62.70659498,5.506499189,0.983371821,-55.88054016,444.6830366,164.9676515,4877,0.318072132,196.5882721,189.7203217,132.0713501
29775,B-20-1-08_masks.tif,17,12461,802.9116882,313.9903258,52.09480188,6.02728707,0.986140541,-18.17399081,244.6582939,243.4747613,6542,0.524997994,194.0152893,185.8044891,135.5218658
29776,B-20-1-08_masks.tif,18,19639,1016.526912,449.5076306,58.90549853,7.630996118,0.991376488,-86.20581847,2954.533225,137.1834106,7134,0.363256785,193.7636719,189.9517822,121.7197952
29777,B-20-1-08_masks.tif,19,8713,655.6396103,235.9892568,56.97123341,4.1422529,0.970422088,42.24503306,4032.600712,195.3758751,6656,0.763915988,192.2198029,189.6533966,156.3336792
29778,B-20-1-08_masks.tif,20,9813,752.8528137,275.9052669,50.83274936,5.427706947,0.982881311,46.46781514,3990.040355,211.6309997,5660,0.576785896,206.3236694,197.705658,147.1872864
29779,B-20-1-08_masks.tif,21,9038,682.5685425,263.120986,47.788066,5.505997794,0.983368766,61.54379886,92.09017482,213.6966143,4214,0.466253596,184.5064087,183.4048462,142.8220215
29780,B-20-1-08_masks.tif,22,10017,644.8111832,234.3014391,61.81913102,3.790112142,0.964565246,36.24046146,3925.078267,253.8497554,4510,0.450234601,203.1190643,199.0867004,138.304657
29781,B-20-1-08_masks.tif,23,8002,768.6101731,288.4968294,43.39016128,6.648899677,0.988625102,-33.79466517,5119.403899,268.4305174,3832,0.47888028,213.9671173,208.8230743,146.9318848
29782,B-20-1-08_masks.tif,24,13525,766.6101731,275.5786477,64.40317168,4.278960811,0.972308367,47.62021505,3482.09464,263.9420333,4636,0.342772643,180.1210022,183.6501312,114.1520691
29783,B-20-1-08_masks.tif,25,8439,695.0538239,254.9817635,44.09323258,5.782786805,0.984934643,-54.9709611,699.3317929,251.0215665,5568,0.659793814,202.1391907,195.4195404,139.0132904
29784,B-20-1-08_masks.tif,26,7787,736.3675324,272.6058695,43.34954676,6.288551782,0.987275503,51.34174424,3269.222679,284.5601644,4192,0.538333119,194.6209412,194.5639343,144.2301941
29785,B-20-1-08_masks.tif,27,16083,955.4386002,296.7431159,75.35553383,3.937907421,0.967219454,54.33851904,3379.416402,257.8061929,7889,0.490517938,199.2032013,191.4212189,152.6284637
29786,B-20-1-08_masks.tif,28,19811,1065.296465,425.7258136,71.16528839,5.982211599,0.985929399,70.91239817,1763.866791,257.2277018,9987,0.504113876,202.4431763,198.2167816,148.9622498
29787,B-20-1-08_masks.tif,29,15423,1161.823376,456.6925337,64.51412316,7.078954363,0.989971989,-60.25824419,368.7744926,337.8034105,7198,0.46670557,201.7552032,200.4245605,149.4817963
29788,B-20-1-08_masks.tif,30,14573,1077.296465,424.5894802,61.05137846,6.95462561,0.989608341,72.96015366,1727.398202,326.6627325,6750,0.463185343,199.9260712,200.5594025,142.2943726
29789,B-20-1-08_masks.tif,31,10463,771.2964646,281.0989364,48.98841178,5.738070009,0.984697088,-59.54463698,349.0741661,310.9418905,8136,0.777597247,201.1911316,195.6270905,155.5993042
29790,B-20-1-08_masks.tif,32,12167,1014.568542,368.9602847,43.66898631,8.449023343,0.992971123,72.63852452,1744.751294,295.2210898,8404,0.690720802,197.3492432,192.65802,152.8431702
29791,B-20-1-08_masks.tif,33,18612,1272.107648,481.6643771,66.06466093,7.290802228,0.990549028,40.14317516,4862.574737,464.1845583,7665,0.411831077,187.8470917,186.1487274,131.5913849
29792,B-20-1-08_masks.tif,34,5272,498.9116882,183.9241772,39.2504935,4.685907381,0.976963637,51.28788731,60.17545524,338.7443096,0,0,,,
29793,B-20-1-08_masks.tif,35,13915,901.0121933,396.7481122,46.84663229,8.469085029,0.9930045,-82.75310542,730.0017966,332.2725835,5632,0.404743083,198.9089203,198.3073578,140.2086334
29794,B-20-1-08_masks.tif,36,12634,669.1126984,276.0049599,58.95219081,4.681843984,0.97692316,-85.2591295,3716.697166,343.9081051,7014,0.555168593,198.1978912,193.4821777,130.7276917
29795,B-20-1-08_masks.tif,37,9656,628.0832611,245.2857886,51.58103134,4.755348667,0.977639155,24.75870933,3531.176056,470.3545982,6910,0.715617233,194.990448,193.0558624,139.399704
29796,B-20-1-08_masks.tif,38,20337,1084.870058,473.9415305,56.16137805,8.438922743,0.992954227,3.358684498,978.0284703,664.3693268,9551,0.469636623,197.4324188,192.0193634,142.7971954
29797,B-20-1-08_masks.tif,39,22588,1391.865007,537.2054508,59.96862343,8.95810876,0.99374976,27.78698136,856.5865504,684.2878077,8561,0.379006552,183.031311,181.8659058,131.8152161
29798,B-20-1-08_masks.tif,40,21147,1068.769553,457.3080343,62.31009368,7.339228805,0.990673923,6.745638376,2725.397929,702.3287937,10985,0.519459025,192.8217621,187.0447845,141.4757385
29799,B-20-1-08_masks.tif,41,10189,706.1248917,266.8648448,50.15249197,5.321068492,0.982182007,-45.27621846,5345.362744,572.1648837,66,0.006477574,215.984848,191.9545441,197.5909119
29800,B-20-1-08_masks.tif,42,11812,782.9116882,306.8876459,50.52802294,6.073612779,0.986352615,16.51852528,3191.882916,645.1130207,5999,0.507873349,201.191864,197.1025238,150.0043335
29801,B-20-1-08_masks.tif,43,17748,1076.994949,401.1967184,58.96654579,6.803802275,0.989139963,31.20590966,1210.644073,674.5205657,7580,0.427090376,195.2060699,193.9651642,145.7366791
29802,B-20-1-08_masks.tif,44,15681,902.3675324,338.4409818,68.08703886,4.970710836,0.979554605,61.80356031,1314.032842,592.1633187,8971,0.572093616,193.4019623,188.5220184,143.6505432
29803,B-20-1-08_masks.tif,45,9865,760.1248917,300.5443557,46.38665619,6.479112322,0.988017463,-33.249506,635.2824126,638.6070958,4334,0.439330968,202.7000427,195.9349365,152.8553314
29804,B-20-1-08_masks.tif,46,12649,789.5391052,277.4982373,60.39987368,4.594351286,0.976024969,60.14222968,1276.791051,627.2066567,9361,0.740058503,198.3144989,193.9346161,139.2952728
29805,B-20-1-08_masks.tif,47,17143,1140.367532,461.890134,88.10649694,5.242407201,0.981638248,-76.46259401,2282.001633,594.6908942,729,0.042524646,222.4074097,183.0452728,188.5349731
29806,B-20-1-08_masks.tif,48,21648,1251.012193,548.6486708,54.63917519,10.04130587,0.995028694,-4.4010827,2794.602458,818.8373522,11345,0.524066888,206.2479553,200.784668,157.0098724
29807,B-20-1-08_masks.tif,49,14824,1014.509668,384.53123,54.61348016,7.040958181,0.98986291,-28.31474665,4631.477671,712.8160416,8660,0.584187804,205.4236755,198.6003418,150.5196381
29808,B-20-1-08_masks.tif,50,8763,704.9533188,252.43585,46.48342064,5.430664235,0.982900112,-41.47390463,678.6408764,646.4291909,5646,0.644299897,203.8733673,194.999115,142.8462677
29809,B-20-1-08_masks.tif,51,15312,1039.722871,371.9687898,54.59588183,6.813129073,0.989169839,36.81903306,1103.830394,731.0071186,9547,0.62349791,196.7560425,193.6544495,152.7983704
29810,B-20-1-08_masks.tif,52,11033,874.0832611,313.2743308,50.52624412,6.200229925,0.98690798,-74.57557198,2298.171667,622.7888154,4828,0.437596302,203.1729431,200.332016,150.1576233
29811,B-20-1-08_masks.tif,53,6895,560.9116882,207.4371876,48.4009304,4.285809918,0.972398059,-61.59173276,5320.684409,648.4954315,2692,0.390427846,219.7722931,214.0501556,151.8339539
29812,B-20-1-08_masks.tif,54,12587,844.9533188,314.1389814,53.20072561,5.904787535,0.985555269,-30.50813548,2492.647811,760.6331135,5540,0.440136649,211.0642548,204.6566772,143.4564972
29813,B-20-1-08_masks.tif,55,16914,1017.539105,390.4183251,67.8696581,5.752472253,0.98477421,-18.60619048,4541.506681,805.7680028,9932,0.587205865,212.1929169,206.3582306,164.2748718
29814,B-20-1-08_masks.tif,56,14368,962.509668,367.866113,52.15156057,7.053789167,0.989899943,59.87600257,4922.584076,737.5878341,9143,0.636344655,192.8405304,190.1484222,140.4579468
29815,B-20-1-08_masks.tif,57,16964,1065.580736,394.3379667,58.74409661,6.712810128,0.98884188,60.72482832,5196.554763,743.5632516,7654,0.451190757,195.7795868,189.3029785,145.4606781
29816,B-20-1-08_masks.tif,58,12609,821.3969696,320.9407511,52.37419993,6.127840646,0.986594723,68.80283183,4807.953287,753.523277,7052,0.559283052,193.4590149,190.1110382,142.1289063
29817,B-20-1-08_masks.tif,59,13445,1001.923882,387.0264119,47.61418352,8.128384934,0.992403489,61.14704836,5274.919375,832.3005578,6659,0.495277055,203.586731,201.83255,141.04039
29818,B-20-1-08_masks.tif,60,594,137.4142136,64.281261,12.51245216,5.137383161,0.98087244,-1.744770744,5429.277778,822.2222222,0,0,,,
29819,B-20-1-08_masks.tif,61,21783,1202.066017,423.689343,73.71603821,5.747587002,0.984748116,56.77458614,1551.033329,901.9559289,11424,0.524445669,192.9690094,189.9933472,130.5019226
29820,B-20-1-08_masks.tif,62,12816,857.254834,356.379174,52.01952765,6.850872935,0.989289489,-77.89931708,4739.264903,876.1597222,6457,0.503823346,201.9485779,196.7376556,149.2651367
29821,B-20-1-08_masks.tif,63,17744,989.8406204,423.6588145,54.55908375,7.765138,0.991673095,-10.13951176,1280.076984,1031.178652,8787,0.495209648,205.6437988,198.6315002,167.2832642
29822,B-20-1-08_masks.tif,64,15748,956.6690476,390.6257381,52.6152672,7.424189953,0.990887129,-13.17467794,5241.263716,1067.066802,3974,0.252349505,209.0651703,204.5707092,142.7025604
29823,B-20-1-08_masks.tif,65,13069,952.9116882,387.15082,52.1202423,7.428031855,0.990896597,-12.64741166,5201.140409,1063.148672,5209,0.398576785,202.9475861,197.0723724,125.5805359
29824,B-20-1-08_masks.tif,66,16211,1086.325902,473.8032242,48.41101203,9.787096042,0.994766403,-79.05323742,2006.789649,1005.687558,5675,0.350070939,204.8220215,200.7622833,148.7152405
29825,B-20-1-08_masks.tif,67,19071,1028.183766,440.8056384,58.54367734,7.529517422,0.99114143,85.44358466,959.8344607,989.0927586,6754,0.354150281,196.2838287,190.6779633,143.8674927
29826,B-20-1-08_masks.tif,68,15757,1073.480231,402.2159757,59.69885544,6.737415194,0.988923686,48.02086312,1710.137336,1106.254998,8430,0.535000317,195.7469788,191.5817261,159.1987
29827,B-20-1-08_masks.tif,69,9543,818.509668,286.3347145,43.44792937,6.590295987,0.988420711,47.42456879,1658.467568,1108.885256,5885,0.616682385,193.9903107,193.1573486,151.9743347
29828,B-20-1-08_masks.tif,70,11131,873.9238816,298.8347015,49.33244644,6.057569065,0.986279724,-41.7283748,350.5092984,1173.25703,4772,0.428712604,204.0970306,190.770752,143.1265717
29829,B-20-1-08_masks.tif,71,15835,954.9533188,351.3008527,74.59132109,4.709674632,0.977198261,67.74352242,1045.123524,1183.678308,8630,0.544995264,193.5171509,195.4477386,155.256546
29830,B-20-1-08_masks.tif,72,17391,1010.752309,383.3252146,58.69399367,6.530910416,0.988207911,59.9084886,820.1855557,1232.057386,9712,0.558449773,190.5631104,187.3305206,143.7823334
29831,B-20-1-08_masks.tif,73,13349,944.9949494,353.6865442,50.02004831,7.070895693,0.989949002,52.90005983,3123.592404,1226.555622,5641,0.42257847,198.0980377,197.6413727,148.8601379
29832,B-20-1-08_masks.tif,74,15422,1069.982756,443.9265968,50.18820217,8.845238075,0.993588711,76.76238375,2331.949747,1186.303787,5844,0.378939178,190.7140656,185.4892273,139.1305542
29833,B-20-1-08_masks.tif,75,11786,794.0832611,320.2185561,48.3788602,6.618976857,0.988521424,16.47546991,3031.974631,1291.889869,6438,0.546241303,199.0532837,195.1972656,145.6877899
29834,B-20-1-08_masks.tif,76,16605,959.6396103,363.4430068,63.91010973,5.686784271,0.984417633,71.32235109,3238.292562,1218.833544,7281,0.438482385,185.6755981,181.49086,132.6477203
29835,B-20-1-08_masks.tif,77,12290,1015.923882,382.8155909,44.08212909,8.684144774,0.993347838,59.83959657,1516.307811,1270.080635,6078,0.494548413,194.3491211,189.5133209,146.1643677
29836,B-20-1-08_masks.tif,78,13669,836.7106781,307.9281812,58.70385098,5.245451126,0.981659751,26.73961674,770.2576633,1313.311215,7173,0.524764065,190.3879852,185.2618103,141.1685486
29837,B-20-1-08_masks.tif,79,16422,1118.953319,460.8480409,84.7798074,5.435823164,0.982932836,74.4579949,2304.782122,1284.562112,5629,0.342771891,205.5444946,203.5263824,155.1582947
29838,B-20-1-08_masks.tif,80,3398,373.9411255,129.1989435,35.25739363,3.664449642,0.962044597,-49.51398816,46.53296057,1272.323426,0,0,,,
29839,B-20-1-08_masks.tif,81,20637,1200.024387,460.3339577,79.96696772,5.756551372,0.984795947,75.01325928,1175.693221,1329.618791,9830,0.476328924,195.3128204,188.4307251,146.5506592
29840,B-20-1-08_masks.tif,82,18499,1007.39697,391.9759427,61.16771322,6.408216395,0.987749211,74.77158287,1197.371209,1286.527272,10334,0.558624791,198.480072,191.2688141,148.6131287
29841,B-20-1-08_masks.tif,83,12766,976.8528137,345.6040741,50.66570017,6.82126316,0.989195794,60.62069651,2159.342081,1322.89331,4808,0.376625411,196.1143951,189.6688843,152.9386444
29842,B-20-1-08_masks.tif,84,10005,920.2670273,353.231129,41.45503,8.520826761,0.993089496,59.36082198,2205.568116,1309.307446,4917,0.491454273,194.7766876,195.1639252,153.8271332
29843,B-20-1-08_masks.tif,85,16248,963.4386002,368.3948125,61.3763406,6.002228366,0.986023754,63.82018707,1409.300837,1318.22212,6104,0.375677006,192.5766754,188.5424347,140.0535736
29844,B-20-1-08_masks.tif,86,7007,593.9827561,227.2346607,41.05181518,5.535313352,0.983545931,-50.74359514,77.64649636,1328.310118,6089,0.868988155,202.6873016,192.4450684,151.8055573
29845,B-20-1-08_masks.tif,87,7577,613.6396103,232.4628884,43.93721761,5.290796755,0.981975654,-49.99768419,77.09093309,1376.728257,6825,0.900752277,202.7884216,198.3074036,153.6493835
29846,B-20-1-08_masks.tif,88,10461,707.2964646,259.6856308,52.57790231,4.939064119,0.979288981,-54.08091838,3256.673071,1382.063091,7596,0.726125609,207.1797028,198.9229889,131.5175018
29847,B-20-1-08_masks.tif,89,12640,831.9411255,355.4199949,47.11824548,7.543150031,0.991173564,-83.33503464,1621.32943,1421.869937,5414,0.428322785,198.5653839,194.9019165,155.6108246
29848,B-20-1-08_masks.tif,90,13488,917.3969696,341.0103494,61.10128413,5.581066819,0.983816815,-74.39954262,2180.678826,1441.706851,7664,0.568208778,205.4487152,197.8518982,152.11586
29849,B-20-1-08_masks.tif,91,10894,824.9116882,320.9452118,44.45872664,7.21894746,0.990359028,-73.26910074,1624.068937,1470.852304,3956,0.363135671,202.2181549,197.6731567,136.9747162
29850,B-20-1-08_masks.tif,92,13165,925.2964646,352.6167743,53.72463035,6.563409966,0.98832509,66.4929562,1170.795594,1510.322826,6012,0.456665401,186.3060608,183.087326,142.9231567
29851,B-20-1-08_masks.tif,93,15627,947.5979797,402.6625559,51.80681923,7.772385217,0.991688682,-83.15145483,2976.006975,1475.175849,7385,0.47257951,207.7549133,200.3664246,153.2546997
29852,B-20-1-08_masks.tif,94,19669,1134.852814,434.4415777,69.61568281,6.240570517,0.987077798,66.86841997,3719.133459,1519.860491,8007,0.407087295,185.2355499,181.3479462,132.6172028
29853,B-20-1-08_masks.tif,95,13657,1044.208153,392.6200147,45.72011507,8.587467773,0.9931967,-44.73287784,2604.053013,1595.841839,6664,0.487954895,209.0747223,201.7418976,156.1862183
29854,B-20-1-08_masks.tif,96,18167,1084.669048,470.5908451,58.13307551,8.095061907,0.992340577,-83.21597296,2985.218143,1515.191666,6742,0.371112457,194.4173889,188.1337891,145.1552887
29855,B-20-1-08_masks.tif,97,7451,560.5685425,206.8572091,47.36070572,4.367696933,0.973437334,-45.16135586,898.2959334,1546.364246,6081,0.816132063,205.8370361,199.2499542,144.9360352
29856,B-20-1-08_masks.tif,98,16301,1062.610173,390.0830885,80.31867972,4.856691991,0.978572729,66.73928071,3686.181645,1597.724066,6904,0.423532299,193.7188568,190.8244476,145.0260773
29857,B-20-1-08_masks.tif,99,13015,935.5807358,325.1647962,60.55532032,5.369714741,0.982506246,-44.57784536,2610.023972,1647.912332,6113,0.469688821,205.7176514,199.6121368,146.1539307
29858,B-20-1-08_masks.tif,100,20783,1117.195959,439.0098885,65.25120314,6.72799684,0.988892479,18.57177972,2779.44623,1719.146418,7495,0.360631285,192.8675079,185.1367645,130.4689789
29859,B-20-1-08_masks.tif,101,9884,648.627417,286.3965943,45.0204011,6.361484735,0.987567423,-89.26988177,1992.416329,1590.585694,4332,0.438284096,201.1673584,195.2493134,153.9432068
29860,B-20-1-08_masks.tif,102,9511,563.2132034,225.9169721,54.34281419,4.157255663,0.970638409,-87.36895467,1266.500368,1593.53559,6983,0.734202502,197.4737244,191.4548187,151.1562347
29861,B-20-1-08_masks.tif,103,12154,690.5269119,287.1698672,55.98874882,5.129063843,0.980809732,-82.08331503,990.9802534,1624.667517,10342,0.85091328,195.4352112,190.4247742,142.1215363
29862,B-20-1-08_masks.tif,104,16499,972.1837662,420.6939331,53.99824752,7.790881231,0.991728262,-5.873283994,2422.274683,1812.925389,6757,0.409539972,205.8869324,200.6730804,151.4083099
29863,B-20-1-08_masks.tif,105,12182,840.8528137,327.5946457,51.60613745,6.347978396,0.987514128,-51.38071484,3895.940158,1716.369972,6030,0.494992612,204.8505859,197.9325104,146.8366547
29864,B-20-1-08_masks.tif,106,7413,559.1543289,204.4678822,47.20434846,4.331547598,0.972985942,-43.27700085,1324.531094,1710.044786,6423,0.86645083,205.7482452,198.6680603,144.1575623
29865,B-20-1-08_masks.tif,107,6654,584.0832611,230.9400709,38.2676503,6.03486415,0.986175566,-63.1107864,1101.374662,1700.201533,6307,0.947850917,210.0542297,201.4709015,143.9638519
29866,B-20-1-08_masks.tif,108,8957,552.8700577,225.7425137,51.2421076,4.4054104,0.973896248,-80.63127594,966.4696885,1682.381713,8088,0.902980909,201.2734985,196.2173615,138.1667938
29867,B-20-1-08_masks.tif,109,18287,1038.526912,463.5875337,54.38469676,8.52422761,0.993095028,-6.060614997,2372.50998,1884.693279,6165,0.337124733,201.0340576,190.0180054,151.5892944
29868,B-20-1-08_masks.tif,110,15028,1182.066017,418.9560468,47.76935955,8.770392795,0.993478457,-61.18174579,3286.886944,1769.979305,6525,0.434189513,205.5531006,200.7897339,134.5641327
29869,B-20-1-08_masks.tif,111,2382,238.3847763,75.6356677,42.06719503,1.797972687,0.831060534,-79.35366126,688.2321579,1683.448363,2033,0.853484467,191.3216858,190.0152435,114.6556778
29870,B-20-1-08_masks.tif,112,15235,896.2842712,381.0576638,52.36870758,7.276438191,0.990511499,85.45113581,4410.367772,1696.752675,6332,0.415621923,189.519577,189.0949097,134.7367401
29871,B-20-1-08_masks.tif,113,5785,491.0121933,183.8617282,40.94965511,4.489945707,0.974882491,-64.1305278,1152.644425,1715.110458,3601,0.62247191,195.3140869,186.8447723,148.900589
29872,B-20-1-08_masks.tif,114,9755,659.4558441,275.808766,48.80858443,5.650824937,0.984217089,-5.375496691,1875.512558,1807.217427,5968,0.611788826,202.2196655,190.4415283,145.0511017
29873,B-20-1-08_masks.tif,115,6146,481.9411255,186.6952371,43.20739301,4.320909551,0.972850903,-66.07378529,1108.06313,1777.314514,5464,0.889033518,215.3213806,209.4740143,162.2983093
29874,B-20-1-08_masks.tif,116,17284,1066.124892,393.2491172,58.04845322,6.774497775,0.989045284,69.8500609,2654.914892,1813.65228,9582,0.554385559,195.1012268,192.0818176,146.3477325
29875,B-20-1-08_masks.tif,117,5453,419.1126984,155.9295346,45.55184805,3.42312203,0.956378319,-63.66070278,1173.994682,1790.581515,5333,0.977993765,201.1318207,196.3917084,147.2057037
29876,B-20-1-08_masks.tif,118,19052,1147.480231,430.6193565,58.52694033,7.357626317,0.990720722,-29.26902331,3892.15358,1980.205123,10902,0.572223389,205.8670959,195.7879333,139.8869019
29877,B-20-1-08_masks.tif,119,9645,696.6690476,254.8673624,56.55219928,4.506763054,0.975071989,-69.29650764,452.4946604,1859.912182,6764,0.701296008,197.7402496,191.8750763,143.2837067
29878,B-20-1-08_masks.tif,120,8149,623.6396103,228.8686732,47.31691985,4.836930931,0.978395355,43.35222648,962.5703767,1898.638974,5452,0.669039146,190.28302,184.2843018,141.6938782
29879,B-20-1-08_masks.tif,121,7889,642.0832611,239.8819552,47.09259081,5.093836442,0.980540744,-69.57608096,4729.316517,1860.333376,4634,0.587400177,202.5308533,195.6704865,147.773407
29880,B-20-1-08_masks.tif,122,9489,601.3553391,241.4044417,51.2209655,4.71300061,0.977230807,14.33293276,860.2768469,1926.186848,7581,0.798925071,187.6715546,180.1280823,131.4740753
29881,B-20-1-08_masks.tif,123,17678,1031.296465,406.7062967,57.62490497,7.057821561,0.98991154,-17.8827261,2432.648886,2012.80603,7564,0.427876457,200.078537,192.222641,137.8097534
29882,B-20-1-08_masks.tif,124,13366,857.5391052,320.5867749,58.28347651,5.500474476,0.983335066,-25.78862266,3947.059629,1979.27353,8953,0.669833907,202.9828033,192.0454559,135.5521088
29883,B-20-1-08_masks.tif,125,10732,737.4974747,276.1877027,52.83567239,5.227296071,0.981530933,-20.5839193,731.4200522,1928.570164,7167,0.667815878,196.9439087,185.4590454,125.9355392
29884,B-20-1-08_masks.tif,126,11638,863.1126984,360.1324406,43.89059772,8.205229805,0.992545642,-81.74678679,4879.746778,1868.369222,5409,0.464770579,213.0454865,205.4263306,156.305603
29885,B-20-1-08_masks.tif,127,8753,658.3259018,258.4525804,44.06810514,5.864844416,0.985356377,-65.60744962,489.5059979,1900.16143,7192,0.821661145,206.6268005,202.6625366,158.3135376
29886,B-20-1-08_masks.tif,128,15716,874.1837662,369.061197,56.80386731,6.497113919,0.988084171,84.32915781,2670.343981,1893.198142,5113,0.325337236,197.6182251,188.9782867,144.7580719
29887,B-20-1-08_masks.tif,129,20605,1182.610173,478.6706748,61.90584625,7.732236997,0.991601781,-72.21987028,2860.672652,1954.519728,7195,0.349187091,208.9701233,204.157196,159.9760895
29888,B-20-1-08_masks.tif,130,18734,1122.166522,428.7596223,72.78045423,5.891136939,0.985487757,-26.98142641,4275.702947,2068.051084,7012,0.37429273,203.2057953,194.0409241,123.3469772
29889,B-20-1-08_masks.tif,131,12515,756.2842712,317.8140179,53.09953627,5.985250348,0.985943784,83.85801098,2640.805194,1934.97499,3531,0.28214143,194.9391174,185.3548584,157.7102814
29890,B-20-1-08_masks.tif,132,11729,767.3553391,320.3339801,50.65946989,6.323279354,0.987415773,80.95449206,4850.375906,1935.334385,6153,0.524597152,202.2400513,197.3487701,142.8558502
29891,B-20-1-08_masks.tif,133,16408,1217.279221,440.9999945,60.74300632,7.260094969,0.990468526,-50.85300085,4395.77322,2062.56442,10370,0.632008776,206.4595032,201.1829376,158.0521698
29892,B-20-1-08_masks.tif,134,13188,945.8233765,349.5943866,49.92996516,7.001694982,0.98974831,-49.62190525,4467.305505,2059.21239,8719,0.661131332,208.269989,201.7599487,156.3666687
29893,B-20-1-08_masks.tif,135,10736,701.6984848,288.8130682,49.40068931,5.846336808,0.985262822,84.67790839,4777.410674,1966.476621,6130,0.570976155,200.0295258,190.7515564,148.6655731
29894,B-20-1-08_masks.tif,136,10823,712.4264069,256.5938281,57.693598,4.447526883,0.97439476,-75.40886845,2812.435923,2014.540331,6609,0.610643999,205.1846008,198.440155,151.4124603
29895,B-20-1-08_masks.tif,137,9364,731.882251,262.3454305,51.47863686,5.096200026,0.980558969,-34.69414088,5242.255446,2077.990602,5627,0.600918411,209.557663,203.9459686,149.3060303
29896,B-20-1-08_masks.tif,138,12162,929.0954544,357.7315539,48.53745427,7.370216656,0.990752545,-34.198285,5265.909143,2115.27997,9327,0.766896892,203.1385193,193.6254883,154.7012939
29897,B-20-1-08_masks.tif,139,14567,839.0538239,317.7588013,59.7949916,5.314137402,0.982135075,-23.78733786,4667.215487,2134.38244,6895,0.47333013,202.7409668,196.0790405,138.4423523
29898,B-20-1-08_masks.tif,140,9131,661.7401154,251.4131612,47.50843962,5.2919684,0.981983707,-66.30522033,4007.312124,2058.021027,6464,0.707918081,198.5686951,189.1396942,144.0770416
29899,B-20-1-08_masks.tif,141,13365,897.4386002,327.0703559,54.48999829,6.00239248,0.986024524,-31.62961331,5310.717995,2138.704602,5238,0.391919192,203.5822906,190.2573547,144.687851
29900,B-20-1-08_masks.tif,142,11879,741.6396103,278.7309991,56.17102685,4.962184505,0.979483547,-33.1514545,5364.764458,2143.321576,8732,0.73507871,209.158844,201.3769989,146.6062775
29901,B-20-1-08_masks.tif,143,5602,435.5563492,188.7943063,39.0685622,4.832384292,0.978354231,82.5681138,1311.084791,2057.411282,4442,0.792931096,181.8964386,176.8385925,137.4567719
29902,B-20-1-08_masks.tif,144,10786,736.3675324,261.1837319,54.56665153,4.786508326,0.977932615,-40.3880835,2807.037641,2120.859633,6959,0.645188207,214.1708527,207.9410858,160.6061249
29903,B-20-1-08_masks.tif,145,9222,624.5685425,227.9225131,52.85739286,4.312027151,0.97273737,-59.39881815,4029.990891,2098.646714,4116,0.446324008,211.8802185,204.2971344,163.6627808
29904,B-20-1-08_masks.tif,146,15442,846.2842712,372.3500404,54.18724347,6.871544234,0.989354178,-2.142420466,4749.020075,2216.632496,9964,0.645253206,194.1636963,185.2013245,143.9644775
29905,B-20-1-08_masks.tif,147,14824,794.1837662,319.7924411,60.76248764,5.262991256,0.981782926,-81.18587267,2663.052145,2084.895507,7591,0.512075013,204.2337036,198.2181549,137.5301056
29906,B-20-1-08_masks.tif,148,5919,483.6984848,195.3505065,39.67454905,4.923824244,0.97915921,13.49976414,880.9665484,2188.485555,5396,0.91164048,190.8217163,184.4570007,141.1625214
29907,B-20-1-08_masks.tif,149,15568,958.1665222,352.9504201,65.72143658,5.37040026,0.982510752,-42.25663144,2865.308453,2237.909751,6453,0.414504111,213.2253265,204.6815491,146.5657806
29908,B-20-1-08_masks.tif,150,7080,519.8406204,192.85561,48.10677379,4.008907578,0.968389093,-64.75140064,4064.550847,2144.52839,5807,0.82019774,201.6290741,193.678833,151.538147
29909,B-20-1-08_masks.tif,151,18067,1027.982756,418.1054611,56.15084551,7.446111583,0.990940952,13.0170524,4947.418442,2300.665301,7975,0.44141252,190.3552399,183.1213837,123.8436356
29910,B-20-1-08_masks.tif,152,6460,452.0416306,180.9259738,47.49862055,3.809078489,0.964923643,13.23182374,834.6695046,2193.793344,5797,0.897368421,196.2275391,187.4935303,150.951004
29911,B-20-1-08_masks.tif,153,13518,828.4264069,336.4364092,55.33569977,6.07991605,0.986381093,4.370442643,4842.747004,2263.283326,6527,0.482837698,197.4113617,189.6126862,138.4833832
29912,B-20-1-08_masks.tif,154,14854,862.1837662,364.2884767,54.65989609,6.664639028,0.988679072,88.79273442,2578.530968,2148.055675,7005,0.471590144,198.7100677,192.0836487,155.5908661
29913,B-20-1-08_masks.tif,155,8155,667.3553391,249.9971387,48.61432099,5.142458717,0.980910546,7.906762994,4885.038381,2243.690865,5344,0.655303495,198.3658295,189.7949066,153.7632904
29914,B-20-1-08_masks.tif,156,4399,344.0416306,109.2464774,53.80877731,2.030272436,0.870287127,-33.4410761,5405.729711,2182.464651,3034,0.689702205,205.3668365,197.8717804,125.1931458
29915,B-20-1-08_masks.tif,157,17873,1102.267027,433.350664,54.53539332,7.946227902,0.992049805,-24.73055751,4518.00621,2319.740335,6776,0.379119342,201.4272461,192.8347168,132.1649933
29916,B-20-1-08_masks.tif,158,19944,1256.793939,452.2767409,68.88092662,6.566066445,0.988334591,-58.36943247,4316.476083,2290.681358,6368,0.319294023,203.9871216,194.887085,134.5034485
29917,B-20-1-08_masks.tif,159,11042,639.2132034,262.7413154,56.50445522,4.649922105,0.976601418,-1.30562079,4701.612298,2277.374298,5022,0.454808911,206.6109161,203.9133759,153.495224
29918,B-20-1-08_masks.tif,160,21626,1318.249783,483.0078093,60.05784346,8.042376839,0.992239502,-38.8502843,3288.880329,2339.710395,4920,0.22750393,204.240448,189.0756073,123.836586
29919,B-20-1-08_masks.tif,161,13852,930.2670273,344.7932829,55.02252743,6.266402127,0.987184805,-59.46670388,4298.849697,2247.946362,8338,0.601934739,200.855484,193.8401337,139.8882294
29920,B-20-1-08_masks.tif,162,5071,464.0832611,170.4675964,38.42523996,4.436344356,0.974263806,52.94056341,678.2948136,2209.303688,3984,0.785643857,203.7718353,200.9352417,135.3634491
29921,B-20-1-08_masks.tif,163,19465,1144.208153,440.1870685,57.67542905,7.63214207,0.991379089,52.03559968,3944.522271,2297.154996,8921,0.458309787,192.3730469,185.3183441,143.3821259
29922,B-20-1-08_masks.tif,164,6213,486.3847763,211.4880245,38.40560959,5.506696201,0.98337302,87.15094981,402.4516337,2190.798004,5214,0.839208112,181.0671234,178.3101196,129.065979
29923,B-20-1-08_masks.tif,165,5756,454.3847763,178.7947895,43.78799354,4.083192103,0.969546719,-87.45425133,4115.836345,2192.147151,3490,0.606323836,194.597702,185.8739319,149.7200623
29924,B-20-1-08_masks.tif,166,6106,498.627417,206.0961282,39.55661045,5.210156428,0.981408067,6.473838938,4805.127907,2276.486898,3260,0.533901081,198.9904938,193.8834381,136.0662537
29925,B-20-1-08_masks.tif,167,5614,412.3847763,162.7130573,45.22806395,3.597612702,0.96059204,87.8612216,4007.227289,2217.035625,3952,0.7039544,210.539978,203.802887,152.348938
29926,B-20-1-08_masks.tif,168,4682,391.5979797,140.958195,43.14443946,3.267123104,0.952005897,-45.6729782,1354.93144,2257.34921,4269,0.911789833,199.2426758,191.9871216,146.8430481
29927,B-20-1-08_masks.tif,169,23335,1286.225397,574.962629,75.20771585,7.644995231,0.991408178,-3.192476215,3389.87988,2468.33499,6574,0.281722734,204.8062134,198.2494659,157.2315216
29928,B-20-1-08_masks.tif,170,9341,602.8111832,214.6757308,56.1372342,3.824123754,0.965204068,-39.01372337,4458.543732,2297.441066,7709,0.825286372,203.2013245,197.0533142,141.8644409
29929,B-20-1-08_masks.tif,171,2840,331.1126984,123.9215795,30.72122308,4.033744984,0.96878343,46.19838555,1760.228521,2262.034155,2539,0.894014085,178.3013,178.5187073,147.8204041
29930,B-20-1-08_masks.tif,172,12143,822.2842712,360.8385677,44.60903986,8.088911324,0.992328879,86.19689136,3643.605699,2243.218644,7290,0.600345878,200.0908051,192.8297729,164.9971161
29931,B-20-1-08_masks.tif,173,7714,522.9705627,228.3366134,44.38403394,5.144566484,0.980926337,84.80035622,389.3343272,2249.500907,6363,0.824863884,192.0532837,188.7042236,142.536377
29932,B-20-1-08_masks.tif,174,19717,1172.107648,426.4148922,60.71126356,7.023653721,0.989812641,48.14386084,3653.542222,2381.562814,0,0,,,
29933,B-20-1-08_masks.tif,175,4510,373.9411255,131.3500468,44.9337615,2.92319277,0.939666571,-58.62452941,1389.413747,2282.017738,4207,0.932815965,207.7416229,200.4264374,150.3458557
29934,B-20-1-08_masks.tif,176,5160,458.4264069,172.0409392,39.14150931,4.395357826,0.973775099,36.78764148,308.1908915,2317.498837,4470,0.86627907,183.7568207,174.6693573,143.0331116
29935,B-20-1-08_masks.tif,177,13603,743.1126984,317.3807621,61.34986899,5.173291603,0.981139595,88.58052836,3714.176799,2287.463133,7091,0.52128207,207.936264,200.8603821,164.4329376
29936,B-20-1-08_masks.tif,178,6823,569.9827561,212.9176874,43.21471488,4.926971936,0.979186113,41.16578478,1729.985637,2357.125165,6587,0.965411109,194.7314453,186.5333252,148.4504395
29937,B-20-1-08_masks.tif,179,3933,323.4558441,110.0427001,49.42014413,2.226677038,0.893481648,-47.10631208,34.55123316,2316.329011,3446,0.876175947,193.6839752,182.5153809,121.294838
29938,B-20-1-08_masks.tif,180,6936,551.7401154,201.3899856,44.56856197,4.518655678,0.975204699,40.1050777,271.5880911,2359.704296,5119,0.738033449,186.3598328,179.2246552,144.6153564
29939,B-20-1-08_masks.tif,181,6719,602.8111832,222.8713373,42.0076198,5.305497869,0.982076313,39.24012764,1697.473136,2373.675398,5320,0.791784492,209.4043274,202.2819519,159.1498108
29940,B-20-1-08_masks.tif,182,4989,437.0121933,157.1529044,41.78761775,3.760752895,0.963999458,37.42298619,1778.883945,2349.765685,4813,0.964722389,203.0600433,196.575943,163.0236816
29941,B-20-1-08_masks.tif,183,2935,259.7989899,81.92272363,47.63666072,1.719741107,0.813558645,-60.06496409,1428.910733,2311.824191,2668,0.909028961,197.027359,190.4936218,144.2117767
29942,B-20-1-08_masks.tif,184,3738,383.3553391,127.4384325,39.53558456,3.223385563,0.95066061,34.89176093,1831.886035,2353.583467,3191,0.853665062,196.561264,191.6549683,147.829834
29943,B-20-1-08_masks.tif,185,10940,722.0416306,300.5754024,47.41076405,6.339813509,0.987481742,-4.670496821,3421.610603,2461.772943,5990,0.547531993,204.5777893,197.8095093,151.0923157
29944,B-20-1-08_masks.tif,186,2916,259.7989899,82.10258206,47.4782294,1.729267984,0.815838814,-62.09338604,1367.760974,2343.374829,2614,0.896433471,178.1472778,170.4816437,134.0466766
29945,B-20-1-08_masks.tif,187,6379,479.8406204,177.8986296,46.62188756,3.815774927,0.965048876,-38.40006331,749.4707634,2408.889481,5326,0.834927105,205.4397278,200.9267731,144.9600067
29946,B-20-1-08_masks.tif,188,17996,1028.870058,446.2239059,53.71444698,8.307335009,0.992728426,88.18257405,2671.146255,2393.4521,8942,0.496888197,203.4477692,196.7805786,155.1274872
29947,B-20-1-08_masks.tif,189,7681,524.7695526,203.3332951,49.17518113,4.134876383,0.970314846,-67.94080136,1090.927353,2420.393308,6452,0.839994792,197.9936523,193.851059,134.8946075
29948,B-20-1-08_masks.tif,190,21330,1121.59798,485.5205762,66.72922919,7.275980587,0.990510299,87.91995829,2660.277731,2438.146414,8070,0.378340366,195.4351959,184.691452,149.0483246
29949,B-20-1-08_masks.tif,191,18509,1229.622366,463.1190526,67.05325887,6.906734444,0.98946296,34.28496535,4813.44065,2589.05754,6246,0.337457453,190.9260254,182.3919373,146.8269348
29950,B-20-1-08_masks.tif,192,14199,934.509668,338.8489077,54.55812441,6.210787328,0.986952745,33.8759578,4836.455807,2549.709557,9081,0.639552081,200.1882019,193.2260742,152.250412
29951,B-20-1-08_masks.tif,193,7041,473.1126984,179.4285797,50.46323916,3.555629457,0.959636247,69.78382445,1404.729584,2445.525067,5827,0.827581309,190.8990936,184.2308197,142.0368958
29952,B-20-1-08_masks.tif,194,15417,1005.982756,428.6902286,56.45820544,7.593054459,0.991289712,14.40270515,4930.153143,2589.931699,6752,0.437958098,199.1519623,195.0842743,156.8430023
29953,B-20-1-08_masks.tif,195,12372,791.254834,288.9210798,60.5240081,4.773660715,0.977812324,-89.99856362,4166.67281,2458.287262,3891,0.314500485,200.9776459,189.8666077,145.351059
29954,B-20-1-08_masks.tif,196,14473,914.1665222,339.1292819,56.15463391,6.03920386,0.986195566,-36.26916981,4604.971602,2545.327645,6178,0.426863815,200.6192932,193.8439636,137.0135956
29955,B-20-1-08_masks.tif,197,11138,626.8700577,265.4316215,55.11339706,4.816099817,0.978205971,4.813039536,4969.754893,2572.853026,7263,0.652091938,200.069397,192.4509125,144.9935303
29956,B-20-1-08_masks.tif,198,4385,344.0416306,123.4146264,46.08190483,2.678158094,0.927674079,-75.46753894,82.32793615,2489.371038,3430,0.782212087,201.3043671,201.1603546,161.4886322
29957,B-20-1-08_masks.tif,199,19052,1152.409163,430.3605938,61.53282484,6.994000274,0.989725623,-27.29579027,3484.226118,2651.245119,7235,0.379750157,198.9373932,191.6281891,133.2228088
29958,B-20-1-08_masks.tif,200,10536,649.7401154,247.6807466,55.70309815,4.44644472,0.974382131,-63.61241881,689.4574791,2529.439825,9633,0.91429385,200.5165558,196.010376,141.3014679
29959,B-20-1-08_masks.tif,201,6998,523.4558441,209.9206975,46.21019537,4.542735554,0.975470166,4.351387959,173.9742784,2599.694055,5191,0.741783367,194.3103485,186.1389008,152.7210541
29960,B-20-1-08_masks.tif,202,16881,994.8944443,366.4221273,62.13559155,5.897137504,0.985517492,40.86857416,2666.339553,2622.971921,6670,0.395118773,196.1018066,190.4569702,150.7604218
29961,B-20-1-08_masks.tif,203,7777,613.1543289,240.4104322,43.98126334,5.466201148,0.983123632,-61.92782491,698.0088723,2572.720201,4350,0.559341648,202.4480438,192.4664307,133.2257538
29962,B-20-1-08_masks.tif,204,23020,1434.350288,540.9412909,65.68808942,8.23499809,0.992599638,-30.28865709,4571.912815,2735.375847,9142,0.397132928,200.1709747,191.7875671,140.915329
29963,B-20-1-08_masks.tif,205,19532,1133.622366,422.0348596,65.09987104,6.482883189,0.988031483,48.51779601,5161.78589,2641.123234,6159,0.315328691,184.3383636,184.0081177,120.8840714
29964,B-20-1-08_masks.tif,206,17095,961.0954544,358.6133085,61.70528431,5.81171147,0.985085362,-29.75207309,4654.316993,2692.51986,6513,0.380988593,201.3158264,192.2857361,145.1438599
29965,B-20-1-08_masks.tif,207,13916,873.3969696,326.6512578,57.8479302,5.646723343,0.984193968,19.14895691,314.9405001,2695.696968,7200,0.517390055,186.3611145,178.3765259,129.5956879
29966,B-20-1-08_masks.tif,208,23121,1312.894444,502.8026607,60.08199484,8.368607967,0.9928349,25.29537046,3257.30721,2762.326975,6535,0.282643484,186.6321411,181.6163788,127.0061188
29967,B-20-1-08_masks.tif,209,6818,557.9827561,209.7334438,42.77463926,4.903219465,0.978981799,46.7112797,106.2050455,2664.079202,5365,0.78688765,191.3030701,182.0566711,159.5032654
29968,B-20-1-08_masks.tif,210,8562,678.8111832,243.8380319,49.42358795,4.933636792,0.979242906,61.89672917,862.6412053,2692.124737,6149,0.718173324,188.1519012,181.1180725,143.0305786
29969,B-20-1-08_masks.tif,211,15955,1164.409163,477.2580145,59.82063623,7.978150092,0.992113551,24.89489776,4332.456722,2807.821686,4747,0.297524287,204.3692932,196.9300537,149.5710907
29970,B-20-1-08_masks.tif,212,18363,1077.296465,427.506705,66.81644691,6.398225659,0.987710684,-74.37378777,2364.180907,2690.546316,6837,0.372324784,192.4254761,183.7140503,138.9561157
29971,B-20-1-08_masks.tif,213,5003,404.7695526,141.343714,47.14839552,2.997847805,0.942724401,50.32012537,65.77713372,2689.04917,4750,0.949430342,195.5679932,186.4204254,147.7448425
29972,B-20-1-08_masks.tif,214,21692,1345.480231,540.1742804,62.0600293,8.704060995,0.993378347,-66.95253954,2449.842984,2753.660428,8229,0.379356445,202.5902252,196.0365753,160.2480316
29973,B-20-1-08_masks.tif,215,11163,878.9533188,325.2197845,44.79010318,7.26097422,0.990470845,25.15375217,4372.470572,2818.41109,4850,0.43447102,192.3923645,186.4812317,139.1764984
29974,B-20-1-08_masks.tif,216,4962,478.6690476,175.2382322,41.22094346,4.251194114,0.971940212,38.83276523,46.40346634,2743.489923,4242,0.854897219,187.135788,180.9354095,145.4292755
29975,B-20-1-08_masks.tif,217,4956,407.4558441,154.6870294,41.64113401,3.714765053,0.963085405,-75.74715406,574.0355125,2700.373487,2926,0.59039548,191.2433319,184.733078,133.6654205
29976,B-20-1-08_masks.tif,218,11833,882.7106781,326.1331791,49.03346257,6.651236972,0.988633141,-65.07157343,2388.171808,2739.738781,7484,0.63246852,201.9851685,194.1381683,155.7360992
29977,B-20-1-08_masks.tif,219,5693,446.1421356,199.4922772,37.52811604,5.315808472,0.982146407,-85.93493006,645.1461444,2730.145442,5633,0.989460741,194.2336273,187.3032074,151.5661316
29978,B-20-1-08_masks.tif,220,13592,934.4091629,328.4263493,55.97328226,5.867555662,0.985370007,-49.91914349,4716.704385,2817.645747,5098,0.375073573,192.6953735,181.6204376,134.672226
29979,B-20-1-08_masks.tif,221,7486,507.6984848,205.1369845,48.11802292,4.263204763,0.97210036,73.9877808,1218.020972,2757.16257,6760,0.903018969,191.9217529,185.7862396,145.2582855
29980,B-20-1-08_masks.tif,222,18047,1088.124892,427.5594306,56.28509265,7.596317434,0.991297226,-70.24467025,3600.48612,2783.46124,6480,0.359062448,192.2314758,184.7016907,142.614502
29981,B-20-1-08_masks.tif,223,4033,384.1837662,133.0865967,40.23811314,3.30747608,0.953198453,41.35885618,45.38904042,2794.617158,3239,0.803124225,202.3454742,190.9049072,147.7344818
29982,B-20-1-08_masks.tif,224,4571,395.3553391,139.7555076,42.67690118,3.274734195,0.952234322,32.31918346,1131.596587,2794.345876,3615,0.790855393,194.8904572,188.1596069,153.4658356
29983,B-20-1-08_masks.tif,225,5225,401.2132034,155.1908892,44.40728999,3.494716504,0.958185957,-81.29564644,632.4828708,2772.174737,4851,0.928421053,206.1682129,199.9921722,157.6114197
29984,B-20-1-08_masks.tif,226,6076,452.0416306,184.192433,43.28647462,4.255195985,0.971993726,-79.75496521,748.0138249,2785.025346,679,0.111751152,228.6480103,215.3122253,179.8232727
29985,B-20-1-08_masks.tif,227,5181,417.3553391,153.4554562,44.16404832,3.474669149,0.957691381,61.3412928,1024.350511,2804.757962,4805,0.927427138,195.1481781,187.2932434,151.9384003
29986,B-20-1-08_masks.tif,228,7666,643.6396103,234.6677455,43.13808082,5.439920854,0.982958761,54.80091412,996.6540569,2837.937777,7489,0.976911036,196.2061615,187.4146118,156.2952271
29987,B-20-1-08_masks.tif,229,19595,1258.936075,442.5928498,62.79846876,7.047828689,0.989882765,-52.34071733,4683.577188,2914.926614,7272,0.37111508,201.7216797,189.5699921,141.2187805
29988,B-20-1-08_masks.tif,230,6034,489.2132034,205.8787228,39.1033309,5.26499196,0.981796897,-80.30236556,736.8960888,2824.940172,5707,0.945807093,196.0394287,188.3364258,154.509552
29989,B-20-1-08_masks.tif,231,11491,789.1959595,294.7101367,53.08587956,5.551573019,0.983642973,-37.58425453,4571.699939,2904.001392,3976,0.346009921,205.2842102,201.2819366,156.4031677
29990,B-20-1-08_masks.tif,232,3187,303.4558441,104.4694301,40.48854021,2.580222196,0.921843,57.72795219,42.36429244,2863.688735,2956,0.927518042,181.613327,173.0984497,128.9056091
29991,B-20-1-08_masks.tif,233,3039,300.2842712,100.9464272,40.23850781,2.508702055,0.917119444,37.23572553,1198.901283,2878.952287,2596,0.854228365,188.780426,178.7003021,139.2881317
29992,B-20-1-08_masks.tif,234,8873,581.4558441,238.0109361,49.60628912,4.797999211,0.978039374,-88.40029225,865.4823622,2867.554266,4231,0.476839851,184.0387573,174.5414734,135.3131714
29993,B-20-1-08_masks.tif,235,13608,1074.308658,372.7177268,51.05300441,7.30060319,0.990574507,-55.19054834,4665.110229,2983.866917,9347,0.686875367,206.5015564,197.392746,152.7759705
29994,B-20-1-08_masks.tif,236,17308,1374.007143,515.9784368,60.55866162,8.520307798,0.993088651,-52.44882509,4674.291137,3035.214641,9982,0.576727525,198.5350647,190.2086792,148.5453796
29995,B-20-1-08_masks.tif,237,10400,653.5979797,256.7822988,53.34239745,4.813849979,0.978185367,12.21544676,484.5303846,2987.439423,8980,0.863461538,194.9525604,185.5225983,148.9788361
29996,B-20-1-08_masks.tif,238,3598,302.9705627,111.3963624,42.33548066,2.631276666,0.924968551,-17.59262899,1353.812118,2925.013063,3180,0.883824347,205.9386749,199.0676117,146.115097
29997,B-20-1-08_masks.tif,239,8461,624.5685425,233.305035,47.45335642,4.916512815,0.979096516,-28.13879812,1281.165938,2973.765276,7057,0.834062168,197.8329315,187.6512756,141.4711609
29998,B-20-1-08_masks.tif,240,1601,208.1421356,71.69051384,31.31846543,2.289081309,0.899531221,59.79926638,30.64834478,2913.034354,1425,0.890068707,180.2224579,171.729126,144.1256104
29999,B-20-1-08_masks.tif,241,12806,849.3380951,294.7459462,57.77456631,5.101655711,0.980600938,-40.17723109,285.3558488,3020.967125,8812,0.688114946,201.4681091,193.7132263,136.4446259
30000,B-20-1-08_masks.tif,242,5813,410.627417,160.7237725,46.9361135,3.424309353,0.956409253,14.78014643,530.0051608,2967.500946,5541,0.953208326,190.0155182,182.4481201,140.6199188
30001,B-20-1-08_masks.tif,243,9766,640.9705627,272.1239292,47.12184134,5.774900163,0.98489315,89.42108319,872.8260291,2917.330227,6895,0.706020889,195.1585236,185.5158844,154.0626526
30002,B-20-1-08_masks.tif,244,6003,683.5391052,262.507467,31.20310568,8.41286344,0.992910354,35.64548231,669.3138431,3027.040813,5797,0.965683825,182.0191498,171.9641266,150.1347198
30003,B-20-1-08_masks.tif,245,18806,1103.480231,411.4479504,59.12215523,6.959285379,0.989622325,30.71787692,3620.873019,3118.253696,7128,0.37902797,186.3082275,176.1770477,130.1261292
30004,B-20-1-08_masks.tif,246,11349,609.2132034,257.8275376,56.82006441,4.537614314,0.975414067,89.48265177,876.5863072,2974.505683,10012,0.882192264,198.5056915,188.9908142,135.9806213
30005,B-20-1-08_masks.tif,247,3081,301.2132034,107.8049043,37.83463493,2.849370807,0.936392448,-30.39576105,1329.117819,3011.650114,2673,0.867575463,205.5970764,200.5129089,139.4317322
30006,B-20-1-08_masks.tif,248,17499,1191.722871,415.7822267,77.96718414,5.332784957,0.982260922,-55.18889918,4740.849534,3067.828733,8154,0.465969484,203.8519745,195.4725342,152.4652863
30007,B-20-1-08_masks.tif,249,5182,397.3553391,134.5214433,50.23904509,2.677627393,0.927644288,27.28949011,631.6184871,3043.53956,4368,0.842917792,206.326004,200.2167969,162.7188721
30008,B-20-1-08_masks.tif,250,1298,185.5563492,64.13544083,27.02066597,2.373569952,0.906918405,49.13334912,27.61016949,3014.386749,1087,0.837442219,172.9834442,159.6725006,138.1775513
30009,B-20-1-08_masks.tif,251,10301,531.2132034,226.1293197,58.72558847,3.850609685,0.965689577,-89.5505353,884.151927,3027.808951,9640,0.935831473,200.7627563,190.0448151,139.2827759
30010,B-20-1-08_masks.tif,252,10830,681.7401154,264.9497167,55.71775393,4.755211724,0.977637852,64.54704453,5337.590212,3075.692244,3760,0.347183749,176.2779236,172.5534515,128.2316437
30011,B-20-1-08_masks.tif,253,26974,1087.84062,442.4039074,79.47507939,5.56657396,0.983731741,-80.77597604,4226.10321,3063.034997,9290,0.344405724,195.9232483,187.5356293,146.2740631
30012,B-20-1-08_masks.tif,254,9626,784.4264069,314.8142726,41.10546444,7.658696404,0.991439024,72.15723607,1122.342614,3129.100145,9095,0.9448369,190.7810822,182.4595947,155.2909241
30013,B-20-1-08_masks.tif,255,12221,648.8700577,275.7851188,58.91971919,4.680693028,0.976911676,80.18614318,5324.574012,3146.540381,5834,0.47737501,191.5034332,182.7461395,140.5191956
30014,B-20-1-08_masks.tif,256,9152,673.254834,266.7301794,49.79880294,5.356156447,0.982416775,71.7985078,1111.874563,3172.950066,7671,0.838177448,199.6564941,190.4833832,162.9392548
30015,B-20-1-08_masks.tif,257,18617,1065.580736,397.0465921,63.53701014,6.249060056,0.987113113,28.08023883,4703.525649,3411.833539,5632,0.302519203,182.8417969,179.3813934,111.9005661
30016,B-20-1-08_masks.tif,258,18127,1027.722871,366.9770312,64.21491712,5.714825272,0.98457137,51.38087019,4581.646715,3401.682738,8396,0.463176477,185.2075958,176.7441711,129.65448
30017,B-20-1-08_masks.tif,259,17635,959.3969696,378.0333272,73.50902285,5.142679259,0.980912199,-77.74243684,2485.696683,3365.605671,7366,0.41769209,198.9756927,191.1676636,136.0583801
30018,B-20-1-08_masks.tif,260,19428,954.3259018,374.6836929,68.21094753,5.493014047,0.983289383,-76.45766139,2481.068715,3421.777486,3386,0.174284538,206.4740143,196.396637,133.9571838
30019,B-20-1-08_masks.tif,261,18131,968.1837662,409.1627396,58.66621048,6.974419112,0.989667548,84.39794541,3110.632342,3551.279962,7507,0.414042248,190.293457,183.133606,141.97789
30020,B-20-1-08_masks.tif,262,13753,804.5269119,327.7109611,55.4816727,5.906652505,0.985564456,80.69676691,4651.169345,3562.791827,5025,0.365374827,190.8119354,184.1351318,143.6485596
30021,B-20-1-08_masks.tif,263,3408,294.3847763,105.44932,42.73286903,2.467639603,0.914207872,-16.13448076,1226.023181,3599.580692,2325,0.68221831,194.2387085,185.6395721,155.8120422
30022,B-20-1-08_masks.tif,264,2633,316.627417,104.479494,37.92856051,2.754639052,0.931779801,-14.77082777,1270.736422,3607.039119,2407,0.91416635,191.4727936,179.2147827,140.2995453
30023,B-20-1-08_masks.tif,265,8150,564.0416306,244.7447088,44.51231739,5.498359176,0.983322132,87.65129375,649.3595092,3586.557914,6456,0.792147239,178.8917236,170.887085,130.9081421
30024,B-20-1-08_masks.tif,266,16706,911.4558441,421.1711996,52.6289005,8.002660051,0.992161976,89.08820758,4604.998803,3619.949898,6320,0.378307195,185.7541199,175.4294281,124.6003189
30025,B-20-1-08_masks.tif,267,4164,402.1421356,180.3707172,31.82860294,5.666937929,0.984307428,-86.12354085,1949.542267,3628.104467,4134,0.992795389,176.2036743,166.157959,125.0943375
30026,B-20-1-09_masks.tif,1,15206,975.4802307,370.3441739,57.41475505,6.450330992,0.987909636,45.26056498,1643.508549,122.6606603,7174,0.471787452,182.9531708,181.3678589,125.8300781
30027,B-20-1-09_masks.tif,2,3564,389.1126984,142.2078466,38.6226762,3.681978066,0.962412159,41.3165518,4606.747194,44.6010101,0,0,,,
30028,B-20-1-09_masks.tif,3,3753,294.9705627,97.36939169,52.42356599,1.857359183,0.84269016,-75.89642867,4728.237677,22.71942446,0,0,,,
30029,B-20-1-09_masks.tif,4,6310,430.2842712,159.2873406,52.09302191,3.057748135,0.94501117,-71.02030176,4810.715848,31.13090333,0,0,,,
30030,B-20-1-09_masks.tif,5,10506,703.4974747,271.7004432,50.74750624,5.353966398,0.982402259,68.05188712,5231.726156,49.9409861,5225,0.497334856,190.7025909,191.6382751,136.6294708
30031,B-20-1-09_masks.tif,6,4202,465.8406204,168.6536864,37.58896988,4.486786601,0.974846652,45.62148848,4543.097097,50.08400762,0,0,,,
30032,B-20-1-09_masks.tif,7,5790,433.4558441,164.5709655,46.70552405,3.523586745,0.958882986,-75.08720472,4926.458549,31.96390328,1826,0.31537133,200.2102966,195.0706482,128.4348297
30033,B-20-1-09_masks.tif,8,16246,959.3380951,362.4266728,71.17960718,5.09172061,0.980524408,-39.49047607,1985.597132,133.9731011,7866,0.484180721,210.1773529,197.0635681,133.9959259
30034,B-20-1-09_masks.tif,9,5138,401.2132034,154.8096969,43.77202564,3.536726816,0.959194432,-79.71391187,4969.428571,60.63020631,1903,0.370377579,198.371521,196.5964203,132.5128784
30035,B-20-1-09_masks.tif,10,12605,903.5807358,308.1545514,54.04731751,5.701569765,0.984498982,-37.09445608,2526.810869,200.7272511,7485,0.593811979,204.9804993,195.9329376,129.8626556
30036,B-20-1-09_masks.tif,11,5957,506.9116882,172.8293217,48.98552174,3.528171499,0.95899206,-33.84751031,2174.072184,167.470371,4725,0.793184489,208.3453979,201.9693146,149.933548
30037,B-20-1-09_masks.tif,12,8611,489.2132034,201.539425,55.58174662,3.626000212,0.961219068,-83.51842116,5111.170015,104.4602253,5951,0.691092788,197.7380219,195.6609039,135.3231354
30038,B-20-1-09_masks.tif,13,6882,483.2132034,200.4569475,44.95083854,4.459470702,0.974533524,89.45798249,4813.108689,119.3318803,4212,0.612031386,203.1851807,206.7041779,146.4895477
30039,B-20-1-09_masks.tif,14,14195,888.9116882,371.3387067,54.51793964,6.811312187,0.989164029,14.98640747,4731.82515,283.9897147,5173,0.364424093,198.897934,199.8227386,142.8333588
30040,B-20-1-09_masks.tif,15,11315,698.1837662,272.0359379,58.55496548,4.645821848,0.976559602,7.993795162,4633.009015,258.3511268,7766,0.686345559,202.4378052,200.0543365,148.0128784
30041,B-20-1-09_masks.tif,16,16042,1056.752309,399.1799567,55.81761664,7.15150486,0.990175425,-27.2098412,1385.241117,324.9596684,8762,0.546191248,202.322876,194.351059,153.0351563
30042,B-20-1-09_masks.tif,17,18034,1136.894444,428.6822807,54.57366525,7.855112511,0.991863538,-29.1349089,4186.118443,347.3880448,6347,0.351946324,202.9828339,193.4773865,120.5738144
30043,B-20-1-09_masks.tif,18,18052,1117.23759,404.9441618,66.21951645,6.115178478,0.986538772,-29.66241197,4229.616774,366.0797696,8540,0.473077775,210.7585449,202.8889923,137.3895721
30044,B-20-1-09_masks.tif,19,9141,625.1126984,262.8728756,45.48046535,5.779907342,0.984919514,11.53712697,4596.099004,292.2478941,4588,0.501914451,199.8188782,197.6952972,141.0867462
30045,B-20-1-09_masks.tif,20,6658,563.4974747,203.5268973,49.13655027,4.142067283,0.970419397,-60.17811406,2068.128717,266.8945629,2844,0.427155302,220.4367065,215.2834015,156.2531586
30046,B-20-1-09_masks.tif,21,19394,1064.953319,406.5753346,73.57413849,5.526063137,0.983490336,-19.01882108,1294.202692,420.3398474,10366,0.534495205,208.1503906,202.7867126,164.9344025
30047,B-20-1-09_masks.tif,22,15870,947.0954544,358.1009939,58.12668828,6.160698374,0.986738293,59.47793016,1670.040517,352.6886578,9041,0.569691241,188.8524475,187.1070709,139.6958313
30048,B-20-1-09_masks.tif,23,18766,1197.622366,448.6761007,60.34839004,7.434765043,0.990913154,58.62409502,1959.29351,370.9626452,7842,0.417883406,193.4400635,187.452301,146.4071655
30049,B-20-1-09_masks.tif,24,13878,830.8111832,327.4333321,55.88638575,5.858910496,0.985326479,68.14933245,1563.792189,371.7016861,7087,0.510664361,190.1899261,187.3981934,141.4749603
30050,B-20-1-09_masks.tif,25,12570,1041.823376,389.5044888,43.17873878,9.020747242,0.993836528,59.11031357,2006.655927,444.3047733,6421,0.510819411,204.2029266,201.5218811,140.2040253
30051,B-20-1-09_masks.tif,26,16381,962.0243866,365.733974,63.18573501,5.788236442,0.984963214,-26.51321031,3688.336854,501.8011721,6304,0.384836091,208.9202118,197.9743042,144.3251953
30052,B-20-1-09_masks.tif,27,15402,992.509668,375.8290748,60.92863299,6.168349039,0.98677139,59.88852529,3908.759317,457.1016751,6959,0.451824438,196.5862885,196.2971649,135.3631287
30053,B-20-1-09_masks.tif,28,5047,346.627417,118.0179224,55.93204588,2.110023343,0.88056338,-17.74309686,2197.538538,420.6064989,0,0,,,
30054,B-20-1-09_masks.tif,29,12748,953.2375901,341.4652932,49.19366699,6.941244963,0.989568027,-38.75932136,3608.626373,516.1526514,6549,0.513727644,210.7770691,200.2073669,139.8408966
30055,B-20-1-09_masks.tif,30,18007,948.4264069,392.0307791,61.01488112,6.425166647,0.987814161,78.58030107,3419.795579,447.5325151,7040,0.390959071,197.5434723,195.1137848,139.5178986
30056,B-20-1-09_masks.tif,31,18091,1153.23759,417.4458918,79.56078231,5.24688018,0.981669834,37.11828636,3238.712398,599.5846554,9598,0.530540048,199.8471527,195.3369446,149.1230469
30057,B-20-1-09_masks.tif,32,12278,790.6101731,281.4593732,58.3709356,4.821909574,0.97825904,36.73157862,3338.395423,529.3823913,6578,0.535755009,190.7813873,190.7962952,133.871994
30058,B-20-1-09_masks.tif,33,13735,847.8406204,356.6033216,54.46549696,6.547325216,0.988267315,-77.92460619,1491.391118,491.4460866,6109,0.444776119,198.076767,194.9713593,147.5359344
30059,B-20-1-09_masks.tif,34,12862,866.6101731,317.3034121,55.22865415,5.745267869,0.984735705,57.54505502,4783.16195,543.4447209,7630,0.593220339,191.3184814,191.3820496,142.6116638
30060,B-20-1-09_masks.tif,35,14778,1103.722871,388.0174776,61.57387721,6.301657377,0.987328713,41.87853706,3148.317025,597.8496414,5768,0.39030992,201.4604645,198.0443878,156.7591858
30061,B-20-1-09_masks.tif,36,15148,966.3259018,387.526997,59.70336979,6.4908731,0.988061108,-12.82286941,1949.064167,673.5983628,5289,0.349155004,204.2291565,192.1047516,131.3565826
30062,B-20-1-09_masks.tif,37,15337,977.1543289,385.2779951,52.10987975,7.393569068,0.990811139,-13.37663775,1990.909826,681.5718198,8242,0.537393232,205.5339661,198.8404541,138.7602539
30063,B-20-1-09_masks.tif,38,9976,912.9949494,322.0161626,41.52517275,7.754721806,0.991650617,37.24961286,3159.883721,669.9263232,5996,0.601042502,197.1377563,193.9221191,148.2921906
30064,B-20-1-09_masks.tif,39,21360,1189.39697,478.0916142,74.78427267,6.39294329,0.98769024,3.969498886,4065.379963,781.9836142,7379,0.345458801,203.4932861,197.363739,151.733429
30065,B-20-1-09_masks.tif,40,15248,1099.154329,419.4834271,63.14065653,6.64363423,0.98860696,5.672831653,3969.011674,831.2852833,7156,0.46930745,204.452774,197.9315186,162.7340698
30066,B-20-1-09_masks.tif,41,17606,929.6984848,402.6041281,57.51138226,7.000425172,0.989744571,84.80099342,4753.158809,621.597694,8555,0.485913893,202.9028625,201.4292297,138.4797211
30067,B-20-1-09_masks.tif,42,14883,1058.669048,413.9297254,48.26210383,8.57670289,0.993179553,6.74418729,4007.3803,815.4819593,8735,0.586911241,205.8025208,199.8087006,168.284256
30068,B-20-1-09_masks.tif,43,14663,1036.811183,403.1967192,47.36802961,8.51200108,0.993075108,-74.17925659,3225.78947,847.1413081,6070,0.413967128,207.004776,203.451889,145.3808899
30069,B-20-1-09_masks.tif,44,5663,432.627417,168.3126146,46.34772926,3.631518034,0.961339196,74.72027164,66.21578669,850.4485255,2608,0.460533286,168.5866547,168.6357422,114.9884949
30070,B-20-1-09_masks.tif,45,4766,395.3553391,138.1062092,45.61749356,3.027483504,0.943873438,-51.27810046,49.51363827,959.0835082,3826,0.802769618,197.3008423,190.0182953,128.7396698
30071,B-20-1-09_masks.tif,46,16603,1247.865007,453.0673422,54.49342549,8.314165207,0.992740412,35.4621067,4008.634403,1166.006746,36,0.002168283,198.6666718,168.3611145,194.5833282
30072,B-20-1-09_masks.tif,47,15251,1062.894444,379.3777747,56.61157106,6.701417529,0.988803695,35.00275084,4024.684152,1118.222281,10225,0.670447839,202.6589661,199.6680756,160.2333527
30073,B-20-1-09_masks.tif,48,18456,1133.095454,424.5526991,66.70160952,6.364954342,0.987581059,66.51103639,471.3657347,1131.081654,8334,0.451560468,182.8856506,180.8731689,132.0110321
30074,B-20-1-09_masks.tif,49,18175,1109.622366,405.230731,59.20816922,6.844169248,0.989268384,43.9930646,3978.875983,1221.154883,9313,0.512407153,198.7265167,189.6186981,143.3205261
30075,B-20-1-09_masks.tif,50,9860,768.6101731,297.5234322,46.68084725,6.373565385,0.987614804,-50.69423461,2654.960345,1169.320284,7907,0.801926978,210.4025574,203.4742584,157.1156006
30076,B-20-1-09_masks.tif,51,14623,1031.781746,372.0414063,77.5684459,4.796298314,0.97802362,65.35269788,430.402585,1207.671818,7530,0.514942214,188.2865906,185.4733124,143.6288147
30077,B-20-1-09_masks.tif,52,10262,768.0243866,281.8751657,47.58145633,5.92405503,0.985649759,-50.88215149,2686.393783,1192.855779,8540,0.832196453,210.2676849,200.7446136,146.2692108
30078,B-20-1-09_masks.tif,53,18772,1169.722871,428.0796329,85.40352397,5.012435236,0.979897048,49.29576634,3979.689165,1285.49185,6089,0.324366077,195.5741577,188.0978851,137.745285
30079,B-20-1-09_masks.tif,54,10833,630.3847763,276.9246479,50.4624387,5.487738108,0.983256962,-89.32399378,4332.641651,1183.256993,5492,0.506969445,201.1403809,198.6762543,148.3885651
30080,B-20-1-09_masks.tif,55,12002,833.7817459,292.9389449,58.6417495,4.995399137,0.979758279,57.6156699,4969.42193,1298.271038,9385,0.781953008,195.0956879,189.637085,154.8963165
30081,B-20-1-09_masks.tif,56,7237,525.5979797,192.468157,51.11588135,3.765329911,0.964088556,-22.24060382,4387.718115,1320.073787,4748,0.656072958,204.7051392,200.1823883,145.2670593
30082,B-20-1-09_masks.tif,57,15067,1033.379726,382.8942858,52.47673293,7.296458152,0.990563744,-43.86035074,4513.75755,1397.833212,8051,0.534346585,204.1255798,197.9478302,128.0264587
30083,B-20-1-09_masks.tif,58,16343,1177.379726,427.9043128,56.71960362,7.544204921,0.991176043,-34.59253298,4260.42018,1445.222236,7370,0.450957597,207.3389435,202.7366333,139.2109833
30084,B-20-1-09_masks.tif,59,8531,687.0538239,253.9022335,44.02098447,5.767754552,0.984855408,55.55520072,4941.5017,1334.658657,5067,0.593951471,191.14505,192.1932068,136.075592
30085,B-20-1-09_masks.tif,60,9620,628.627417,271.0246083,45.8219136,5.914737883,0.985604183,86.29817795,1156.81289,1305.724324,6119,0.636070686,190.8560181,193.1990509,135.7917938
30086,B-20-1-09_masks.tif,61,8055,613.0121933,231.7564531,45.47178333,5.096709127,0.980562891,-72.4096933,2623.080074,1324.17604,6637,0.823960273,209.1027527,205.4547272,163.3287659
30087,B-20-1-09_masks.tif,62,6942,487.4974747,174.8810171,51.66163041,3.385123847,0.955370522,-48.76249552,608.2687986,1366.216796,6342,0.913569576,201.0211334,192.7593842,147.8356934
30088,B-20-1-09_masks.tif,63,3815,365.1126984,126.9449635,41.00495546,3.095844443,0.946394307,-63.59683718,103.9743119,1346.337353,3135,0.821756225,199.3607635,195.2360382,133.9623566
30089,B-20-1-09_masks.tif,64,5919,462.5269119,176.6676739,44.71913039,3.950606202,0.967433396,-70.40032285,2640.408684,1359.144788,5173,0.873965197,204.484436,198.3663177,146.4148407
30090,B-20-1-09_masks.tif,65,6396,499.4974747,181.7545784,46.06085529,3.945966206,0.967355469,-53.18019766,629.3833646,1404.590525,5665,0.885709819,207.2621307,200.9096222,144.630188
30091,B-20-1-09_masks.tif,66,2710,261.2132034,76.3434246,47.2265059,1.616537644,0.785701298,-52.48767324,30.25461255,1385.495572,2357,0.869741697,203.5023346,200.5129395,128.1934662
30092,B-20-1-09_masks.tif,67,7120,549.1126984,206.3502269,45.77551277,4.50787363,0.975084428,-73.31231244,5316.001826,1387.236096,5148,0.723033708,205.9922333,200.5695343,149.2284393
30093,B-20-1-09_masks.tif,68,13062,856.9116882,342.0485511,55.59348585,6.152673212,0.986703441,13.41242078,3612.030394,1532.878809,5507,0.421604655,204.0769958,197.974762,154.8391113
30094,B-20-1-09_masks.tif,69,11275,817.254834,315.4438352,49.52010623,6.370015317,0.987600909,14.03098996,3572.144302,1535.82643,4324,0.383503326,197.0039368,189.7150726,147.2067566
30095,B-20-1-09_masks.tif,70,5495,432.8700577,168.9169042,42.45026444,3.979172013,0.967907024,-74.12949224,5313.416015,1428.994722,4191,0.762693358,198.2183228,193.2920532,137.3972778
30096,B-20-1-09_masks.tif,71,4742,368.9705627,143.1986965,43.17059755,3.31704226,0.953474588,-82.26331496,1654.727119,1437.237031,4471,0.942851118,196.4415131,188.7119141,140.8995819
30097,B-20-1-09_masks.tif,72,5552,439.6984848,165.2813789,45.21967063,3.655077018,0.961845826,-74.55573471,1508.150216,1465.205512,4495,0.809618156,202.8865356,196.5386047,147.2574005
30098,B-20-1-09_masks.tif,73,7828,593.1126984,243.2549364,42.49844115,5.723855506,0.984620393,-78.38899536,1594.153807,1486.260731,319,0.04075115,218.5140991,192.7993774,197.7993774
30099,B-20-1-09_masks.tif,74,8152,594.8700577,237.6585598,44.87363591,5.296173465,0.982012567,-9.142678283,4677.900025,1580.399902,5822,0.714180569,201.6877289,195.3541718,147.21315
30100,B-20-1-09_masks.tif,75,13006,834.9533188,295.6454225,57.14377706,5.173711604,0.981142687,-27.81678864,641.1749962,1600.594572,7117,0.54720898,200.0736237,190.3181152,140.1791534
30101,B-20-1-09_masks.tif,76,16662,939.1543289,368.671167,76.10395149,4.844310444,0.978461851,-86.29998466,3925.618173,1513.170748,6290,0.377505702,197.7704315,190.4707489,122.6419678
30102,B-20-1-09_masks.tif,77,5116,444.627417,184.5617702,36.45807877,5.062301043,0.980295104,80.91547751,5229.635457,1496.745309,4289,0.838350274,181.1282349,179.2825775,128.9766846
30103,B-20-1-09_masks.tif,78,6277,444.0416306,177.6464477,46.47790906,3.822169527,0.965167836,-11.0275333,4636.945197,1575.554246,4885,0.778238012,205.9428864,201.5875092,151.2147369
30104,B-20-1-09_masks.tif,79,11314,853.6396103,332.6702567,47.20126455,7.047909837,0.989882999,-23.4158409,4774.495846,1644.591656,6206,0.548523953,207.3415985,202.2710266,148.2634583
30105,B-20-1-09_masks.tif,80,10231,657.3969696,241.7968393,55.73839856,4.338065777,0.973068184,-28.15804856,694.3721044,1613.784674,9109,0.890333301,200.0372162,189.5885315,134.3583221
30106,B-20-1-09_masks.tif,81,6803,486.2842712,194.0000786,46.68407628,4.155594243,0.970614571,84.38761799,1569.782743,1545.221667,6166,0.906364839,202.9683685,197.2390594,145.4408112
30107,B-20-1-09_masks.tif,82,7747,473.6984848,170.8633038,59.08442178,2.891850316,0.938308478,72.35483739,5355.116819,1567.459662,6064,0.782754615,183.1568298,179.6474304,109.5552444
30108,B-20-1-09_masks.tif,83,20435,1103.39697,444.854681,70.85700185,6.278203556,0.98723325,84.1471352,3887.175973,1579.483044,6573,0.321654025,194.6041412,185.4150238,121.8139343
30109,B-20-1-09_masks.tif,84,12919,889.7401154,358.8671111,51.02663612,7.032936882,0.989839654,-72.32045951,3103.052403,1607.011224,5784,0.447712671,200.9075012,196.6849976,143.0729523
30110,B-20-1-09_masks.tif,85,6266,444.3847763,185.3512705,44.76037718,4.140967574,0.970403444,86.7528109,1561.499681,1583.792531,5185,0.827481647,195.321701,189.37146,141.1591187
30111,B-20-1-09_masks.tif,86,7243,532.4264069,208.0429329,45.69131731,4.553226853,0.975584489,-24.58355822,4719.755212,1648.040729,6076,0.838878918,206.7011261,201.6084595,146.5801544
30112,B-20-1-09_masks.tif,87,2109,291.7989899,112.3521798,25.50875072,4.404456379,0.973884787,72.10652901,5295.698909,1588.109056,0,0,,,
30113,B-20-1-09_masks.tif,88,7914,569.9827561,196.1019744,53.73078916,3.649713273,0.961731365,-56.3080822,1195.757771,1635.146197,6710,0.847864544,205.7812195,200.5520172,161.362442
30114,B-20-1-09_masks.tif,89,8240,595.7989899,257.4321431,43.83819075,5.872325903,0.985393942,88.15949581,5120.940777,1600.548058,4871,0.591140777,195.3188324,189.8694305,139.5631256
30115,B-20-1-09_masks.tif,90,9225,757.5391052,260.6026909,46.25912637,5.633541127,0.984119313,-48.90060115,1200.322818,1690.95122,8135,0.881842818,208.2301178,202.7798462,155.9047394
30116,B-20-1-09_masks.tif,91,8988,662.4680374,243.1430176,51.40805158,4.729668022,0.977392855,-37.49267305,1998.78093,1683.625723,6030,0.670894526,213.7905426,205.9864044,155.859375
30117,B-20-1-09_masks.tif,92,8792,581.4974747,195.1238822,61.27169352,3.184568126,0.949418246,-27.22020735,1018.229186,1690.974864,6931,0.7883303,203.7814178,193.0564117,125.7667007
30118,B-20-1-09_masks.tif,93,11213,701.7401154,258.4793233,56.36512685,4.585802211,0.975934392,-23.96879469,1421.902702,1732.413092,7181,0.640417373,204.394516,195.6180267,142.0661469
30119,B-20-1-09_masks.tif,94,6612,533.2132034,220.257628,40.11704891,5.490374641,0.983273175,83.63180191,5127.082123,1636.608742,3707,0.560647308,207.2670593,205.5648804,146.1556549
30120,B-20-1-09_masks.tif,95,11426,812.6101731,300.5408903,49.54498782,6.066020067,0.986318192,-33.34597191,2117.75687,1746.672851,10065,0.880885699,211.8778992,204.4346771,156.733139
30121,B-20-1-09_masks.tif,96,8014,636.9116882,238.4600894,44.70934605,5.333562454,0.98226614,-68.0644965,761.498877,1674.916272,5074,0.633142001,202.9580231,193.1269226,145.7977905
30122,B-20-1-09_masks.tif,97,10819,698.8111832,268.6472168,52.56073984,5.111176471,0.980673853,-31.46107907,2060.92467,1749.896201,5996,0.554210186,212.4874878,201.1035767,154.5070038
30123,B-20-1-09_masks.tif,98,7780,573.4974747,215.3073182,47.29558574,4.552376608,0.975575254,-58.90888284,785.8028278,1713.248843,7397,0.950771208,204.0643463,198.0926056,152.7995148
30124,B-20-1-09_masks.tif,99,10759,694.7106781,261.0396826,53.85836983,4.846780239,0.978484037,-44.49905883,2202.344921,1745.994423,8547,0.794404684,206.4084473,197.4237671,137.9143524
30125,B-20-1-09_masks.tif,100,12548,768.627417,332.9391232,48.99438907,6.795454123,0.989113117,-1.652287655,1499.225454,1838.651658,10066,0.802199554,199.5383453,190.863205,150.365097
30126,B-20-1-09_masks.tif,101,5215,455.8406204,167.7690466,40.87368097,4.104573962,0.969868088,-55.81287688,5171.36836,1718.470374,4415,0.846596357,204.3026123,196.2788239,132.2167664
30127,B-20-1-09_masks.tif,102,7021,531.4974747,195.6132532,48.48250102,4.034718695,0.968798738,-54.80532297,5185.701752,1753.405925,5954,0.848027347,206.0302277,198.9788361,143.0814514
30128,B-20-1-09_masks.tif,103,14280,896.4680374,333.4943693,55.85974479,5.970209325,0.985872362,-21.59089792,5336.214706,1853.802171,11518,0.806582633,204.993927,196.3756714,150.1259766
30129,B-20-1-09_masks.tif,104,12071,768.5685425,292.5244795,55.82898521,5.239652458,0.981618755,-21.47050419,5236.55944,1839.978626,8965,0.74268909,195.8917999,185.6629181,134.8634644
30130,B-20-1-09_masks.tif,105,8479,516.2842712,204.0403082,53.69177054,3.800215679,0.964756852,74.36291597,4538.043048,1741.363132,6513,0.768133035,198.5393829,196.7110443,136.3156738
30131,B-20-1-09_masks.tif,106,12317,758.3259018,301.1851775,53.69642055,5.609036401,0.983979119,-20.11110028,5281.181944,1851.260778,10990,0.892262726,204.7814331,195.1866302,153.1148376
30132,B-20-1-09_masks.tif,107,14777,942.3259018,387.9048836,51.03524456,7.600725477,0.991307362,13.981242,1697.570955,1912.903499,7269,0.491913108,188.3829956,178.5402374,122.4637527
30133,B-20-1-09_masks.tif,108,10805,690.5685425,256.7650594,56.96899382,4.507101885,0.975075785,-63.81819901,3728.101064,1783.154373,4614,0.427024526,209.3251038,203.2472839,150.1365356
30134,B-20-1-09_masks.tif,109,12963,768.5685425,282.1410913,60.88820535,4.633756073,0.976435896,-21.75903403,5383.391807,1876.034406,6423,0.495487156,200.0585327,187.8614349,129.0496674
30135,B-20-1-09_masks.tif,110,8698,574.0416306,228.9700474,49.84920525,4.593253719,0.976013369,2.523856846,1592.866521,1872.759945,7133,0.82007358,200.3824463,192.5503998,145.6339569
30136,B-20-1-09_masks.tif,111,7802,486.627417,195.8025208,51.68944609,3.788056085,0.964526062,-3.317043424,1451.250961,1869.684696,5074,0.650346065,205.8638153,199.0410004,160.3679504
30137,B-20-1-09_masks.tif,112,5980,435.2132034,175.2769718,47.07259273,3.723546158,0.963262625,1.104100436,1634.838963,1862.602676,5239,0.876086957,201.547821,194.0402679,158.6571808
30138,B-20-1-09_masks.tif,113,6517,483.3553391,187.2302641,46.23919141,4.049168215,0.969024579,-68.61214811,2242.461562,1818.66503,5346,0.820316096,199.8959961,194.5179596,144.5039215
30139,B-20-1-09_masks.tif,114,13173,1013.338095,375.5895362,56.03505034,6.702760753,0.988808207,56.40949351,4681.970242,1867.581113,8135,0.617551051,185.1235352,184.3224335,132.6007385
30140,B-20-1-09_masks.tif,115,3677,334.9705627,135.6056685,36.37173033,3.728326018,0.963358553,-89.3638152,855.0035355,1806.322274,3317,0.902094098,191.1013031,185.8968964,144.6436615
30141,B-20-1-09_masks.tif,116,7897,615.4974747,237.0247306,44.53632911,5.322053597,0.982188663,-66.19277855,3683.726985,1846.89401,4498,0.569583386,207.963089,201.2478943,147.7036438
30142,B-20-1-09_masks.tif,117,12255,1031.23759,382.1212997,49.7190833,7.685606297,0.991499125,56.48081631,2782.469849,1884.761485,6220,0.50754794,195.4463043,194.1589966,143.2006378
30143,B-20-1-09_masks.tif,118,5009,380.3847763,147.0653795,44.32295109,3.318041239,0.953503282,89.78492549,761.8718307,1830.554202,3948,0.788181274,209.4658051,205.2383423,151.9941711
30144,B-20-1-09_masks.tif,119,5457,403.5563492,156.0361404,46.49431036,3.356026558,0.954574792,1.799611171,1548.793476,1878.349643,4057,0.743448781,207.5001221,198.7623901,155.0350037
30145,B-20-1-09_masks.tif,120,5443,376.2842712,120.4394182,59.66892314,2.0184614,0.868649655,-53.30764816,1057.596362,1859.682895,5060,0.929634393,199.9189758,192.818573,147.8007965
30146,B-20-1-09_masks.tif,121,7182,531.7989899,224.8179098,41.83357662,5.374102049,0.982535052,84.45503304,435.230298,1859.050821,6001,0.835561125,197.4485931,193.6725616,161.5085754
30147,B-20-1-09_masks.tif,122,12747,843.6812409,313.6170592,52.82184762,5.937260307,0.985713984,52.68962668,714.5311054,1924.968071,8221,0.644936063,189.2700348,181.9328613,139.6011505
30148,B-20-1-09_masks.tif,123,8671,583.3969696,212.3761269,53.1488731,3.995872622,0.968179126,-38.55302101,1210.912582,1915.902433,7646,0.881789874,205.7814484,199.055191,145.2760925
30149,B-20-1-09_masks.tif,124,11193,841.6396103,326.2042482,47.62570496,6.849331646,0.989284642,-22.61373636,1253.745019,1969.193514,6430,0.574466184,202.1968842,192.4514771,130.4279938
30150,B-20-1-09_masks.tif,125,8848,656.2253967,219.9382792,53.3918472,4.119323282,0.970086799,-56.24544734,1073.98802,1909.095276,5975,0.675293852,201.1737213,194.6801605,131.1822662
30151,B-20-1-09_masks.tif,126,5702,499.7989899,220.3037673,34.72497565,6.344245408,0.987499337,85.57244785,2289.737636,1876.61873,5009,0.878463697,195.4765472,192.0688782,143.6755829
30152,B-20-1-09_masks.tif,127,3765,393.5979797,149.1013944,33.42370361,4.46094772,0.974550605,-43.24444483,50.25099602,1914.785923,3131,0.831606906,190.7119141,176.5662689,105.8390274
30153,B-20-1-09_masks.tif,128,4222,332.2842712,108.8369846,51.24236409,2.123964937,0.882230594,-49.53120054,975.4725249,1907.416153,3925,0.929654192,209.4081573,203.8259888,144.2094269
30154,B-20-1-09_masks.tif,129,4553,498.9116882,187.1790097,34.08024181,5.492302864,0.983285018,-42.61199108,59.29299363,1945.267516,3765,0.826927301,204.8355865,192.3723755,124.7211151
30155,B-20-1-09_masks.tif,130,8237,520.627417,218.3123626,48.80427479,4.473222141,0.974691889,84.16500391,427.6804662,1900.119825,6884,0.835741168,202.6127319,197.0106049,159.7251587
30156,B-20-1-09_masks.tif,131,6421,555.0121933,221.5520953,39.66358951,5.58578026,0.98384434,-22.7857798,2613.430307,1983.808597,5271,0.820900171,206.0610962,194.8981171,141.5424042
30157,B-20-1-09_masks.tif,132,6791,497.0121933,173.3936691,50.52441195,3.431879015,0.956605694,29.04885371,2512.931527,1976.977176,4589,0.675747313,195.7154083,187.0640717,155.3787384
30158,B-20-1-09_masks.tif,133,3048,393.3137085,176.0827705,22.79548368,7.724458625,0.991584787,-0.245690688,5429.149278,1981.270013,0,0,,,
30159,B-20-1-09_masks.tif,134,7626,513.5979797,189.5618373,52.17777604,3.632999558,0.961371354,-27.70099742,2648.259638,2005.52321,3805,0.498950957,201.9135284,191.4349518,143.7403412
30160,B-20-1-09_masks.tif,135,2365,238.9705627,78.63207244,39.46285718,1.992559031,0.864944694,25.89302963,2462.181395,1969.15814,1989,0.841014799,196.1880341,187.8697815,155.1176453
30161,B-20-1-09_masks.tif,136,10347,815.1959595,303.1357004,46.87488336,6.466911033,0.987971929,-55.96094256,3436.243839,2029.943462,7402,0.715376438,205.7399292,199.9008331,142.6912994
30162,B-20-1-09_masks.tif,137,2753,261.2132034,79.27983593,45.56607562,1.739887292,0.818329141,24.98847973,2493.308754,2032.275336,2429,0.882310207,198.3412933,188.8287354,155.7616272
30163,B-20-1-09_masks.tif,138,9881,679.1126984,260.9776847,53.13056297,4.912006764,0.979057736,-0.747008667,125.0068819,2113.665823,6200,0.627466856,199.24823,193.5895233,153.8437042
30164,B-20-1-09_masks.tif,139,2613,261.5563492,91.66454295,39.10538693,2.344038766,0.904433749,81.47293138,1005.688481,2019.503253,2285,0.874473785,188.9452972,182.6069946,137.8126984
30165,B-20-1-09_masks.tif,140,11400,680.5269119,275.5683058,53.42105114,5.158421632,0.98102965,12.2070246,1670.931316,2151.172456,5834,0.511754386,199.5700989,190.9134369,163.4554291
30166,B-20-1-09_masks.tif,141,6999,530.627417,216.5886304,43.03905352,5.032374384,0.980057653,-5.54288421,165.8874125,2126.262609,5951,0.850264323,198.4684906,190.6168671,147.947403
30167,B-20-1-09_masks.tif,142,13615,968.509668,346.7242929,60.31061725,5.74897603,0.984755542,33.41955278,1567.476607,2206.230628,6190,0.454645611,194.2335968,184.6492767,155.0294037
30168,B-20-1-09_masks.tif,143,13438,925.5807358,338.2351295,51.54917375,6.561407388,0.98831792,34.20374243,1599.394627,2176.858535,9058,0.67405864,201.3540497,195.0607147,156.1640472
30169,B-20-1-09_masks.tif,144,6160,413.7989899,164.3830502,49.44739647,3.324402536,0.953685374,-85.55370079,958.0631494,2072.047727,3913,0.635227273,199.2138977,191.1954956,145.6542358
30170,B-20-1-09_masks.tif,145,10286,638.8700577,271.2098205,51.7027192,5.245562026,0.981660534,6.786213977,1720.391309,2170.431752,7038,0.684230994,203.8925781,198.0643616,148.8776703
30171,B-20-1-09_masks.tif,146,11048,811.4386002,297.6776247,49.8889535,5.966804348,0.985856118,-34.84956436,1357.180938,2161.111151,3972,0.359522085,210.4697876,202.3177185,145.0787964
30172,B-20-1-09_masks.tif,147,16686,1152.994949,427.7937837,58.36248271,7.329944921,0.990650172,-27.42622453,232.4725518,2267.173918,8014,0.480282872,198.1664581,192.0899658,138.2793884
30173,B-20-1-09_masks.tif,148,7509,650.3259018,247.0103067,44.52529482,5.547640004,0.983619579,-25.40794957,2631.156745,2204.101079,3719,0.49527234,211.7378387,204.1616058,149.854538
30174,B-20-1-09_masks.tif,149,6928,556.6690476,216.5011899,42.20297288,5.129998556,0.980816793,-28.89778671,2603.399682,2181.909642,0,0,,,
30175,B-20-1-09_masks.tif,150,9948,589.5563492,258.7376461,51.19689676,5.05377596,0.980227897,-88.08582794,3482.617511,2151.598613,6539,0.657318054,191.98349,185.0071869,132.9787445
30176,B-20-1-09_masks.tif,151,13587,1050.066017,378.0909813,54.7579202,6.904772496,0.989456939,48.0269378,1910.329212,2247.566203,6417,0.472289689,184.8552246,181.1522522,131.2644501
30177,B-20-1-09_masks.tif,152,7577,599.5979797,215.4696281,45.88079621,4.696292259,0.977066599,20.16587249,3349.455589,2263.273195,6631,0.875148476,200.7270355,195.2017822,158.7876587
30178,B-20-1-09_masks.tif,153,16890,1149.23759,436.6012617,55.37141435,7.884957731,0.991925266,-29.88885119,1310.68881,2368.722676,9058,0.536293665,206.1916504,196.2849426,147.9250336
30179,B-20-1-09_masks.tif,154,7312,503.5979797,184.9994382,51.20255453,3.613090008,0.960935788,24.45727037,3310.257795,2287.411379,6337,0.866657549,202.2528076,196.3381653,154.6408386
30180,B-20-1-09_masks.tif,155,11393,691.3969696,259.4421604,56.67172828,4.577982149,0.975851086,-27.95730475,1389.271395,2336.300623,9111,0.799701571,205.5888519,197.3525391,150.4945679
30181,B-20-1-09_masks.tif,156,13444,995.6812409,381.7217356,48.05442207,7.943529839,0.992044382,29.43940248,1096.404418,2382.583085,5198,0.386640881,193.1521759,186.4715271,145.1398621
30182,B-20-1-09_masks.tif,157,8927,760.2253967,274.525425,42.92070104,6.396107668,0.987702493,25.84383724,1085.275681,2440.289123,4584,0.513498376,205.1496582,196.7530518,151.5069733
30183,B-20-1-09_masks.tif,158,11460,760.0832611,296.9189946,52.35348127,5.671427905,0.984332463,19.73206357,45.11239092,2461.491099,3504,0.305759162,167.7782593,161.5496521,122.3301926
30184,B-20-1-09_masks.tif,159,8864,735.9827561,265.2517735,44.8494518,5.914270138,0.985601889,65.48038351,3300.839576,2394.266133,4205,0.474390794,194.4932251,187.8442383,161.2309113
30185,B-20-1-09_masks.tif,160,14471,1064.710678,413.4558604,49.53530824,8.346689969,0.992797084,-70.53212827,351.2963168,2395.831594,6655,0.459885288,192.7006836,189.6952667,142.6710815
30186,B-20-1-09_masks.tif,161,10618,735.1959595,264.5685581,52.60157674,5.029669727,0.980035981,-46.85315802,1455.756169,2440.544641,7727,0.727726502,199.8932343,191.8418579,141.6459198
30187,B-20-1-09_masks.tif,162,11634,1017.480231,379.9625759,45.44067729,8.36172783,0.992823062,-35.4464308,2360.12919,2486.594379,7299,0.62738525,198.3773193,189.0722046,137.8690186
30188,B-20-1-09_masks.tif,163,15535,1068.208153,391.3732716,53.02726953,7.380603887,0.990778677,39.07071013,4755.889218,2526.941423,6461,0.415899582,183.2909698,182.0716553,132.8863983
30189,B-20-1-09_masks.tif,164,9025,651.6396103,222.5525229,53.9326646,4.126488549,0.970192187,-45.3275264,1504.527535,2478.146704,6045,0.669806094,203.3060455,192.0337524,138.501236
30190,B-20-1-09_masks.tif,165,5392,424.4264069,152.8002706,45.91979604,3.327546805,0.95377498,-36.75295613,2432.652448,2455.361647,4864,0.902077151,210.4307098,202.156662,168.2997589
30191,B-20-1-09_masks.tif,166,7975,613.5979797,237.9426686,46.43245999,5.124489822,0.980775124,-69.61318518,2982.648527,2459.555361,4984,0.624952978,196.3994751,190.5916901,144.7233124
30192,B-20-1-09_masks.tif,167,9940,768.3675324,289.6631404,49.71703335,5.826235415,0.985160188,-38.29062201,1324.969014,2512.155533,8009,0.805734406,209.91922,205.6641235,162.0358276
30193,B-20-1-09_masks.tif,168,14442,1049.882251,396.8813609,54.04420304,7.343643511,0.990685185,74.80860798,3296.632322,2499.69748,10441,0.722960809,203.5239868,195.8391876,167.3891449
30194,B-20-1-09_masks.tif,169,5994,488.0832611,184.2069085,43.08953782,4.274979909,0.972256034,-38.8095831,2451.625125,2492.620454,5278,0.880547214,208.5397949,204.4365234,158.2580566
30195,B-20-1-09_masks.tif,170,12585,772.4264069,313.5178097,57.95873513,5.409328015,0.982763766,-13.96592509,4576.681128,2595.55296,3248,0.258085022,188.5606537,182.2435303,126.5024643
30196,B-20-1-09_masks.tif,171,23106,1340.83557,508.4974223,60.28207725,8.435300266,0.992948153,36.8519447,4931.554488,2673.221804,7463,0.3229897,185.0971527,174.7237091,116.0142059
30197,B-20-1-09_masks.tif,172,10269,781.5391052,293.2304647,46.42356377,6.316414359,0.987388229,59.65558208,5050.496348,2553.977992,6871,0.669101178,196.7240601,191.2123413,165.169693
30198,B-20-1-09_masks.tif,173,15124,987.8406204,401.7884691,50.59966869,7.940535571,0.992038357,81.05901145,3250.1331,2546.800714,11501,0.760446972,205.3492737,196.6981964,170.9709625
30199,B-20-1-09_masks.tif,174,9947,769.1959595,289.2902112,45.68578323,6.332171427,0.987451316,-55.35345103,1391.770081,2611.571127,8183,0.822660099,209.3652649,202.0172272,151.0938568
30200,B-20-1-09_masks.tif,175,12919,1135.722871,407.8903896,48.12317173,8.475966462,0.993015895,-55.50483918,1409.165957,2664.546017,9913,0.767319452,204.8618927,199.3861542,153.888031
30201,B-20-1-09_masks.tif,176,6890,562.9116882,200.5406942,45.06598052,4.449935227,0.974422832,-54.73323926,4063.852104,2597.72656,5646,0.819448476,199.3064117,189.5187683,145.4877777
30202,B-20-1-09_masks.tif,177,11971,834.9533188,320.6981506,49.28872699,6.506521271,0.98811881,61.28840278,5073.910116,2613.717484,7052,0.589090302,203.5082245,201.1111755,166.6982422
30203,B-20-1-09_masks.tif,178,18205,1085.23759,404.0067684,58.50758536,6.905203247,0.989458262,31.19625693,367.6804175,2732.236748,7082,0.389014007,183.9347687,173.3041534,130.5519562
30204,B-20-1-09_masks.tif,179,7616,608.3259018,216.2771175,46.3475109,4.666423574,0.976768575,-61.74722065,4090.117253,2632.34979,5732,0.75262605,206.4111938,199.7124939,149.7004547
30205,B-20-1-09_masks.tif,180,4698,366.8700577,126.2718889,49.83236789,2.533933149,0.918834362,-64.40296996,4435.496381,2604.614943,3700,0.787569178,195.1991882,189.4540558,133.7948608
30206,B-20-1-09_masks.tif,181,4203,350.1421356,145.9689426,38.14255104,3.826931829,0.965256033,81.93715643,3289.34523,2603.503688,3306,0.786581014,191.7377472,183.0753174,152.4727783
30207,B-20-1-09_masks.tif,182,12028,856.3675324,301.3459552,59.81085163,5.038315741,0.980105135,-58.42826322,1503.317925,2661.951363,795,0.066095777,221.0427704,198.543396,174.5710754
30208,B-20-1-09_masks.tif,183,7499,576.4264069,217.0104219,48.70900981,4.45524191,0.974484523,-67.54175982,4312.198426,2661.731831,3949,0.526603547,200.3200836,195.831604,144.5332947
30209,B-20-1-09_masks.tif,184,14229,884.4680374,345.3729187,55.93770686,6.174241636,0.986796797,68.45811441,2119.255464,2696.415208,7214,0.506992761,187.320343,179.7224884,138.5998077
30210,B-20-1-09_masks.tif,185,7388,579.6984848,238.2337266,42.14750927,5.652379719,0.98422584,-82.73172221,990.2108825,2652.459258,5096,0.68976719,198.727829,193.9411316,151.9140472
30211,B-20-1-09_masks.tif,186,11090,816.7106781,303.02792,48.52991285,6.244147211,0.987092694,60.19499735,4838.782687,2695.978269,5366,0.483859333,191.3032074,186.9202423,144.7111511
30212,B-20-1-09_masks.tif,187,6878,521.7989899,211.456454,42.93058919,4.925542788,0.979173905,-83.78702264,3210.551905,2663.314336,5432,0.789764466,196.4202881,187.7409821,147.834137
30213,B-20-1-09_masks.tif,188,15872,948.1837662,408.374386,50.72631211,8.050543574,0.9922553,7.638605927,3545.933027,2835.009136,8584,0.540826613,194.9980164,189.3011475,149.1902313
30214,B-20-1-09_masks.tif,189,7781,527.9411255,196.1377907,54.49807682,3.598985544,0.960622715,-16.28756793,3469.342501,2747.763398,6408,0.823544532,200.8066406,194.5613251,156.2337646
30215,B-20-1-09_masks.tif,190,9741,699.3553391,266.7712765,48.31185562,5.52185945,0.983464978,-76.59519403,3271.710091,2701.21815,5410,0.555384457,199.98909,192.9389954,158.056015
30216,B-20-1-09_masks.tif,191,13970,949.9238816,338.6430984,53.45270375,6.335378281,0.987464098,-60.16130691,4620.239227,2756.570007,6926,0.495776664,196.5077972,189.8616791,140.5694427
30217,B-20-1-09_masks.tif,192,15143,997.2375901,366.7008489,54.89391052,6.680173546,0.988731963,34.43422915,4299.133857,2868.727069,7372,0.486825596,188.2670898,183.9845428,136.3742523
30218,B-20-1-09_masks.tif,193,15400,865.3553391,370.5552802,53.79624637,6.888125199,0.989405643,81.68333348,2112.180974,2757.805974,6860,0.445454545,193.5967865,182.9880524,145.0750732
30219,B-20-1-09_masks.tif,194,15881,907.4386002,333.0406214,62.88316923,5.296180606,0.982012616,32.3510237,2543.079151,2884.236635,6010,0.378439645,185.2647247,178.9950104,131.7322845
30220,B-20-1-09_masks.tif,195,14482,893.4386002,317.63861,59.09276719,5.375253608,0.9825426,-31.42000252,3228.005938,2881.375363,7369,0.508838558,197.6311646,187.961319,123.9723129
30221,B-20-1-09_masks.tif,196,17634,993.6396103,395.4824445,58.99357721,6.703822064,0.988811771,17.2695155,3942.285301,3041.495123,8073,0.457808778,191.28862,184.7645264,127.6662979
30222,B-20-1-09_masks.tif,197,17731,1013.923882,379.6149349,62.55810023,6.068197939,0.986328079,28.45475807,1450.503638,3018.565902,6175,0.348260109,187.2210541,179.2469635,124.2595978
30223,B-20-1-09_masks.tif,198,15300,1119.23759,421.590076,58.33856793,7.226609959,0.990379562,57.16410051,4938.798562,3012.548235,2703,0.176666667,199.7247467,195.190155,149.0318146
30224,B-20-1-09_masks.tif,199,11380,840.0243866,283.9054674,52.81144889,5.37583182,0.982546389,-59.00960659,5264.358787,2947.076011,7918,0.695782074,199.299942,188.7352905,143.7725372
30225,B-20-1-09_masks.tif,200,12013,803.5391052,296.7779083,60.20777931,4.92922861,0.979205369,-57.93142964,5296.438442,2979.10447,8462,0.704403563,206.1054077,195.443512,146.2233582
30226,B-20-1-09_masks.tif,201,18685,1086.551299,378.9019824,64.22193641,5.899884114,0.985531072,51.43389366,1332.955633,3012.556543,4832,0.258603158,187.0552521,177.1908112,138.2224731
30227,B-20-1-09_masks.tif,202,12186,937.0121933,397.0360875,42.51357139,9.33904338,0.994250693,-5.190618989,4713.935746,3088.932217,5237,0.429755457,203.5184326,195.5310364,163.0103149
30228,B-20-1-09_masks.tif,203,10313,849.4386002,287.938665,48.57546896,5.927655896,0.985667315,59.36815015,4944.224765,2969.855619,4198,0.407059052,188.9337769,179.5869446,135.8182526
30229,B-20-1-09_masks.tif,204,10392,849.5979797,325.9183505,45.21531931,7.208139972,0.990329955,-4.011082523,4789.075346,3078.716705,5009,0.482005389,192.0846405,183.9987946,141.8903961
30230,B-20-1-09_masks.tif,205,7760,712.1837662,293.1495278,40.14410936,7.302429484,0.990579243,-7.545656351,4677.48634,3083.722423,5761,0.742396907,203.8198242,197.8406525,155.0812378
30231,B-20-1-09_masks.tif,206,11557,785.882251,284.7163424,59.52266189,4.783326777,0.977902918,-60.54959757,5327.017392,3053.323094,6675,0.577572034,202.1773834,194.0503387,146.8903351
30232,B-20-1-09_masks.tif,207,11868,869.5391052,334.2869779,56.15169782,5.953283531,0.985791336,62.61440796,4948.898466,3069.332322,4802,0.404617459,207.0993347,200.2896729,164.9181519
30233,B-20-1-09_masks.tif,208,16741,1040.024387,407.3408172,54.46833059,7.478489111,0.991019578,-66.69512626,4365.981662,3069.002867,8146,0.486589809,198.3378296,189.460968,133.2696991
30234,B-20-1-09_masks.tif,209,17236,861.0121933,356.305841,64.78755627,5.499603034,0.983329739,79.48724826,3296.826178,3079.984625,6854,0.397656069,185.1670532,175.5411377,120.6006699
30235,B-20-1-09_masks.tif,210,11620,758.7106781,271.6343725,65.4001596,4.153420636,0.97058334,-33.96490013,2995.469277,3133.65,7490,0.644578313,201.7077484,194.0634155,151.5466003
30236,B-20-1-09_masks.tif,211,18940,1049.698485,453.9634671,55.79303541,8.136561557,0.992418807,3.958195755,4638.747888,3274.590021,8710,0.459873284,191.8012695,185.1999969,131.1224976
30237,B-20-1-09_masks.tif,212,7278,488.4264069,176.9843584,53.47288085,3.309796585,0.953265664,-61.69785093,4434.514702,3090.170376,5541,0.761335532,202.6904907,192.7249603,151.4712219
30238,B-20-1-09_masks.tif,213,8928,611.9827561,215.0728065,53.8449887,3.994295694,0.968153582,-55.97492862,4494.918011,3113.724014,6537,0.73219086,197.276886,188.2342072,149.3226318
30239,B-20-1-09_masks.tif,214,14441,915.0538239,351.8771294,54.88952055,6.410643159,0.987758541,70.09702596,5269.977772,3193.681739,5573,0.385915103,178.5431519,171.9100952,134.070694
30240,B-20-1-09_masks.tif,215,11097,765.9411255,305.2208841,51.28039306,5.9519997,0.985785161,-5.587616008,2905.476345,3301.072272,7632,0.687753447,195.7425385,188.7114716,147.3204956
30241,B-20-1-09_masks.tif,216,12797,758.1837662,311.4758822,54.03311271,5.764537088,0.984838367,-75.95816906,4948.117215,3175.849105,6264,0.489489724,190.020752,180.2472839,130.1069641
30242,B-20-1-09_masks.tif,217,14019,756.2842712,321.5183657,56.47531678,5.693077685,0.984452337,82.09487381,1395.773236,3170.232399,4709,0.335901277,193.8116302,187.7058868,147.6959076
30243,B-20-1-09_masks.tif,218,6639,549.1126984,205.69052,43.47394657,4.731351446,0.977409125,-12.04537777,3048.168098,3230.213135,162,0.024401265,206.3888855,203.5864258,165.6419678
30244,B-20-1-09_masks.tif,219,5284,442.627417,167.3887204,43.22104707,3.872852043,0.966089443,-8.966680214,3090.131529,3222.185466,3919,0.741672975,196.0262756,187.2061768,147.830307
30245,B-20-1-09_masks.tif,220,19196,937.1126984,411.6416949,62.94783355,6.539410043,0.988238727,89.64973159,1359.328402,3231.350698,6835,0.356063763,192.536499,185.2703705,133.6452026
30246,B-20-1-09_masks.tif,221,22576,1248.066017,469.3019989,62.51139059,7.507463751,0.991089074,26.57778691,2079.229049,3418.751152,6447,0.285568746,188.7518158,180.9281769,130.5292358
30247,B-20-1-09_masks.tif,222,18467,1177.722871,440.9864665,60.33394318,7.309094074,0.990596497,-30.22577647,4218.243299,3427.511669,8783,0.475605133,195.7736511,189.8901215,126.4394836
30248,B-20-1-09_masks.tif,223,16423,883.3553391,373.2784171,57.88051383,6.449120653,0.98790507,-6.901621278,2946.676186,3449.518115,10156,0.618401023,193.6517334,186.0498199,141.8560486
30249,B-20-1-09_masks.tif,224,13962,999.882251,377.3563266,54.08364227,6.977272809,0.989676042,69.79329892,2276.267369,3344.231271,4793,0.343288927,189.9054871,182.7348175,139.881073
30250,B-20-1-09_masks.tif,225,9030,854.0243866,300.4812217,44.87450093,6.696034843,0.988785585,-34.42903883,2583.664784,3432.10742,4989,0.552491694,198.2036438,192.9994049,150.6468201
30251,B-20-1-09_masks.tif,226,13094,946.1248917,362.30698,48.4512097,7.477769538,0.991017842,66.90918879,2261.531159,3383.93287,6346,0.484649458,204.7373199,196.7327423,165.3452606
30252,B-20-1-09_masks.tif,227,8831,667.2132034,260.715216,56.83865541,4.586934968,0.975946423,2.053045878,1829.785075,3508.430416,0,0,,,
30253,B-20-1-09_masks.tif,228,5597,437.0121933,150.2236069,48.87420311,3.073678902,0.945596063,-47.93238026,2526.449527,3396.693943,3861,0.68983384,194.2590027,185.631958,145.2636566
30254,B-20-1-09_masks.tif,229,15437,898.3675324,334.121594,60.94655198,5.482206674,0.98322287,62.88719335,2244.948306,3429.079549,6396,0.414329209,193.8649139,184.7099762,168.4010315
30255,B-20-1-09_masks.tif,230,14990,702.2842712,287.3007499,67.62780599,4.24826365,0.971900927,-4.865188283,1744.097065,3506.866711,9491,0.633155437,200.6195374,192.0477295,153.5012054
30256,B-20-1-09_masks.tif,231,13740,837.882251,312.9466343,60.21198224,5.19741458,0.981315927,-24.26267227,848.0351528,3527.023581,8743,0.636317322,197.5079498,191.8228302,139.6998749
30257,B-20-1-09_masks.tif,232,14934,1078.811183,432.730925,58.21310019,7.433566047,0.990910209,-76.91100135,1481.561002,3412.0152,6712,0.449444221,195.0578003,188.886322,151.7999115
30258,B-20-1-09_masks.tif,233,18494,1153.63961,490.8890682,50.30060064,9.759109473,0.994736264,-74.62510979,1438.483238,3463.183519,7257,0.392397534,205.2022858,198.3209381,153.8103943
30259,B-20-1-09_masks.tif,234,6584,487.7989899,200.9716983,46.30729406,4.339957718,0.973091984,-7.62344823,2224.33627,3568.363305,2140,0.325030377,195.8392487,187.7925262,148.1429901
30260,B-20-1-09_masks.tif,235,6202,447.3137085,194.2722965,44.9744067,4.319618884,0.97283445,0.359927456,2265.504031,3571.656885,2409,0.388423089,189.1610565,182.7542572,139.8393555
30261,B-20-1-09_masks.tif,236,4889,547.9827561,198.4058697,36.45925368,5.441852195,0.98297096,-44.07446304,909.0652485,3588.911843,2500,0.511352015,197.0908051,194.1376038,143.7895966
30262,B-20-1-09_masks.tif,237,10077,609.5979797,235.496885,55.46121201,4.24615468,0.971872604,72.12220894,3084.109656,3604.031359,7005,0.695147365,183.2688141,174.9049225,137.3120575
30263,B-20-1-09_masks.tif,238,2970,313.5563492,122.3077031,34.62409659,3.532444601,0.959093327,80.9420575,1029.06431,3627.903704,0,0,,,
30264,B-20-1-09_masks.tif,239,1122,164.7279221,54.51456574,28.31458753,1.925317319,0.854534339,-60.6551456,2446.68984,3629.509804,965,0.860071301,194.5865326,189.1326447,131.7772064
30265,B-20-1-10_masks.tif,1,7393,570.1837662,216.2735525,46.20460625,4.68077904,0.976912534,69.85073165,3665.008116,36.08264575,1726,0.233464088,187.9971008,191.7578278,128.7114716
30266,B-20-1-10_masks.tif,2,18922,1381.320851,505.6112902,53.02866822,9.534678264,0.994484852,51.960723,2998.039531,182.950111,6588,0.348166156,186.798111,186.3835754,149.3369751
30267,B-20-1-10_masks.tif,3,14962,1207.923882,417.5003925,76.26464536,5.474363521,0.983174351,-23.20892116,2773.158067,250.7638016,4616,0.308514904,206.4729156,201.4993439,147.4330597
30268,B-20-1-10_masks.tif,4,15673,939.9827561,382.1534268,56.11821616,6.809792844,0.989159167,72.84640515,3554.312895,346.2010464,7526,0.48018886,190.0205994,187.3348389,138.6555939
30269,B-20-1-10_masks.tif,5,13164,927.0954544,355.4529046,51.22117387,6.93956967,0.989562963,30.68472392,2424.494682,541.4926314,6258,0.47538742,197.0421906,193.7697296,149.5647125
30270,B-20-1-10_masks.tif,6,11490,649.4558441,267.6974588,56.55578087,4.733335031,0.977428274,86.22771804,3220.162054,874.2499565,7479,0.650913838,204.3552551,200.1462708,142.6916656
30271,B-20-1-10_masks.tif,7,4739,337.5563492,126.4742393,49.17569828,2.57188497,0.921313792,85.74511662,3151.702047,915.0972779,3903,0.823591475,200.0453491,192.1844788,145.0233154
30272,B-20-1-10_masks.tif,8,6117,421.1126984,149.7313449,53.33958886,2.807133465,0.934396286,-69.72389265,3537.245218,927.1126369,4459,0.728952101,208.0728912,200.5519104,145.892807
30273,B-20-1-10_masks.tif,9,4127,296.7279221,106.0334173,52.11846184,2.034469429,0.870861408,84.51749529,3248.322026,925.6874243,4031,0.976738551,201.861084,196.265686,149.621933
30274,B-20-1-10_masks.tif,10,6783,460.5269119,171.1214205,53.16268432,3.218825812,0.950517083,-67.11052169,4098.217603,956.0613298,5925,0.873507298,201.1539307,193.1461639,140.3226929
30275,B-20-1-10_masks.tif,11,9175,577.0121933,219.9638683,54.21665648,4.057127138,0.969147922,-69.10763159,3565.305504,970.5085559,8094,0.882179837,206.8040466,196.7870026,127.7605667
30276,B-20-1-10_masks.tif,12,7319,555.8406204,209.1037531,45.67156783,4.578422922,0.975855793,-63.54911527,4084.709523,1009.035661,6760,0.923623446,206.056366,198.5004425,141.1670074
30277,B-20-1-10_masks.tif,13,6824,411.4558441,149.4632992,59.08671114,2.529558615,0.918540932,9.599264558,3359.331477,1066.141999,3800,0.556858148,183.2276306,178.2447357,133.8521118
30278,B-20-1-10_masks.tif,14,6824,435.5979797,145.6038436,60.72918286,2.397592669,0.908867472,-29.83392387,3279.182298,1070.667937,3286,0.481535756,211.9905701,207.1363373,137.4233093
30279,B-20-1-10_masks.tif,15,9059,645.1126984,266.7269305,44.10861116,6.047048944,0.986231611,-11.37914373,3165.819517,1155.264709,4215,0.465283144,206.4870758,195.9962006,161.6370087
30280,B-20-1-10_masks.tif,16,9100,600.1837662,238.8095025,50.50189344,4.72872374,0.977383721,-15.56353003,3086.96022,1139.607363,7563,0.831098901,205.674469,197.6958923,158.1537781
30281,B-20-1-10_masks.tif,17,7474,531.254834,180.0241322,55.62539332,3.236366009,0.951065762,59.54223456,3514.95491,1097.085363,4257,0.569574525,193.3114929,188.369278,134.2997437
30282,B-20-1-10_masks.tif,18,7443,515.6984848,200.5604294,48.96651975,4.095868573,0.969737867,-13.02959026,3205.773344,1167.620449,3989,0.535939809,203.7889252,196.1925354,160.6996765
30283,B-20-1-10_masks.tif,19,5118,412.0416306,158.9978756,42.70908735,3.722811361,0.963247845,-14.7199906,3124.549433,1153.357757,3947,0.771199687,214.6572113,207.895874,177
30284,B-20-1-10_masks.tif,20,7139,485.6984848,189.0063569,49.22994388,3.83925599,0.965482715,72.96161897,3574.490545,1185.051408,4999,0.700238129,202.8545685,194.7085419,142.5139008
30285,B-20-1-10_masks.tif,21,13667,860.4680374,331.5535617,55.52481429,5.971268268,0.985877408,-24.07431969,3275.41838,1305.311041,6315,0.462061901,202.2052307,192.2288208,135.1461639
30286,B-20-1-10_masks.tif,22,6227,572.3259018,214.8507747,40.36828469,5.322266634,0.982190102,59.09502034,1701.783363,1240.493335,5795,0.930624699,187.8269196,185.5251007,129.6547089
30287,B-20-1-10_masks.tif,23,9785,849.2964646,342.2059814,37.49117144,9.127641742,0.993980479,-24.64884144,3222.043945,1328.493204,0,0,,,
30288,B-20-1-10_masks.tif,24,8502,625.3553391,252.8580994,46.40661894,5.448750742,0.983014425,76.29908726,3581.750882,1227.518466,6290,0.739825923,208.9918976,204.8936462,161.7205048
30289,B-20-1-10_masks.tif,25,10470,712.2253967,253.6978407,56.37720149,4.500007698,0.97499613,-29.86348182,2291.523496,1301.276218,6385,0.609837631,203.1220093,194.3317108,148.6635895
30290,B-20-1-10_masks.tif,26,13295,870.6690476,360.3255481,51.12480483,7.047959387,0.989883142,15.56647432,3431.114479,1364.758857,6711,0.504776232,198.0773315,193.6414795,139.6300049
30291,B-20-1-10_masks.tif,27,7461,623.3969696,232.4251658,46.64456869,4.98289881,0.979655537,-37.29968475,2329.260555,1326.209355,6602,0.88486798,202.8965454,193.154953,144.2364502
30292,B-20-1-10_masks.tif,28,5289,392.7279221,166.0802613,41.2511507,4.026075842,0.968662465,-88.01266951,3705.922481,1274.136321,3534,0.66817924,191.488678,180.6762848,151.5240479
30293,B-20-1-10_masks.tif,29,11516,672.627417,282.4819413,52.89112815,5.340818984,0.982314731,87.22735065,3729.275356,1329.900139,5480,0.475859673,204.6974487,194.1264648,145.1071167
30294,B-20-1-10_masks.tif,30,5172,464.6690476,177.3162322,39.64105085,4.473045703,0.974689867,-35.7981883,2357.974478,1390.122196,4743,0.917053364,203.1374664,195.147583,149.1062622
30295,B-20-1-10_masks.tif,31,12756,901.8406204,340.4035142,57.57920683,5.911917392,0.985590343,84.61016865,5200.698808,1364.528065,5658,0.443555974,198.7652893,195.431076,138.3625031
30296,B-20-1-10_masks.tif,32,8098,602.8111832,222.6769992,47.02451093,4.735338971,0.977447594,38.94099259,4040.670659,1421.072611,6285,0.77611756,194.4206848,191.5896606,153.3388977
30297,B-20-1-10_masks.tif,33,11262,751.1126984,315.8505989,49.28287663,6.408931874,0.987751963,86.03980649,3649.52504,1369.139673,7546,0.670040845,193.7680817,183.6526642,150.5614929
30298,B-20-1-10_masks.tif,34,6091,434.4264069,155.136018,52.07579326,2.97904282,0.941976691,-39.23985184,1638.319324,1408.737153,5422,0.890165818,201.9645844,194.9051971,151.5654755
30299,B-20-1-10_masks.tif,35,8824,658.1837662,238.4887679,49.29291344,4.838195823,0.978406774,-82.32661298,4770.505553,1383.163418,4594,0.520625567,195.3119354,189.7858124,133.7035217
30300,B-20-1-10_masks.tif,36,8524,557.9411255,219.6026818,51.0348621,4.302993538,0.972621168,-15.7223115,3066.055021,1474.153801,6546,0.76794932,198.0948639,189.0439911,143.9654694
30301,B-20-1-10_masks.tif,37,7972,675.0538239,232.2351953,45.68477817,5.083426135,0.980460167,34.00823604,5019.531234,1475.304315,4705,0.590190667,182.3277435,181.9436798,134.9092407
30302,B-20-1-10_masks.tif,38,5691,478.0832611,176.2008479,42.14027997,4.181292767,0.970980053,-38.90233951,1663.838693,1441.522052,4941,0.868212968,203.9876556,197.8759308,149.9961548
30303,B-20-1-10_masks.tif,39,15115,944.7695526,373.8157167,60.05396449,6.224663431,0.987011233,84.96945628,5178.34694,1440.035395,6172,0.40833609,189.8295593,183.6780548,132.8058929
30304,B-20-1-10_masks.tif,40,9398,572.8700577,231.0264686,53.47279212,4.32044895,0.972845033,83.97052213,3691.605874,1420.370079,6065,0.645350074,206.1345367,197.875351,152.2248993
30305,B-20-1-10_masks.tif,41,6503,682.1248917,217.4554143,40.65508836,5.348787153,0.982367856,38.60330035,4033.620483,1475.831924,4626,0.711363986,199.3452301,192.0743561,152.066803
30306,B-20-1-10_masks.tif,42,14331,1025.982756,383.7727616,66.00963251,5.813890292,0.985096623,85.9507017,4766.311493,1471.997348,8834,0.61642593,203.0715485,194.5781097,137.882843
30307,B-20-1-10_masks.tif,43,10328,753.0538239,280.3952931,52.91583886,5.298891581,0.982031184,28.81760714,2886.711464,1548.547444,8612,0.833849729,198.1309814,191.7448883,161.4287109
30308,B-20-1-10_masks.tif,44,10605,724.2842712,311.4704422,49.28248564,6.320104154,0.987403045,1.007353138,1309.795097,1608.725413,6722,0.633851957,200.1496582,191.9745636,152.1218414
30309,B-20-1-10_masks.tif,45,5377,425.5979797,150.3846363,46.41391031,3.24007685,0.951180661,44.23178468,2974.432211,1494.00186,4247,0.789845639,192.4181824,190.3077393,154.5083618
30310,B-20-1-10_masks.tif,46,8364,598.0832611,223.3927298,48.74979336,4.582434394,0.975898568,-66.49606408,3695.075921,1492.451937,6416,0.767097083,205.9572906,199.8779602,147.8759308
30311,B-20-1-10_masks.tif,47,5203,413.0121933,148.2309767,45.19101453,3.280098449,0.952394327,44.91770289,2947.840092,1529.344609,4887,0.939265808,200.4268494,195.9953003,155.5475769
30312,B-20-1-10_masks.tif,48,11819,627.4974747,225.7164222,68.47122291,3.296515129,0.952878998,-29.02880684,2562.442762,1604.706236,9327,0.789153059,205.2438049,194.8947144,145.6727753
30313,B-20-1-10_masks.tif,49,10129,638.5685425,218.4480647,61.5935155,3.54660816,0.959426297,-27.66827268,2620.474183,1626.127456,8610,0.850034554,200.7644653,188.7718964,131.2420502
30314,B-20-1-10_masks.tif,50,7020,508.3259018,186.5864793,48.78152903,3.824941183,0.965219207,-47.1191154,3113.131766,1598.15698,6315,0.89957265,199.8951721,190.1524963,149.3616791
30315,B-20-1-10_masks.tif,51,8438,684.6690476,245.4473084,45.90773136,5.346535347,0.982352867,68.54838028,5005.911472,1573.091135,4675,0.554041242,190.7952881,182.0526276,141.7858887
30316,B-20-1-10_masks.tif,52,7292,518.3259018,190.8628263,49.45008192,3.859706979,0.965853981,-46.8466994,3151.793472,1622.826385,6569,0.900850247,208.7756195,200.6570282,149.3912354
30317,B-20-1-10_masks.tif,53,5924,409.4558441,154.3269456,49.7879197,3.099686561,0.946530867,-71.42706469,3609.825962,1595.010972,5396,0.910871033,202.3613739,196.0237274,150.4466248
30318,B-20-1-10_masks.tif,54,12349,766.2253967,278.4574264,58.56165997,4.754944216,0.977635307,-66.77344729,3315.39242,1631.81869,7412,0.600210543,198.3912506,187.2942505,122.8699417
30319,B-20-1-10_masks.tif,55,5074,447.6984848,169.4977272,39.48891724,4.292286016,0.972482464,68.48974766,4999.484825,1610.419393,4184,0.82459598,200.3675842,193.7593231,139.5590363
30320,B-20-1-10_masks.tif,56,6473,429.4558441,166.2956208,50.82641082,3.271834821,0.9521475,-74.56213995,3614.195736,1641.335393,5184,0.800865132,203.6560516,195.8082581,148.7964935
30321,B-20-1-10_masks.tif,57,5957,469.5979797,177.2398572,44.83422849,3.953226433,0.967477278,-28.13195085,4111.347826,1732.351351,5278,0.886016451,206.6244812,201.3590393,150.752182
30322,B-20-1-10_masks.tif,58,6493,489.8406204,181.5803739,47.93821224,3.787800284,0.964521182,-31.82206019,4145.821346,1758.305252,5762,0.887417219,205.7644958,198.9739685,144.9895935
30323,B-20-1-10_masks.tif,59,10116,613.1126984,224.6872807,60.16787206,3.734339823,0.963478708,-79.41978961,1462.034599,1737.759095,8892,0.879003559,198.4794159,190.0980682,139.0711823
30324,B-20-1-10_masks.tif,60,8448,677.9411255,257.4806596,45.6077736,5.645543277,0.984187307,-80.06061187,1486.664536,1781.335109,6724,0.79592803,207.5376282,200.7513428,166.3199005
30325,B-20-1-10_masks.tif,61,10510,870.4680374,328.8711947,45.80266494,7.180175982,0.990254115,24.7992876,1926.223597,1936.016461,6221,0.591912464,193.4642334,184.4484863,152.3116913
30326,B-20-1-10_masks.tif,62,13212,944.9533188,373.5809818,51.21158898,7.294852381,0.990559569,23.24266575,1978.076748,1951.415531,5264,0.398425674,195.0402679,187.9046326,145.2532349
30327,B-20-1-10_masks.tif,63,9404,605.1126984,227.6428268,56.09152885,4.058417223,0.969167845,-78.76230845,1505.931838,1835.064122,7616,0.809868141,197.8858948,188.3554382,143.5063019
30328,B-20-1-10_masks.tif,64,11858,842.7695526,377.3499858,45.36735714,8.317654137,0.992746523,-84.60949196,765.7893405,1862.541154,4456,0.375780064,206.5581207,202.8177795,161.8556976
30329,B-20-1-10_masks.tif,65,10283,836.3675324,306.7747979,45.62433507,6.72392918,0.98887896,27.66639326,1889.893222,1983.755324,6380,0.620441505,199.0300903,191.9095612,157.4670868
30330,B-20-1-10_masks.tif,66,13404,1160.651804,415.1431706,48.5756375,8.546324701,0.993130812,30.77887962,1872.900627,2034.055207,4421,0.329826917,198.4356537,188.969696,164.7238159
30331,B-20-1-10_masks.tif,67,11712,713.4558441,308.8145816,51.20432765,6.031025029,0.986157836,89.76882992,1511.603227,1891.105106,7293,0.622694672,204.954071,196.8266907,147.4941711
30332,B-20-1-10_masks.tif,68,7781,566.4264069,222.089297,47.13485555,4.711784823,0.977218918,67.0513244,1361.840252,1930.296748,3557,0.457139185,185.3452301,175.6038818,138.6007843
30333,B-20-1-10_masks.tif,69,13883,845.1543289,321.7201514,56.24503392,5.719974351,0.984599352,-18.19104765,1679.804941,2044.553627,9709,0.699344522,203.0532532,193.0821991,140.1100006
30334,B-20-1-10_masks.tif,70,4218,359.2132034,127.9948957,43.96220836,2.911475571,0.939164216,14.35856406,1751.978189,1975.888099,3413,0.809151257,191.5827789,183.2789307,151.4491577
30335,B-20-1-10_masks.tif,71,9623,885.6812409,306.9518601,44.69316078,6.867982813,0.989343075,-53.08151444,193.343448,2023.312584,6738,0.700197444,196.2597198,194.0888977,141.3613892
30336,B-20-1-10_masks.tif,72,9908,781.7817459,275.1029464,54.79734621,5.020369881,0.979961192,-48.01068589,1587.018066,2028.251413,4706,0.474969721,194.2184448,184.9759827,135.00383
30337,B-20-1-10_masks.tif,73,9752,650.8700577,267.1013164,48.17670767,5.544200286,0.983599077,-84.81636223,750.8267022,1958.21411,4987,0.511382281,194.1451721,190.1790619,142.6344452
30338,B-20-1-10_masks.tif,74,10971,716.0832611,265.885782,55.33328189,4.805169202,0.978105594,-71.2143498,3543.139185,2003.055692,6435,0.586546349,194.7367554,185.8211365,141.8057556
30339,B-20-1-10_masks.tif,75,13584,910.5269119,390.5560903,47.90640843,8.15248112,0.992448499,-2.067641644,3711.721216,2176.418949,9321,0.686174912,204.2574768,195.0086975,168.5421143
30340,B-20-1-10_masks.tif,76,16144,988.6690476,401.3911551,59.02022212,6.800908922,0.98913067,-87.23874398,4192.433474,2007.022671,11831,0.732841923,196.539856,190.0625458,142.7843781
30341,B-20-1-10_masks.tif,77,14370,824.2842712,358.7697912,52.22410859,6.86981168,0.989348779,-5.37266103,3665.338692,2188.402575,10794,0.751148225,205.7513428,196.3578796,162.0311279
30342,B-20-1-10_masks.tif,78,13577,883.5979797,350.1882471,61.06585608,5.734599818,0.984678418,-0.962468587,3752.734625,2193.188112,10778,0.793842528,205.8067322,198.1027069,159.5037079
30343,B-20-1-10_masks.tif,79,8036,669.1126984,284.4640539,40.30179253,7.058347434,0.989913051,12.22746342,1774.547038,2139.162394,2448,0.304629169,191.8917542,183.2422333,146.1384735
30344,B-20-1-10_masks.tif,80,7668,520.0416306,208.0834862,49.40970693,4.211388796,0.971399429,-87.8126316,4244.274517,2052.847157,6364,0.829942619,203.9731293,198.3441162,159.1995544
30345,B-20-1-10_masks.tif,81,10543,786.3675324,277.6660214,50.46626083,5.502012966,0.983344463,-55.76040111,2144.874514,2130.782984,6323,0.599734421,194.3578949,186.8649445,137.9723206
30346,B-20-1-10_masks.tif,82,14223,850.4264069,343.4013066,64.76708409,5.302096141,0.982053097,-3.669779236,3618.888983,2204.356676,10729,0.754341559,205.799881,197.9971161,151.22052
30347,B-20-1-10_masks.tif,83,16600,1023.882251,397.5527452,55.42174624,7.173226616,0.990235129,71.95876689,4285.776747,2145.053554,6719,0.404759036,188.2606049,181.4100342,129.0214386
30348,B-20-1-10_masks.tif,84,15676,1061.4386,369.9322813,83.92205746,4.4080459,0.97392787,-21.31843457,3828.64283,2246.710258,8107,0.51715999,200.516098,192.0673523,155.3393402
30349,B-20-1-10_masks.tif,85,8470,714.0832611,292.0747701,41.72529856,6.999944402,0.989743155,17.9158367,1854.491736,2228.710626,2845,0.335891381,193.9680176,187.8618622,146.2052765
30350,B-20-1-10_masks.tif,86,9380,729.1543289,273.6771507,45.65317385,5.994701522,0.985988386,21.10886217,1906.058316,2231.440938,6920,0.737739872,185.9086761,177.9554901,144.4767303
30351,B-20-1-10_masks.tif,87,17333,911.1126984,382.2398118,60.85128232,6.281540787,0.987246899,-88.41076327,4094.265217,2185.250101,7822,0.451277909,195.4941254,189.6229858,136.6169739
30352,B-20-1-10_masks.tif,88,12336,934.4680374,336.7060508,51.60064851,6.525229053,0.988187245,71.71685939,1632.589008,2264.110327,7203,0.583900778,193.8300781,187.1786804,141.435791
30353,B-20-1-10_masks.tif,89,11737,751.254834,297.9296394,52.20762514,5.706630758,0.98452668,74.15026391,1645.539491,2313.314987,5184,0.441680157,196.4741516,186.3985291,153.3647766
30354,B-20-1-10_masks.tif,90,12432,818.1837662,335.7308539,51.60631712,6.505615449,0.988115481,-77.49335317,2128.571429,2300.993002,6824,0.548906049,198.5956879,193.7305145,133.8613739
30355,B-20-1-10_masks.tif,91,10543,977.8233765,342.530332,41.87080555,8.180648247,0.992500607,-35.48449445,5155.895476,2562.502703,8682,0.823484777,198.2225342,190.3544159,143.4309998
30356,B-20-1-10_masks.tif,92,10792,795.882251,295.1499121,48.38711497,6.099762555,0.986470178,-62.30137527,5192.819959,2650.217754,7556,0.700148258,195.4658508,189.6140747,139.1376343
30357,B-20-1-11_masks.tif,1,4510,368.3847763,133.6112126,48.03240614,2.781688933,0.933147463,-6.532465361,1488.035033,53.6594235,1636,0.362749446,198.1173553,193.5562286,129.6436462
30358,B-20-1-11_masks.tif,2,3721,317.7989899,110.445411,44.69046512,2.471341722,0.914476728,-14.13631561,1532.846547,46.79037893,2932,0.787960226,205.8864288,199.9242859,152.1763306
30359,B-20-1-11_masks.tif,3,1616,200.1421356,65.31050833,34.82110581,1.875601214,0.846012932,-76.07421369,1673.185644,16.65160891,594,0.367574257,217.207077,224.2424316,129.164978
30360,B-20-1-11_masks.tif,4,7475,609.7989899,262.3317533,38.09516903,6.886221007,0.989399752,84.91959192,1313.11291,25.06140468,3105,0.415384615,201.4283447,203.381958,146.3562012
30361,B-20-1-11_masks.tif,5,6820,523.3553391,194.829259,46.05359505,4.230489689,0.971660871,-69.55466645,3610.52566,41.58768328,6366,0.933431085,205.0716248,199.0573425,124.0903244
30362,B-20-1-11_masks.tif,6,9291,597.7989899,234.0787689,56.07507213,4.174381949,0.970882445,-7.717197791,5035.074588,95.48692283,6689,0.719944032,199.8995361,196.1209412,125.0186844
30363,B-20-1-11_masks.tif,7,5646,431.6984848,164.634819,45.06895254,3.652954189,0.961800587,-73.1156606,1721.334396,51.41303578,5429,0.96156571,197.6586914,195.841217,139.7209473
30364,B-20-1-11_masks.tif,8,10175,751.254834,304.3456498,45.62841944,6.670089684,0.988697672,-73.61817325,3660.684226,90.12108108,4326,0.425159705,208.8541412,205.5716553,141.4142456
30365,B-20-1-11_masks.tif,9,13831,920.8528137,342.9567328,55.28119355,6.203859049,0.986923394,-59.46886455,4792.154869,139.5324995,6051,0.437495481,203.4629059,197.8891144,123.6754227
30366,B-20-1-11_masks.tif,10,10671,698.1837662,277.4558271,49.99328234,5.549862185,0.983632803,79.1322567,1861.713241,125.2535845,6719,0.629650455,186.473877,187.160141,130.781662
30367,B-20-1-11_masks.tif,11,12720,880.4264069,363.6686601,46.31551784,7.851983029,0.991857024,-76.79840244,4421.265645,152.0952044,6670,0.524371069,208.1956482,205.2083893,139.610199
30368,B-20-1-11_masks.tif,12,6554,530.8700577,197.6838327,45.1278074,4.380532627,0.97359488,5.907609287,4918.086359,216.8068355,4957,0.756332011,198.7770844,196.2311859,150.3312531
30369,B-20-1-11_masks.tif,13,6020,435.2132034,174.739647,45.33103773,3.854746234,0.96576448,4.338563511,4964.354485,219.0601329,5069,0.842026578,200.0149994,197.0063171,151.6389771
30370,B-20-1-11_masks.tif,14,11895,846.3675324,298.6410707,54.08556001,5.521641464,0.983463662,-27.08469643,3699.294662,333.8187474,8341,0.701219,207.2545319,198.687088,137.4089508
30371,B-20-1-11_masks.tif,15,9768,606.2842712,232.2053004,57.02880991,4.071719202,0.969372146,-4.263514389,3611.718878,322.1373874,8435,0.863533989,201.8311768,195.4302368,137.2040253
30372,B-20-1-11_masks.tif,16,10586,869.9827561,286.8872476,50.4935106,5.681665708,0.984389322,-68.50421269,5278.809938,293.3242962,5269,0.497732855,203.1651154,199.4471436,143.8386841
30373,B-20-1-11_masks.tif,17,7377,559.1126984,222.9135403,43.62856266,5.109348709,0.980659887,-74.7190552,5329.484479,321.0938051,5210,0.706249153,198.8086395,195.3660278,136.4209137
30374,B-20-1-11_masks.tif,18,12980,737.1543289,279.6104995,59.92972568,4.66563957,0.976760674,-66.0092579,2163.641063,467.7805855,10232,0.788289676,208.2367096,200.9537659,151.3037567
30375,B-20-1-11_masks.tif,19,12459,792.6690476,299.6273111,55.52267437,5.396485571,0.982680907,-73.25320845,2718.51208,446.2760254,6331,0.508146721,205.763382,192.9050751,137.4365845
30376,B-20-1-11_masks.tif,20,9634,613.6396103,223.723653,55.62972951,4.021656314,0.968592434,-47.05717488,1950.409695,493.3832261,7980,0.828316379,204.6665344,200.1407318,142.0847168
30377,B-20-1-11_masks.tif,21,14153,852.5685425,330.0671378,58.66492541,5.626311387,0.984078144,-70.40853677,2177.643115,519.5949975,8616,0.608775525,199.4142303,190.9617004,130.4050598
30378,B-20-1-11_masks.tif,22,10557,696.7695526,288.8521702,48.06438436,6.0096925,0.986058695,-75.48132767,2722.621957,491.8009851,7904,0.748697547,200.8275604,191.8240204,140.4605255
30379,B-20-1-11_masks.tif,23,8730,682.3259018,243.3578467,47.39499621,5.134673831,0.980852052,-66.67981167,3930.122108,507.6278351,6240,0.714776632,206.2793274,199.6387787,128.0873413
30380,B-20-1-11_masks.tif,24,8500,638.5685425,224.8976457,48.93455789,4.595885922,0.976041174,28.64224947,2715.938118,674.3511765,7414,0.872235294,200.0571899,192.9979706,158.1528168
30381,B-20-1-11_masks.tif,25,10009,727.882251,265.5632443,51.06214143,5.200785491,0.98134037,30.98848149,2680.576481,700.6960735,6651,0.664501948,202.1891479,198.2683868,152.2316895
30382,B-20-1-11_masks.tif,26,5952,669.1543289,234.8224212,38.04589319,6.172083279,0.986787499,-64.76886227,3641.041667,658.7525202,1824,0.306451613,207.9512024,208.6233521,151.6030731
30383,B-20-1-11_masks.tif,27,6807,515.5979797,196.4421658,46.2337021,4.248895435,0.971909404,-64.57922106,3674.804172,693.4245629,6227,0.914793595,202.4989624,194.1978455,132.7992554
30384,B-20-1-11_masks.tif,28,10946,779.6984848,309.0767212,47.36693839,6.525157245,0.988186984,86.90347132,3751.549973,773.0232048,9233,0.843504477,192.8967896,187.0102844,145.3561096
30385,B-20-1-11_masks.tif,29,8375,670.5685425,245.6507665,45.52421089,5.396046669,0.982678065,-63.63398543,2439.275104,832.1835224,6855,0.818507463,202.7749023,197.7655792,148.5823517
30386,B-20-1-11_masks.tif,30,9136,770.9533188,272.5461853,48.22418297,5.651649618,0.984221732,-57.66707592,1774.906852,845.1080342,5345,0.585048161,205.4987793,201.1831665,159.8080444
30387,B-20-1-11_masks.tif,31,7816,527.1126984,208.3483606,49.61770717,4.199072719,0.971228921,17.16632925,1953.233623,886.2935005,6268,0.801944729,197.6866608,194.4264526,145.8709259
30388,B-20-1-11_masks.tif,32,9493,698.3847763,308.163688,40.23337493,7.659404376,0.991440613,86.04468946,3743.00769,817.1564311,3385,0.356578532,207.3276215,200.918457,149.14505
30389,B-20-1-11_masks.tif,33,13352,787.1126984,330.8039761,54.4030569,6.080613755,0.986384239,88.41305568,1568.811863,842.8824146,7674,0.574745357,195.3313751,190.7872009,140.2812042
30390,B-20-1-11_masks.tif,34,8855,669.7401154,253.9230109,45.75967327,5.549056466,0.98362801,-64.36289026,2464.365782,878.6339921,6876,0.776510446,205.7431641,200.4248047,150.6385956
30391,B-20-1-11_masks.tif,35,8225,707.882251,260.668325,42.55467675,6.125491836,0.986584371,-58.86025259,1730.795866,913.4773252,66,0.008024316,209.7727203,189.6060638,181.5454559
30392,B-20-1-11_masks.tif,36,10772,670.0416306,282.8661299,50.46198002,5.605529743,0.983958905,2.150279333,1841.62941,1091.077237,9479,0.87996658,200.4985809,194.4673462,153.9995728
30393,B-20-1-11_masks.tif,37,7871,560.2842712,233.7143923,47.53284937,4.916902633,0.979099866,-5.070253256,1889.496506,1070.656333,5825,0.740058442,211.7785339,203.6351929,152.7661743
30394,B-20-1-11_masks.tif,38,9970,596.627417,246.4020817,53.03376102,4.646136291,0.976562813,-0.207734888,1928.794283,1105.141926,8058,0.808224674,199.3379211,189.887558,154.1994324
30395,B-20-1-11_masks.tif,39,7229,485.4558441,190.8394844,52.44429515,3.638898832,0.961499006,9.529215114,1971.916448,1071.262969,5077,0.70231014,200.0805664,197.1282196,151.954895
30396,B-20-1-11_masks.tif,40,8898,591.3969696,220.5602412,53.43176343,4.127886243,0.970212679,-36.66065727,2257.733985,1061.292762,7083,0.796021578,204.5369263,194.8202667,145.1514893
30397,B-20-1-11_masks.tif,41,12470,851.0121933,353.7810218,49.55708187,7.138859039,0.990140414,11.23594325,2099.738091,1144.422775,8614,0.690777867,197.6658936,190.0774384,152.5001221
30398,B-20-1-11_masks.tif,42,14152,858.1837662,350.4560934,52.42973621,6.684300146,0.988745951,7.880455526,2150.489754,1165.697923,11659,0.823841153,203.0787354,197.0124359,151.9049683
30399,B-20-1-11_masks.tif,43,19397,1255.178716,455.5175825,57.49459522,7.922789626,0.992002507,39.82759819,1763.8607,1174.795587,10932,0.563592308,193.9691772,185.356842,142.1109619
30400,B-20-1-11_masks.tif,44,7871,621.2964646,231.6267584,44.81652328,5.168333941,0.981103046,-48.72911063,2300.807521,1085.730911,6027,0.765722272,201.2571716,191.628006,130.7358551
30401,B-20-1-11_masks.tif,45,14773,1038.308658,378.8200693,58.93179644,6.428109988,0.987825387,38.59795338,1732.039532,1205.7511,10297,0.697014824,201.4854736,194.812851,160.1238251
30402,B-20-1-11_masks.tif,46,4189,283.3137085,96.12563733,58.09818071,1.654537821,0.796682235,76.44087503,2827.183337,1104.040821,3721,0.888278825,198.5503845,191.3171234,129.7417297
30403,B-20-1-11_masks.tif,47,6353,381.5563492,139.79196,61.33527429,2.279144613,0.898603748,80.85636492,2922.152369,1117.264442,4932,0.776326145,199.5664978,194.4701996,144.9213257
30404,B-20-1-11_masks.tif,48,7365,488.0416306,202.6771589,47.38054842,4.277644848,0.972291084,-80.95763515,2650.112967,1138.124372,6174,0.838289206,195.1736298,191.6193695,138.0694885
30405,B-20-1-11_masks.tif,49,3110,272.3847763,86.80655534,47.59967943,1.823679411,0.836254184,79.72819425,2868.725402,1165.211576,2582,0.83022508,201.4411316,196.5840454,152.5193634
30406,B-20-1-11_masks.tif,50,5361,486.3259018,184.7939752,38.59498928,4.788030225,0.977946799,-48.45457941,2461.315426,1209.697445,4929,0.919418019,208.7780457,201.5287018,143.2085571
30407,B-20-1-11_masks.tif,51,11034,563.4558441,227.909767,62.07698983,3.671404939,0.962191093,0.346474197,2000.416168,1272.10667,9086,0.823454776,201.8065186,193.3530731,147.2626038
30408,B-20-1-11_masks.tif,52,8514,539.4558441,219.4027092,52.08660234,4.212267634,0.971411538,-0.512248677,2060.665727,1277.383603,6665,0.782828283,197.9756927,191.0108032,157.4558105
30409,B-20-1-11_masks.tif,53,16373,1045.923882,387.7664776,54.64448758,7.096168246,0.990020827,27.55658478,278.0840408,1370.372748,5385,0.328895132,176.0939636,172.2009277,136.0826416
30410,B-20-1-11_masks.tif,54,15904,863.9411255,380.2267415,63.85666395,5.954378415,0.985796598,-89.81495785,4669.838091,1241.905873,5383,0.33846831,199.134491,194.3167419,143.5591736
30411,B-20-1-11_masks.tif,55,19849,1201.39697,496.2748221,56.12233258,8.842733351,0.993585066,-13.31279622,1208.948713,1456.609048,7591,0.382437402,202.4164124,194.1522827,132.4785919
30412,B-20-1-11_masks.tif,56,21411,1230.468037,512.1260104,54.61466694,9.377078341,0.994297373,-14.31999412,1161.244874,1461.353837,7778,0.363271216,202.1168671,192.0666046,142.6575012
30413,B-20-1-11_masks.tif,57,8273,585.254834,217.2931732,54.85118572,3.961503663,0.967615315,-61.80127413,2472.520609,1280.065273,7679,0.928200169,203.5060577,195.5546265,136.732254
30414,B-20-1-11_masks.tif,58,16381,1029.154329,432.9446155,60.1806013,7.194089228,0.99029196,77.17183267,470.3862402,1273.730725,7649,0.46694341,193.5803375,189.0566101,150.9216919
30415,B-20-1-11_masks.tif,59,11138,932.3675324,317.6991864,51.12837062,6.213755347,0.986965289,25.57717569,3203.625965,1370.112767,8019,0.719967678,195.9226837,185.8950043,145.1461487
30416,B-20-1-11_masks.tif,60,12973,950.509668,345.4815914,50.91707383,6.785181578,0.989079945,30.06568426,3324.690203,1394.245047,9407,0.725121406,199.6127319,192.7306213,142.3488922
30417,B-20-1-11_masks.tif,61,7852,709.0538239,275.2402317,39.77889404,6.919252995,0.989501256,29.50304553,3153.428681,1359.140983,292,0.037187978,245.3150635,239.3938293,192.9486237
30418,B-20-1-11_masks.tif,62,14178,924.4264069,376.806362,49.11902627,7.671291364,0.991467233,79.18688468,429.6978417,1305.486176,7316,0.516010721,198.4382172,194.8600311,152.8096008
30419,B-20-1-11_masks.tif,63,7965,588.3847763,242.9119649,43.08424207,5.63806982,0.98414502,-89.97623522,4655.261017,1278.917891,5751,0.722033898,205.0260773,202.3460236,156.8264618
30420,B-20-1-11_masks.tif,64,4625,387.1126984,136.7367535,44.80619203,3.05173788,0.944788026,-50.58133642,2558.22227,1313.70227,4312,0.932324324,200.7377014,195.0366364,143.7662354
30421,B-20-1-11_masks.tif,65,6577,426.1837662,146.7405025,58.80544472,2.495355714,0.916189866,-50.28859868,2279.530789,1328.62004,5916,0.899498251,200.8850555,188.6925354,125.0912781
30422,B-20-1-11_masks.tif,66,9868,676.8111832,257.9258087,49.88131002,5.170790594,0.981121171,31.05924699,3128.110255,1400.655959,9456,0.958248885,197.420578,189.1143188,152.0810089
30423,B-20-1-11_masks.tif,67,10062,776.5685425,305.5407605,47.91536468,6.376676095,0.98762696,68.057689,1879.471676,1381.09998,5539,0.550486981,195.2536621,191.4979248,146.6367645
30424,B-20-1-11_masks.tif,68,5196,452.2842712,171.025938,42.45642739,4.028269653,0.96869714,-69.50394791,2453.952656,1351.319092,4849,0.93321786,199.4619446,193.4831848,143.2068481
30425,B-20-1-11_masks.tif,69,8067,609.4974747,233.3541926,46.96666903,4.968506334,0.979536268,27.2682281,3090.064832,1417.527953,7032,0.871699517,205.1011047,199.1818848,143.5492096
30426,B-20-1-11_masks.tif,70,11096,824.6101731,296.8115533,53.02554715,5.597519862,0.983912588,58.00753688,1874.329488,1428.720981,5418,0.488284066,193.3030701,183.0465088,157.1703644
30427,B-20-1-11_masks.tif,71,8749,685.882251,263.7128074,44.09095332,5.98110922,0.985924175,32.39212893,3295.869699,1429.916105,7032,0.803749,190.6750641,184.0281525,147.5631409
30428,B-20-1-11_masks.tif,72,13000,883.9238816,317.5839175,58.41328684,5.436843819,0.982939299,50.0670557,3821.832077,1458.231769,7565,0.581923077,198.4650421,188.7268982,151.4584198
30429,B-20-1-11_masks.tif,73,7448,508.3259018,184.1166496,52.12936772,3.531917951,0.959080867,-44.33258322,2592.158163,1429.229726,7020,0.942534909,204.1941528,197.8786316,131.9529877
30430,B-20-1-11_masks.tif,74,13740,952.0243866,352.656883,54.4176033,6.480566244,0.988022871,28.77734608,3944.415284,1527.287191,7130,0.518922853,197.6015472,192.7781219,136.6008453
30431,B-20-1-11_masks.tif,75,15962,1030.610173,404.0992295,57.00792172,7.088475028,0.989999044,65.94482729,187.869064,1456.435033,5406,0.338679363,181.3235321,178.2885742,130.5307007
30432,B-20-1-11_masks.tif,76,8684,820.509668,302.3748428,40.23375368,7.515451956,0.991108092,46.54398399,3827.322202,1515.127706,6667,0.767733763,199.6061249,195.1405487,145.4264221
30433,B-20-1-11_masks.tif,77,8757,671.4974747,256.6005656,44.65357982,5.746472436,0.984742153,67.33160268,2329.694073,1500.991435,8127,0.928057554,194.8770752,189.1669769,158.1269836
30434,B-20-1-11_masks.tif,78,8917,658.2253967,255.4050193,46.2509248,5.522160268,0.983466795,-33.4297891,1971.641247,1564.914433,8210,0.920713244,208.7891541,200.3713837,138.9641876
30435,B-20-1-11_masks.tif,79,5556,509.254834,190.5629567,38.64883599,4.930626027,0.979217279,-29.94472764,2081.393449,1560.387509,5350,0.962922966,198.7358856,187.9071045,148.5599976
30436,B-20-1-11_masks.tif,80,7437,562.3259018,212.3655666,46.50382547,4.566625745,0.975729333,-30.17520462,2027.756084,1574.976335,6984,0.939088342,209.7041779,200.4232483,147.8031158
30437,B-20-1-11_masks.tif,81,7033,496.2842712,199.1656915,46.01567483,4.328214076,0.972943736,73.5162555,2300.466515,1538.992038,6414,0.91198635,203.035553,197.4560394,161.4175262
30438,B-20-1-11_masks.tif,82,4067,311.7989899,107.011384,49.42706088,2.165036361,0.886939297,69.76453653,3489.155889,1542.355299,2477,0.609048439,189.3726349,183.4368134,139.5760956
30439,B-20-1-11_masks.tif,83,8707,601.9827561,219.7544188,51.8503381,4.238244664,0.971765989,-47.61030719,2081.371081,1630.285517,7167,0.823130814,206.9819946,197.8520966,137.5310516
30440,B-20-1-11_masks.tif,84,13023,770.9116882,299.2462424,56.63304927,5.283950737,0.981928488,19.90915508,3380.871535,1713.340398,8586,0.659295093,202.5826874,198.1778412,139.8459167
30441,B-20-1-11_masks.tif,85,10052,749.2132034,316.7372999,41.96846332,7.547031147,0.99118268,-85.89415996,3709.12684,1592.915042,3345,0.332769598,191.0221252,182.1168976,136.6289978
30442,B-20-1-11_masks.tif,86,4536,345.4558441,119.1522835,50.07962873,2.379256526,0.9073855,-23.48111988,1808.192901,1633.195767,3587,0.790784832,198.6741028,188.863678,139.272934
30443,B-20-1-11_masks.tif,87,11498,821.9411255,338.0756311,52.58329872,6.429334775,0.987830054,-85.42222889,3712.310489,1627.866933,3383,0.294225083,204.0691681,197.1891785,136.0928192
30444,B-20-1-11_masks.tif,88,5414,467.254834,166.4881831,42.65381744,3.903242269,0.966624519,-56.26743513,2174.951053,1653.894533,4183,0.772626524,203.3715057,196.1534729,137.3605042
30445,B-20-1-11_masks.tif,89,5088,347.7989899,129.8929047,51.19819782,2.537060096,0.919043121,74.97997937,3457.066627,1632.024961,4513,0.886988994,197.1147766,190.4615631,136.8670502
30446,B-20-1-11_masks.tif,90,19799,1192.066017,438.5275488,81.81457567,5.360017396,0.982442324,54.49967943,776.9953028,1741.652659,7349,0.371180363,183.1907806,176.0521088,137.3267059
30447,B-20-1-11_masks.tif,91,16914,1081.379726,393.5489829,56.28000521,6.992696276,0.98972177,-39.28347861,4149.602341,1818.491664,7335,0.43366442,199.5927734,191.8010864,126.1138382
30448,B-20-1-11_masks.tif,92,8089,634.8700577,261.368187,44.23486473,5.908646688,0.985574269,3.106350231,5187.452343,1793.017555,4525,0.559401657,192.6746979,185.1988983,146.931488
30449,B-20-1-11_masks.tif,93,9888,818.7523087,307.9583707,41.87922823,7.353487248,0.990710223,46.89044435,3735.736145,1761.177286,5926,0.599312298,199.2691498,197.8400269,162.182251
30450,B-20-1-11_masks.tif,94,7711,499.5563492,220.2009238,45.88678949,4.798786889,0.978046663,-5.340236228,1830.852548,1764.025807,6317,0.819219297,198.8611755,189.1288605,149.3053589
30451,B-20-1-11_masks.tif,95,13194,987.2375901,363.6305597,54.74829281,6.641861161,0.988600841,50.10979423,3718.034713,1794.683492,7628,0.57814158,198.0297546,191.1237488,156.1388245
30452,B-20-1-11_masks.tif,96,7487,602.8111832,215.1407123,48.16141562,4.467076176,0.974621294,48.11166816,3568.585281,1740.616936,5512,0.73620943,193.0348358,188.56604,147.1046753
30453,B-20-1-11_masks.tif,97,15387,1057.338095,392.3985787,62.77725836,6.250648545,0.987119705,61.70552833,739.4852148,1778.577565,8203,0.533112368,188.922348,180.0760651,130.467514
30454,B-20-1-11_masks.tif,98,6768,519.2132034,203.3534441,45.12840759,4.506107239,0.97506464,2.315825688,5151.613475,1815.70656,5088,0.75177305,199.9762115,192.65448,148.6589966
30455,B-20-1-11_masks.tif,99,9746,738.1248917,277.6778332,47.17232503,5.886456371,0.985464499,53.52739014,3583.520419,1803.919659,6597,0.676893084,198.8493195,188.8500824,158.4374695
30456,B-20-1-11_masks.tif,100,7500,567.0121933,208.492405,50.46338784,4.131557826,0.970266408,-67.5608961,2047.924267,1772.159333,4475,0.596666667,199.0236816,186.3179932,137.4665985
30457,B-20-1-11_masks.tif,101,6890,516.8700577,216.4093924,41.49287383,5.215579748,0.981447077,-78.09852266,2915.840203,1766.158636,3655,0.530478955,208.2224426,202.6454163,151.1436462
30458,B-20-1-11_masks.tif,102,7370,535.9411255,213.1019443,48.04044526,4.43588612,0.974258419,-8.868703831,5046.335821,1832.508548,6078,0.824694708,196.3946991,190.5159607,135.5286255
30459,B-20-1-11_masks.tif,103,13157,815.882251,297.284187,60.73585328,4.894706684,0.978907839,63.14765048,723.5102987,1818.792126,3010,0.228775557,208.1465149,201.6730957,147.4903717
30460,B-20-1-11_masks.tif,104,14373,925.3380951,334.6608583,65.03009625,5.146245779,0.980938904,46.23715583,1137.582829,1883.267724,9044,0.629235372,194.3135834,187.3907623,129.9195099
30461,B-20-1-11_masks.tif,105,6807,563.7401154,211.4719242,42.60144286,4.963961545,0.979498387,51.91232541,1230.609079,1801.987366,5900,0.866754811,181.6710205,175.4994965,140.8835602
30462,B-20-1-11_masks.tif,106,18289,918.5269119,395.3617328,63.42476471,6.233554584,0.987048502,-87.95596101,404.8782875,1796.295205,8047,0.439991252,191.6821136,187.0663605,127.0415039
30463,B-20-1-11_masks.tif,107,7626,643.254834,244.8385803,41.05524566,5.963636957,0.985840982,-71.10027315,2064.516391,1806.518489,7244,0.949908209,214.5298157,207.2575989,161.6206512
30464,B-20-1-11_masks.tif,108,7499,525.9411255,197.8880147,51.96333055,3.808224235,0.964907619,-13.98010001,5091.858781,1842.169356,5781,0.770902787,198.6760101,191.4315796,145.0643463
30465,B-20-1-11_masks.tif,109,6045,439.4558441,168.8023553,46.35293712,3.641675495,0.961558868,-81.2476713,2972.356328,1796.731348,5809,0.960959471,203.9893341,198.3129578,144.3256989
30466,B-20-1-11_masks.tif,110,5220,511.254834,196.3323379,36.04005842,5.447614308,0.983007277,-62.53212509,3015.230843,1830.712452,4904,0.939463602,196.5628052,185.2979126,148.8113708
30467,B-20-1-11_masks.tif,111,7563,626.2842712,231.0248524,49.47671425,4.669365294,0.976798185,-0.428101385,5227.002777,1909.115298,4346,0.574639693,211.6127472,209.7301025,157.2128448
30468,B-20-1-11_masks.tif,112,6821,561.1543289,207.9019397,42.79671883,4.857894375,0.978583451,54.38513199,1233.312271,1862.730391,5476,0.802814837,192.7675323,187.6904602,141.0383453
30469,B-20-1-11_masks.tif,113,8567,699.3969696,269.0265521,44.99743462,5.978708662,0.985912788,-63.57852122,2054.585853,1866.720089,8336,0.973036069,202.225769,194.3030243,147.2122192
30470,B-20-1-11_masks.tif,114,4620,480.1837662,199.0263128,33.17361792,5.999535935,0.986011118,-65.99384017,3041.680303,1850.229221,4136,0.895238095,216.0345764,209.906189,155.2345276
30471,B-20-1-11_masks.tif,115,4630,430.2842712,172.7671165,35.65141782,4.846009697,0.978477119,-69.23929427,3236.349676,1853.232613,4152,0.896760259,193.7507172,185.6596832,135.6016388
30472,B-20-1-11_masks.tif,116,9047,671.1543289,242.9480917,48.97443089,4.960712913,0.979471245,-61.52577235,2093.676357,1901.045208,8281,0.915331049,208.6872406,201.2535858,141.3785706
30473,B-20-1-11_masks.tif,117,18591,1064.669048,418.9750896,64.09338945,6.536946996,0.988229809,4.365594259,3464.979452,2054.467753,10515,0.565596256,202.4540253,195.0552521,146.0716095
30474,B-20-1-11_masks.tif,118,17344,1082.024387,413.331887,56.81189257,7.275446536,0.9905089,-22.56756747,3367.944476,2020.717309,6594,0.380189114,199.2192841,186.6319427,144.4956055
30475,B-20-1-11_masks.tif,119,4560,407.6984848,152.7515323,38.89661109,3.927116735,0.967035987,-68.65401342,3042.991009,1908.713158,2206,0.48377193,203.991394,189.2882996,134.3354492
30476,B-20-1-11_masks.tif,120,4268,468.1837662,185.6130567,34.55418451,5.37165207,0.982518975,-60.23806175,3063.320056,1932.059981,2063,0.483364574,188.1129456,176.0179291,135.3213806
30477,B-20-1-11_masks.tif,121,4566,385.1126984,144.1458276,41.68304055,3.458140906,0.95727694,-63.63500616,3257.17477,1915.930574,4158,0.91064389,202.2388153,195.6734009,143.4663239
30478,B-20-1-11_masks.tif,122,14396,1145.965512,408.4293686,64.79279353,6.303623387,0.987336667,43.72407711,885.0052792,2015.71638,6552,0.455126424,187.3278351,180.2713623,148.4919128
30479,B-20-1-11_masks.tif,123,4480,404.7695526,150.7067256,38.4533845,3.919205749,0.966900496,-56.9143198,2665.9125,1938.717188,4329,0.966294643,200.8939667,192.0450439,140.0189362
30480,B-20-1-11_masks.tif,124,12831,955.5807358,349.4413658,53.18577506,6.570203506,0.988349363,35.14987588,5196.695737,2061.622555,5365,0.418127971,186.2881622,186.2005615,124.4702682
30481,B-20-1-11_masks.tif,125,5466,453.8406204,159.3024618,44.66204075,3.566842426,0.959894922,-51.77698882,2702.25064,1976.694658,5080,0.929381632,208.3112183,201.1875916,155.3135834
30482,B-20-1-11_masks.tif,126,6398,519.4974747,193.8078341,43.57545058,4.447638097,0.974396058,-34.90332389,2744.53673,1997.95186,5916,0.924663957,211.6921844,204.7533875,150.8382416
30483,B-20-1-11_masks.tif,127,7572,667.3969696,241.9198535,42.55956091,5.684265729,0.984403713,-59.42622515,92.01848917,2025.720681,25,0.003301638,225.1199951,198.3200073,191.2400055
30484,B-20-1-11_masks.tif,128,5366,437.0121933,161.5370151,43.8169819,3.686630344,0.962508812,-42.7138746,2792.783265,2007.849609,5003,0.932351845,207.4461365,200.1930847,140.3635864
30485,B-20-1-11_masks.tif,129,11136,748.6101731,276.8686087,52.62243212,5.261417947,0.981771928,42.11393492,809.5438218,2058.778736,743,0.066720546,236.3068695,238.3378143,179.255722
30486,B-20-1-11_masks.tif,130,14504,974.0660172,360.5395809,54.52676392,6.612158048,0.9884976,43.45397294,793.8674848,2109.312672,8290,0.571566464,193.5044708,182.0515137,155.3295593
30487,B-20-1-11_masks.tif,131,9024,635.6984848,254.5860034,46.46314198,5.479310966,0.983204981,-8.339081536,5089.891733,2127.396831,6678,0.740026596,195.2502289,190.364624,138.1910706
30488,B-20-1-11_masks.tif,132,7175,624.8111832,212.5873478,49.88847811,4.261251412,0.972074408,-49.48162383,65.57073171,2094.205854,3575,0.49825784,195.6008453,191.5423737,149.8900757
30489,B-20-1-11_masks.tif,133,3952,365.1126984,136.4554943,38.34251121,3.558856475,0.959710949,-37.26801992,2920.242409,2063.999494,3770,0.953947368,197.5827637,185.2522583,133.2535858
30490,B-20-1-11_masks.tif,134,3848,304.7279221,117.5642544,43.25755677,2.7177738,0.929846286,2.746003818,5040.502079,2099.911902,3124,0.811850312,188.1094818,179.9951935,143.0297699
30491,B-20-1-11_masks.tif,135,5858,552.9116882,210.1709825,37.44012529,5.613522415,0.984004923,-30.98227385,2843.278764,2129.841755,5439,0.928473882,206.2327576,197.4329834,146.1921234
30492,B-20-1-11_masks.tif,136,6810,488.9116882,169.195101,54.58961819,3.099400703,0.946520725,-34.66189709,2962.395301,2117.1837,5852,0.859324523,202.7706757,193.3224487,135.1772003
30493,B-20-1-11_masks.tif,137,15649,959.0538239,384.8593214,59.99790162,6.41454636,0.987773527,68.37909671,3650.210684,2229.717554,6006,0.383794492,198.33284,192.8170166,154.7211151
30494,B-20-1-11_masks.tif,138,3760,415.5979797,154.7352528,33.08398477,4.677044012,0.976875208,-57.13446234,2425.439628,2194.717819,3675,0.977393617,198.365448,188.1066742,133.0895233
30495,B-20-1-11_masks.tif,139,11561,843.1543289,323.5081594,46.93456491,6.89274866,0.989419927,71.53739662,3719.046882,2212.005795,5347,0.462503244,192.1236267,185.5547028,152.6579437
30496,B-20-1-11_masks.tif,140,3870,394.7695526,146.2412255,34.83030301,4.198677959,0.971223431,-33.64656267,2879.026615,2221.214987,3664,0.946770026,206.614624,196.9451447,133.6724854
30497,B-20-1-11_masks.tif,141,4610,530.9116882,199.0073079,31.4938469,6.318926632,0.98739832,-55.50550399,2404.645553,2240.8141,4228,0.917136659,205.104538,195.916275,138.0946045
30498,B-20-1-11_masks.tif,142,5157,428.2842712,165.0674733,41.26808262,3.999882302,0.968243937,-14.77601651,1209.229979,2278.566415,3782,0.733372116,197.8574829,189.4849243,151.4862518
30499,B-20-1-11_masks.tif,143,3724,394.7695526,149.3802573,32.7366051,4.563095559,0.975691297,-33.04858716,1258.791085,2282.13695,3367,0.904135338,199.7288361,192.4624329,141.6626129
30500,B-20-1-11_masks.tif,144,15267,944.1248917,343.0319606,58.86684675,5.827252173,0.985165406,22.31660432,1518.394839,2422.85616,9017,0.590620292,191.9933472,184.9059601,138.7392731
30501,B-20-1-11_masks.tif,145,15559,915.254834,361.4504897,57.01202426,6.339899247,0.987482083,-77.65402949,3906.29687,2295.461212,7612,0.489234527,197.5966949,187.1974487,140.0907745
30502,B-20-1-11_masks.tif,146,13807,868.0832611,323.0750091,58.45363294,5.527030449,0.983496163,-12.79381216,1687.10415,2428.003766,8543,0.618744115,201.4707947,191.048111,143.3148804
30503,B-20-1-11_masks.tif,147,7718,597.4974747,198.5862316,51.7171717,3.839850963,0.965493602,-24.22252821,47.8730241,2379.309666,5449,0.70601192,199.253067,192.8829193,159.991745
30504,B-20-1-11_masks.tif,148,8814,658.5685425,257.5903359,46.23952765,5.570782164,0.983756512,-28.06978561,89.070683,2397.390515,7666,0.869752666,205.4733887,198.6326599,145.9292908
30505,B-20-1-11_masks.tif,149,4742,407.1126984,155.1283325,40.34307561,3.845228213,0.965591762,-23.43133613,148.0333193,2370.259595,4390,0.925769717,192.3968048,184.0558014,143.3366699
30506,B-20-1-11_masks.tif,150,11175,731.9827561,264.0136396,56.30439932,4.689041049,0.976994779,-23.27779864,1741.968054,2437.38613,7890,0.706040268,202.8300323,193.5552673,148.2050629
30507,B-20-1-11_masks.tif,151,10675,697.8406204,271.0817466,51.11005561,5.303882833,0.982065297,-18.84948808,1785.76281,2491.467447,8668,0.811990632,202.6852722,194.0476532,139.5062256
30508,B-20-1-11_masks.tif,152,14126,911.2375901,332.1864706,54.84779592,6.056514488,0.986274913,41.91971773,4080.33541,2484.942447,7733,0.54743027,192.3562622,182.9701233,135.661972
30509,B-20-1-11_masks.tif,153,15708,955.5807358,352.7911569,59.65838674,5.913521571,0.985598217,36.00772262,4040.839445,2518.669404,7373,0.469378661,192.653595,181.0138397,140.1624908
30510,B-20-1-11_masks.tif,154,15075,906.8528137,336.2664729,58.15592168,5.782153617,0.984931318,60.20980592,3851.775854,2465.701028,6578,0.436351575,195.1263275,191.4109192,143.8005524
30511,B-20-1-11_masks.tif,155,20727,1320.894444,499.8649555,62.74273833,7.966897347,0.992091168,25.08284097,3728.594587,2632.416799,7590,0.366189029,188.8387299,181.6688995,141.724762
30512,B-20-1-11_masks.tif,156,11662,818.4680374,307.5526032,50.25407592,6.119953408,0.986559912,22.59615344,3681.909192,2629.726119,5849,0.501543475,203.4995728,194.7840729,156.7336273
30513,B-20-1-11_masks.tif,157,14553,901.3553391,355.1448111,58.48508592,6.072399579,0.986347123,83.15689633,480.8989899,2534.276369,9394,0.645502646,193.187027,186.7709198,134.2610168
30514,B-20-1-11_masks.tif,158,9277,677.6396103,255.0422485,47.88124885,5.326557987,0.982219047,-33.26134234,3443.720815,2628.499731,6488,0.699364019,209.5090942,204.8016357,149.670166
30515,B-20-1-11_masks.tif,159,11673,757.6984848,323.5975635,49.1494235,6.583954408,0.988398264,80.9705649,472.5702904,2577.913818,5660,0.484879637,205.2416992,199.402832,172.0514069
30516,B-20-1-11_masks.tif,160,7363,758.9116882,312.4811176,34.53316652,9.04872472,0.9938747,-71.45751014,1010.140568,2631.342931,4657,0.632486758,194.094696,187.2823639,145.0146027
30517,B-20-1-11_masks.tif,161,4691,385.9411255,133.8437452,45.60099845,2.935105585,0.940170888,-30.44237348,39.33574931,2639.579407,4068,0.867192496,204.3156281,199.0545654,150.3001404
30518,B-20-1-11_masks.tif,162,13449,792.6690476,315.6470774,54.86211693,5.753461497,0.984779486,73.01240763,429.3235185,2630.776786,12099,0.89962079,199.6324463,192.2310944,157.1470337
30519,B-20-1-11_masks.tif,163,4919,396.8700577,151.1768443,42.52872926,3.554699305,0.959614675,-20.21023459,76.82293149,2656.836552,3706,0.753405164,198.3758698,190.5423584,141.648407
30520,B-20-1-11_masks.tif,164,11060,794.7106781,289.5906596,53.31482411,5.431709931,0.982906753,62.02561222,377.8415009,2677.14774,8500,0.768535262,191.7057648,183.2286987,152.276001
30521,B-20-1-11_masks.tif,165,5583,577.0121933,219.4718333,37.77514099,5.809954048,0.985076269,-70.00246832,1002.617052,2664.899516,3234,0.579258463,196.0921478,189.9041443,145.8351898
30522,B-20-1-11_masks.tif,166,8674,698.7695526,259.3608312,44.72359774,5.799194259,0.985020418,-79.06438381,1703.586926,2645.727346,5079,0.585543002,191.9381714,185.7220001,145.3742828
30523,B-20-1-11_masks.tif,167,6675,549.3969696,205.2903169,43.81153316,4.685759709,0.976962168,-45.53967922,3458.857378,2690.963596,5658,0.847640449,198.0874939,188.8480072,141.3548889
30524,B-20-1-11_masks.tif,168,13156,807.882251,307.5364155,55.17351753,5.573986023,0.983775334,-65.61959111,3939.872226,2692.22408,6664,0.506536941,193.0502777,183.8314819,130.2253876
30525,B-20-1-11_masks.tif,169,9495,616.3259018,224.643055,55.30152916,4.062149066,0.969225368,62.02090424,670.6409689,2686.240548,6478,0.682253818,186.5677643,175.7644348,136.0472412
30526,B-20-1-11_masks.tif,170,9782,627.1543289,230.678569,55.07215109,4.188660954,0.971083579,-33.89409441,1062.855551,2720.282458,7315,0.747802085,200.3192139,192.8340454,135.2679443
30527,B-20-1-11_masks.tif,171,18986,1111.941125,496.84237,49.96092742,9.944618637,0.994931309,4.702991033,3566.237649,2904.695776,6821,0.359264721,193.1279907,182.6569366,137.7000427
30528,B-20-1-11_masks.tif,172,19372,1134.509668,449.1871997,56.26379832,7.983591815,0.992124341,24.69259637,3699.358765,2844.930518,12934,0.667664671,200.2484131,190.1825409,152.5242767
30529,B-20-1-11_masks.tif,173,9452,582.5685425,213.2902093,56.89333461,3.74894899,0.963768132,51.56269502,836.1265341,2746.224926,6138,0.649386373,185.2911377,176.0923767,142.2737122
30530,B-20-1-11_masks.tif,174,11597,990.1248917,405.3087006,72.16303324,5.616569626,0.984022415,21.45712741,3640.528326,2879.457705,5874,0.506510304,210.675354,206.378952,165.6521912
30531,B-20-1-11_masks.tif,175,14706,859.9411255,345.1416126,58.34772258,5.915254227,0.985606715,0.909103091,3519.769074,2927.624303,8490,0.577315381,200.7405243,189.2225037,150.4670258
30532,B-20-1-11_masks.tif,176,6724,432.627417,172.1837431,51.20666441,3.362526051,0.954754386,-84.14556742,475.1731112,2770.728584,6092,0.906008328,198.4397583,191.6968231,155.5438232
30533,B-20-1-11_masks.tif,177,10009,682.6690476,258.7250572,54.6405416,4.735038299,0.977444697,20.27556618,3764.498651,2876.140773,4153,0.414926566,198.3443298,195.186615,157.5957184
30534,B-20-1-11_masks.tif,178,6472,393.5563492,157.3234272,54.03696372,2.911403905,0.939161124,-87.23755489,487.1416873,2815.175989,5469,0.845024722,195.78479,187.1837616,147.1259766
30535,B-20-1-11_masks.tif,179,5654,500.3847763,214.098244,35.9523278,5.955059298,0.985799869,-5.026272021,778.6264591,2888.470463,5544,0.980544747,193.2545166,185.7570343,150.4381256
30536,B-20-1-11_masks.tif,180,4947,402.3847763,165.2613124,40.31324754,4.099429407,0.969791235,-10.65166383,719.0654942,2867.498282,4293,0.867798666,198.6063385,191.0274811,139.410202
30537,B-20-1-11_masks.tif,181,11438,730.4264069,290.7630746,51.76220882,5.617284912,0.984026517,-75.15685819,941.4323308,2925.581395,6319,0.552456723,191.7801819,185.9091644,140.8640594
30538,B-20-1-11_masks.tif,182,7651,579.6984848,238.3395926,42.92554244,5.552395591,0.983647859,-10.05862223,607.6009672,3074.172396,6807,0.889687623,205.704422,198.636261,154.2614899
30539,B-20-1-11_masks.tif,183,7801,583.7401154,224.8725282,45.09208032,4.986962824,0.979689025,31.54802722,488.8607871,3048.042815,6831,0.875656967,181.1381989,174.2752228,137.9311981
30540,B-20-1-11_masks.tif,184,8008,508.0416306,209.4048392,49.90613459,4.19597392,0.971185779,-10.12089472,652.6456044,3050.368132,7214,0.900849151,193.8538971,185.9763031,144.7747498
30541,B-20-1-11_masks.tif,185,7277,596.0416306,261.3306398,37.29810901,7.006538582,0.989762552,7.754299613,980.325134,3110.94517,5330,0.732444689,196.7058105,185.794754,151.5189514
30542,B-20-1-11_masks.tif,186,8312,606.5685425,220.7812961,49.66210129,4.445669642,0.97437308,30.23147358,467.1053898,3092.077117,7011,0.843479307,201.437027,195.2523193,147.4970703
30543,B-20-1-11_masks.tif,187,13269,817.0538239,311.2201758,56.82720249,5.476605607,0.983188242,64.36821936,3435.951541,3059.398674,8540,0.643605396,186.7810364,177.5314941,136.1469574
30544,B-20-1-11_masks.tif,188,5390,410.627417,156.2202263,45.78372754,3.412134283,0.956090465,14.86982906,1014.273469,3085.984787,5148,0.955102041,188.8302307,178.6487885,142.2377625
30545,B-20-1-11_masks.tif,189,10121,755.1959595,273.4049119,50.70231622,5.392355464,0.982654133,54.15851502,3432.209169,3124.112736,4726,0.466949906,193.702713,185.277832,145.1436768
30546,B-20-1-11_masks.tif,190,16873,1120.793939,418.986822,57.6168711,7.271946811,0.990499718,-41.93525061,3944.521425,3283.715285,8646,0.512416286,202.9693451,194.9081726,150.1587982
30547,B-20-1-11_masks.tif,191,12080,727.2964646,219.1425308,73.32019968,2.988842525,0.942368174,-47.0153276,3873.885513,3275.225414,3942,0.326324503,204.7795563,193.9837646,149.6626129
30548,B-20-1-11_masks.tif,192,15627,959.254834,374.4363196,57.26013937,6.539214254,0.988238019,-81.1572763,1430.493761,3240.76643,6042,0.38663851,188.6430054,178.3008881,122.1469727
30549,B-20-1-11_masks.tif,193,13157,920.2842712,371.5371226,48.8742154,7.601904596,0.99131007,-86.86182476,1022.405412,3544.78749,6978,0.530364065,183.1092072,172.9178772,130.0775299
30550,B-20-1-11_masks.tif,194,5921,446.3847763,177.4099952,45.6476688,3.886507238,0.966331458,-83.44191966,1215.767269,3607.772674,3474,0.586725215,185.3621216,177.168396,131.9927979
30551,B-20-1-11_masks.tif,195,1771,227.5563492,80.44648194,31.56604481,2.548513203,0.919800796,-47.57516075,149.6521739,3619.550536,1290,0.728402033,191.8658905,187.3589172,141.6031036
30552,B-20-1-11_masks.tif,196,4661,426.1421356,179.9466365,35.48705456,5.070768444,0.980361516,-87.25206865,1063.322034,3628.531216,3801,0.815490238,194.0218353,187.7440186,148.7284851
30553,B-20-1-12_masks.tif,1,3639,307.5563492,113.3266408,43.16757381,2.625272416,0.924610945,-1.375584544,4257.904919,50.76394614,2390,0.656773839,185.8602448,181.5414276,124.2832642
30554,B-20-1-12_masks.tif,2,8054,555.5979797,206.8387578,51.34472015,4.028432859,0.968699717,67.05095434,4117.919171,112.3598212,5248,0.651601689,190.0104828,191.1351013,140.14711
30555,B-20-1-12_masks.tif,3,6766,570.5269119,229.4544726,42.72993772,5.36987613,0.982507307,-73.05306005,4296.581141,145.7524387,5745,0.849098433,201.9808502,198.4008636,147.1164551
30556,B-20-1-12_masks.tif,4,9632,590.5269119,216.9437266,59.99903271,3.615787068,0.960995226,84.60673856,4651.23588,193.6812708,4373,0.454007475,198.7662964,194.9249878,140.608963
30557,B-20-1-12_masks.tif,5,7583,581.9411255,233.4125108,45.08780182,5.176843878,0.981165718,-75.42471464,4173.732428,223.5867071,6979,0.920348147,204.938385,198.7738953,156.2334137
30558,B-20-1-12_masks.tif,6,8408,623.6396103,229.7252687,47.23343264,4.863615787,0.978634359,-53.54084722,4341.458968,271.559705,7390,0.878924833,204.4399261,197.8806458,144.3071747
30559,B-20-1-12_masks.tif,7,8053,557.5979797,214.5850973,49.31564011,4.351258482,0.97323349,-69.20766665,3386.401962,260.2576679,6130,0.761207004,200.1308289,196.5998383,130.780426
30560,B-20-1-12_masks.tif,8,8934,643.0121933,251.9612653,45.80900896,5.500255759,0.983333729,-70.22559791,4189.532013,264.1855832,7498,0.839265726,205.7918091,199.7964783,155.5976257
30561,B-20-1-12_masks.tif,9,12535,842.5685425,329.5264579,51.25912112,6.42864042,0.987827408,69.48803948,1714.743837,460.5141604,5377,0.428958915,185.1257172,182.2679901,145.361908
30562,B-20-1-12_masks.tif,10,6141,519.4974747,195.6058911,41.92710511,4.66538032,0.97675806,-29.97791825,4406.047875,477.8897574,4868,0.792704771,216.4574738,209.8707886,148.8890686
30563,B-20-1-12_masks.tif,11,10810,607.2132034,256.7858289,57.27745199,4.483192251,0.974805782,88.41427978,1481.257262,504.4336725,3152,0.291581869,203.635788,203.053299,148.6180267
30564,B-20-1-12_masks.tif,12,3784,302.627417,97.32216504,50.51076821,1.926760738,0.854770717,-15.16652626,1288.30629,536.8276956,2351,0.621300211,198.6771545,192.9085541,150.3585663
30565,B-20-1-12_masks.tif,13,9849,677.7401154,215.4937661,64.66268689,3.332582923,0.953917955,58.54388203,5359.484719,555.2019494,6382,0.647984567,202.1830139,196,147.9732056
30566,B-20-1-12_masks.tif,14,10786,773.882251,282.2994874,53.51131563,5.275510125,0.98187008,59.44899436,5324.948544,595.0162247,5128,0.475431114,191.7299194,193.8900146,141.9064026
30567,B-20-1-12_masks.tif,15,5409,450.8700577,176.9321372,40.31832739,4.388379893,0.973690505,-12.53760595,1318.202256,587.2222222,4780,0.883712331,199.7621307,193.0341034,143.7711334
30568,B-20-1-12_masks.tif,16,4550,382.7695526,135.1101021,44.00461292,3.070362243,0.945475073,-39.62538933,4478.151429,571.1789011,3816,0.838681319,203.4785156,194.2078094,143.4237366
30569,B-20-1-12_masks.tif,17,5521,447.254834,158.4329238,46.98968992,3.37165289,0.955004771,-44.39267531,1638.426915,580.6900924,4664,0.844774497,199.0894012,191.0613251,140.0038605
30570,B-20-1-12_masks.tif,18,13764,833.1959595,307.0065776,58.0204729,5.29134911,0.981979451,32.56129475,1452.079919,662.1235833,8578,0.623219994,187.653183,183.7821198,130.2288361
30571,B-20-1-12_masks.tif,19,16987,731.0538239,175.6398663,131.108255,1.339655282,0.665429519,-40.26464963,2279.39854,656.8103255,5107,0.300641667,197.1991425,189.4282379,151.5909576
30572,B-20-1-12_masks.tif,20,5796,454.627417,161.6640296,48.40446231,3.339857977,0.954123314,2.092909532,1359.956004,678.4434092,3287,0.567115252,186.8408813,179.5025787,144.4313965
30573,B-20-1-12_masks.tif,21,2552,231.3137085,83.50153527,40.02555663,2.086205472,0.87762974,-11.91175805,1272.284483,634.6018809,2139,0.838166144,197.9668121,190.1304321,150.1856079
30574,B-20-1-12_masks.tif,22,5476,369.7989899,136.0975616,52.41851066,2.596364526,0.922852345,-82.42979579,1676.700329,641.9231191,3815,0.696676406,194.7895203,191.7410278,135.8880768
30575,B-20-1-12_masks.tif,23,16267,927.0954544,338.5658197,65.40972619,5.176077618,0.981160088,31.66658314,2656.966742,766.5626729,7750,0.476424663,192.4325104,188.0237427,142.8659363
30576,B-20-1-12_masks.tif,24,15068,1036.208153,367.8917459,55.36618843,6.644700607,0.988610638,48.11585467,3697.935824,729.692859,6924,0.459516857,190.8807068,185.5531464,127.955658
30577,B-20-1-12_masks.tif,25,11334,744.5685425,277.385573,58.52476127,4.739627586,0.977488859,23.13993567,1226.17346,749.5074996,6323,0.557878948,188.122879,178.7458496,134.0744934
30578,B-20-1-12_masks.tif,26,14084,859.5807358,316.3191885,57.39846762,5.510934379,0.9833988,44.84692887,1608.604729,728.7530531,8084,0.573984663,190.0335236,185.1046448,131.9443359
30579,B-20-1-12_masks.tif,27,15902,860.4264069,338.6749704,64.49350886,5.251303215,0.981700986,7.094576596,1792.270532,795.3919004,0,0,,,
30580,B-20-1-12_masks.tif,28,13384,974.6101731,379.78615,47.16409751,8.052441793,0.992258965,25.50978901,1894.188733,804.208682,8468,0.632695756,196.4159241,193.583847,152.6504517
30581,B-20-1-12_masks.tif,29,7121,504.2842712,197.4079217,47.34956626,4.169160085,0.970808362,12.85052104,1732.311192,771.8371015,0,0,,,
30582,B-20-1-12_masks.tif,30,19268,1271.865007,454.7036657,59.23966468,7.675662381,0.99147699,-32.38594553,2401.894955,911.1737077,6889,0.357535811,201.0550079,190.6427612,126.8089676
30583,B-20-1-12_masks.tif,31,11677,838.7106781,315.3608743,57.80935415,5.455187641,0.983054832,27.69142532,1645.476578,900.8410551,8154,0.698295795,189.2515259,180.6193237,141.4099884
30584,B-20-1-12_masks.tif,32,18358,1107.622366,408.6540972,62.33230887,6.556055834,0.988298728,-43.15175505,3020.494825,920.4131169,7215,0.393016668,206.9808807,195.8432465,135.0615387
30585,B-20-1-12_masks.tif,33,15976,891.5391052,333.5993533,67.46873582,4.944502802,0.979334998,24.67888166,1571.013958,960.9201302,4610,0.288557837,189.4668121,179.6642151,151.2832947
30586,B-20-1-12_masks.tif,34,13360,858.1248917,323.5299225,54.19378682,5.969871115,0.98587075,23.8858978,1623.841991,953.9159431,749,0.056062874,188.6996002,172.5714264,137.3992004
30587,B-20-1-12_masks.tif,35,14328,875.0121933,363.5281378,53.74748779,6.763630315,0.989009857,10.35704778,1408.370952,984.1659687,3050,0.212869905,180.8645935,175.2032776,139.0800018
30588,B-20-1-12_masks.tif,36,13032,799.4386002,295.2262792,58.01009758,5.089222247,0.980505091,38.9652364,1751.897406,943.0326888,6761,0.518799877,191.3537903,182.9605103,127.3205185
30589,B-20-1-12_masks.tif,37,7731,618.0832611,237.2351906,42.43108139,5.591071047,0.983875152,-27.11780835,3647.514422,976.6730048,3982,0.515069202,203.8505707,193.942749,154.4866943
30590,B-20-1-12_masks.tif,38,13735,646.8700577,266.627838,68.39903204,3.898122971,0.966535281,87.19433856,5250.344157,911.1898071,247,0.017983254,228.3562775,208.615387,185.9230804
30591,B-20-1-12_masks.tif,39,4463,415.5979797,151.546026,38.40354273,3.946147028,0.967358511,-37.97188056,3571.76294,944.9518261,3101,0.694824109,216.8010254,210.1712341,155.6891327
30592,B-20-1-12_masks.tif,40,5960,518.9116882,188.5057365,41.69157608,4.521434645,0.975235556,-42.83738163,4138.699832,957.9602349,5627,0.944127517,205.187851,197.8402405,140.7895813
30593,B-20-1-12_masks.tif,41,13220,748.8700577,326.856733,54.5007313,5.997290774,0.986000568,-87.09770239,2163.916868,934.5866868,11193,0.84667171,205.5529327,201.0174255,161.3442383
30594,B-20-1-12_masks.tif,42,17409,1135.965512,393.1641953,72.64074515,5.412447167,0.9827838,50.91444125,3246.823884,1081.775978,8581,0.492905968,199.6637878,195.3035736,152.1556854
30595,B-20-1-12_masks.tif,43,5330,448.7695526,174.1610233,41.1377267,4.233608352,0.971703215,-27.66192009,3680.826829,993.8135084,4896,0.918574109,210.3564148,204.0765991,152.119278
30596,B-20-1-12_masks.tif,44,11298,766.2253967,291.6189566,50.27402933,5.800588505,0.985027672,66.13792259,5236.850062,992.7704018,9653,0.854399009,193.5804443,189.1250458,145.8265839
30597,B-20-1-12_masks.tif,45,7413,547.9827561,203.5695941,47.30061186,4.303741243,0.972630814,-42.24469458,3472.839876,1009.571968,6066,0.818292189,202.5430298,193.7919617,131.478241
30598,B-20-1-12_masks.tif,46,5433,507.7401154,191.0210104,37.19148416,5.136149168,0.980863158,-45.03705713,4170.290999,1007.562304,5100,0.938707896,195.5409851,185.0452881,130.2615662
30599,B-20-1-12_masks.tif,47,10739,702.2842712,281.5974741,49.92579795,5.640319948,0.98415777,-82.22282296,2118.210075,983.2830804,5957,0.554707142,199.420517,192.2229309,147.670639
30600,B-20-1-12_masks.tif,48,9819,595.7401154,208.4101191,61.04462007,3.414062023,0.956141175,-62.42648531,2194.562583,1030.099399,8375,0.852938181,205.3561859,197.6851349,155.9460297
30601,B-20-1-12_masks.tif,49,4917,416.1837662,147.4855238,44.42824658,3.319634132,0.95354898,-34.81688325,3562.748831,1050.838723,4359,0.886516168,207,195.434967,148.7425995
30602,B-20-1-12_masks.tif,50,6740,506.5269119,197.5243216,44.9832191,4.391066836,0.973723127,70.53023242,5210.53635,1041.789763,5071,0.752373887,195.9033661,193.0761261,158.9946747
30603,B-20-1-12_masks.tif,51,11570,767.4974747,309.9360481,48.33724179,6.411951461,0.987763567,-17.88397741,4948.62688,1149.413915,7852,0.678651685,203.2060547,194.0547638,138.2465668
30604,B-20-1-12_masks.tif,52,7379,554.6690476,213.5526713,44.89610684,4.756596649,0.977651021,-63.2098319,2204.867055,1077.506708,6618,0.896869495,209.5175323,203.1604767,150.2984314
30605,B-20-1-12_masks.tif,53,11331,734.9116882,281.6891353,52.23248261,5.392987681,0.982658235,-69.50165368,3700.301739,1092.121437,9546,0.842467567,204.8744965,198.9086456,145.0634766
30606,B-20-1-12_masks.tif,54,8235,692.8700577,317.9654694,35.65417328,8.91804353,0.993693296,-7.109177277,4994.035216,1193.904797,110,0.01335762,227.8818207,214.0636292,208.0272675
30607,B-20-1-12_masks.tif,55,16555,1095.823376,419.5063117,54.98045448,7.630099018,0.991374452,60.6204284,3224.559348,1184.390214,5377,0.324796134,199.6817932,194.3739929,152.556076
30608,B-20-1-12_masks.tif,56,8146,499.2132034,191.3516586,55.59181778,3.442083137,0.95686839,-7.321002559,5071.567395,1160.610729,0,0,,,
30609,B-20-1-12_masks.tif,57,6112,438.1837662,161.4552519,49.13048118,3.286254235,0.952576945,-34.17958653,5320.120255,1148.741492,5528,0.904450262,202.515564,195.5336456,152.590271
30610,B-20-1-12_masks.tif,58,11399,782.4264069,297.9828532,52.40048911,5.686642592,0.984416851,-11.60039702,4392.397403,1256.252654,5907,0.518203351,204.8481445,199.3590698,143.7264252
30611,B-20-1-12_masks.tif,59,14322,1057.379726,392.2538389,54.27802442,7.22675232,0.990379942,43.95240768,1686.25199,1251.122539,6231,0.435064935,196.462204,190.6968384,159.5662079
30612,B-20-1-12_masks.tif,60,6070,448.1837662,164.784239,47.87479628,3.441983085,0.956865826,-33.04961234,5347.033278,1187.462273,5536,0.912026359,204.460083,198.21875,151.9609833
30613,B-20-1-12_masks.tif,61,12519,1002.793939,358.326179,46.67946408,7.676313044,0.991478441,43.92860148,1654.997684,1273.650691,4877,0.389567857,197.4463806,190.3545227,154.3475494
30614,B-20-1-12_masks.tif,62,14747,833.4558441,372.6439296,53.61667033,6.950150528,0.989594884,0.568237049,4546.256798,1317.488303,7588,0.514545331,196.7664795,191.0301819,146.9533539
30615,B-20-1-12_masks.tif,63,7841,601.9827561,222.1952023,47.88369316,4.640310462,0.976503217,-32.23912138,5149.564724,1268.071419,7117,0.907664839,203.8471222,192.0699768,136.1438751
30616,B-20-1-12_masks.tif,64,12935,750.0832611,289.5383714,62.30795666,4.646892419,0.976570531,17.72963367,4697.695477,1312.708079,8300,0.641669888,192.3566284,187.4774628,139.433136
30617,B-20-1-12_masks.tif,65,7291,528.1837662,182.8088636,56.0997812,3.25863773,0.951749279,-20.56171661,5097.52023,1263.689617,5636,0.773007818,204.5997162,194.0354919,126.9047165
30618,B-20-1-12_masks.tif,66,20410,1106.911688,475.2293325,69.97661948,6.791258795,0.989099588,8.09508566,4607.225821,1416.480059,8729,0.427682509,194.5831146,187.7927551,147.0571594
30619,B-20-1-12_masks.tif,67,8170,538.5685425,198.3667873,54.26631771,3.655431135,0.961853364,-43.60867528,1323.009792,1295.1388,6916,0.846511628,204.9616852,196.4755707,147.6458893
30620,B-20-1-12_masks.tif,68,13566,763.254834,273.8543119,65.10205233,4.206538843,0.971332467,8.770155654,4650.473684,1369.396727,8700,0.641309155,196.1472473,187.2210388,141.8612671
30621,B-20-1-12_masks.tif,69,18793,1146.551299,413.8795188,65.37097474,6.331242887,0.987447612,33.76409778,2040.888788,1413.117224,6489,0.345288139,188.5771332,183.4912872,133.1020203
30622,B-20-1-12_masks.tif,70,3074,300.2842712,97.27637104,41.676358,2.334090014,0.903573793,-37.79088565,1366.555628,1308.103123,2627,0.854586858,199.2756042,189.8431702,138.1751099
30623,B-20-1-12_masks.tif,71,10347,656.1837662,251.1733039,55.00983448,4.565970909,0.975722284,-15.14030313,36.21184885,1415.149995,7661,0.740407848,197.9635773,190.6303406,151.2290802
30624,B-20-1-12_masks.tif,72,9843,691.6984848,286.7080817,44.67293235,6.417937365,0.987786523,-9.728210716,75.22757289,1456.748755,7586,0.77069999,192.5214844,182.3887482,143.8457642
30625,B-20-1-12_masks.tif,73,2583,258.0416306,88.58368656,38.12313636,2.323620117,0.902655934,-42.14267846,1310.448316,1366.469996,2366,0.91598916,210.9484406,200.5874939,133.4885864
30626,B-20-1-12_masks.tif,74,7742,467.2132034,189.3910167,52.91394166,3.579227152,0.960177729,80.52006045,1077.832214,1432.280677,6701,0.865538621,192.0931244,187.3290558,140.2530975
30627,B-20-1-12_masks.tif,75,10104,650.6690476,243.1678116,56.09657181,4.33480699,0.973027114,64.11452459,274.9060768,1514.619161,6606,0.653800475,184.4441376,177.5805359,138.1634827
30628,B-20-1-12_masks.tif,76,9338,568.1837662,220.8011993,55.79745386,3.957191305,0.967543509,69.24038556,278.5113515,1574.338723,7445,0.797279931,195.949234,187.0249786,132.5716553
30629,B-20-1-12_masks.tif,77,7498,545.5979797,213.9378342,46.37935197,4.612781876,0.976218502,-67.37304171,898.0290744,1574.616298,6786,0.905041344,201.2363739,195.4342804,146.881958
30630,B-20-1-12_masks.tif,78,23565,1374.007143,512.8991447,63.87249259,8.030047425,0.992215559,56.83512909,4567.797242,1704.839211,7192,0.305198387,193.7641754,185.1870117,135.515152
30631,B-20-1-12_masks.tif,79,23304,1272.208153,477.1379857,64.23607287,7.427882253,0.990896228,59.88195909,4606.27579,1664.384226,7384,0.316855475,190.624588,182.4420319,131.6527557
30632,B-20-1-12_masks.tif,80,6794,481.9411255,184.5947073,48.08344902,3.8390488,0.965478922,-67.65302868,934.0128054,1605.924345,5502,0.809832205,196.735733,190.6822968,150.759903
30633,B-20-1-12_masks.tif,81,7601,521.9411255,196.9645708,50.30826086,3.915153644,0.96683077,-80.56772276,584.3953427,1600.773319,6728,0.885146691,194.51828,189.8093109,150.460022
30634,B-20-1-12_masks.tif,82,8949,603.1126984,252.72988,46.01179324,5.492719632,0.983287576,-78.63348888,605.7663426,1646.348978,7119,0.795507878,198.7003784,194.9150085,159.739563
30635,B-20-1-12_masks.tif,83,18250,917.1126984,391.6592885,60.35454475,6.489308968,0.988055317,89.71843864,2996.209863,1714.387288,5702,0.312438356,190.9051208,182.0355988,123.3933716
30636,B-20-1-12_masks.tif,84,11171,728.0832611,285.6781579,51.37317217,5.560843254,0.983697915,-72.28377629,3476.490108,1744.179035,0,0,,,
30637,B-20-1-12_masks.tif,85,18136,1126.325902,532.7904916,52.94559413,10.06298069,0.99505014,-79.13487642,3613.744817,1759.326312,8691,0.479212616,194.2224121,186.3123932,136.4636993
30638,B-20-1-12_masks.tif,86,10689,535.9411255,198.0799857,69.46145915,2.851653106,0.936497674,75.44860861,1386.184208,1791.539433,6912,0.646646085,193.9982605,187.5583038,135.5888367
30639,B-20-1-12_masks.tif,87,9671,689.0121933,287.3814975,44.74887823,6.42209389,0.987802425,15.08951073,3330.063385,1897.564988,7436,0.768896701,193.1647339,185.6959381,154.6394501
30640,B-20-1-12_masks.tif,88,10251,738.1248917,262.588065,50.62038801,5.187397318,0.981243007,32.54171356,3255.518584,1875.633792,6327,0.617208077,198.1161652,193.996994,153.1571045
30641,B-20-1-12_masks.tif,89,11433,673.254834,262.1189719,57.91290298,4.526089324,0.97528711,-17.87407795,3111.581125,1910.905712,4582,0.400769702,191.6992645,181.5707092,133.5405884
30642,B-20-1-12_masks.tif,90,8492,688.4680374,248.0771063,48.59032858,5.1054832,0.980630301,-56.1138998,3495.133655,1862.736105,881,0.103744701,198.1509705,182.3144226,146.108963
30643,B-20-1-12_masks.tif,91,7130,673.5391052,252.4342228,38.52191409,6.553003108,0.988287759,-54.82468217,3529.098597,1880.369144,2411,0.338148668,207.9120636,198.7187958,143.3442535
30644,B-20-1-12_masks.tif,92,9647,613.1543289,225.676457,56.9594525,3.962054534,0.96762447,33.09906974,3223.761377,1911.503473,0,0,,,
30645,B-20-1-12_masks.tif,93,10125,704.9116882,256.3549018,55.42082673,4.625605877,0.976351778,66.12263627,1665.678222,1885.818272,6645,0.656296296,187.0946503,183.0576324,138.0123444
30646,B-20-1-12_masks.tif,94,6177,439.1126984,162.3292262,49.18603388,3.300311357,0.952990011,-74.66827288,1339.365226,1879.81253,4457,0.721547677,201.1200409,196.5768433,153.8586426
30647,B-20-1-12_masks.tif,95,8835,667.9827561,260.4358778,48.26876171,5.395536754,0.982674762,-27.17214122,2426.911715,1970.33039,4291,0.485681947,201.7231445,192.6299286,153.1889954
30648,B-20-1-12_masks.tif,96,22236,1137.195959,447.2753208,71.011272,6.298652428,0.987316542,19.55781734,4430.387885,2068.714427,6941,0.312151466,185.7411041,177.0139771,115.8194809
30649,B-20-1-12_masks.tif,97,22627,1105.497475,469.0179554,78.62930708,5.964925455,0.985847142,86.53218651,5013.810978,1923.131657,5987,0.264595395,187.6370544,179.5119476,120.7995682
30650,B-20-1-12_masks.tif,98,4860,367.2132034,142.3194093,44.55083347,3.194539769,0.949741875,-78.33892272,1365.621399,1916.353292,1843,0.379218107,206.8795471,202.6777039,155.8052063
30651,B-20-1-12_masks.tif,99,6266,498.0832611,183.7208762,44.475567,4.130827071,0.970255726,-33.4969408,2369.440153,1993.437121,4777,0.762368337,201.0002136,192.9941406,157.3615265
30652,B-20-1-12_masks.tif,100,15001,934.5685425,365.4154557,59.9857507,6.091704303,0.986434113,73.52661067,2133.184854,1975.845077,10332,0.688754083,197.293457,191.9416351,152.0695953
30653,B-20-1-12_masks.tif,101,6776,486.5269119,179.602413,52.87844464,3.39651467,0.955676297,-76.60929938,3487.245425,1966.751623,5364,0.791617473,198.3193512,188.2723694,136.8821716
30654,B-20-1-12_masks.tif,102,8888,602.9116882,213.6720145,54.27073927,3.937149509,0.967206618,59.37775699,1341.236499,1994.272615,5360,0.603060306,191.3345184,186.4576569,155.4266815
30655,B-20-1-12_masks.tif,103,11877,720.1837662,297.7737425,51.72897924,5.756420229,0.984795249,-80.04705784,814.0801549,1986.648396,10061,0.847099436,192.8686066,185.6321411,134.8608551
30656,B-20-1-12_masks.tif,104,7491,507.1126984,184.7265014,53.9238616,3.42569126,0.956445215,-81.97225426,3596.289948,1994.237752,6328,0.84474703,203.9152985,192.9660187,138.4962006
30657,B-20-1-12_masks.tif,105,15369,1060.551299,367.0299262,54.88086658,6.687757484,0.98875765,-38.98428891,136.4322337,2113.025961,9914,0.645064741,197.8500061,192.1188202,145.7989655
30658,B-20-1-12_masks.tif,106,15737,987.5391052,387.2966325,55.70822855,6.952233855,0.989601152,68.91963447,2160.758213,2034.487323,10437,0.663214081,203.259552,195.3972473,161.662262
30659,B-20-1-12_masks.tif,107,7074,458.4264069,164.3827836,55.72273034,2.950013085,0.940793022,49.46899643,1300.770144,2029.763642,5335,0.754170201,195.4376831,187.9861298,152.4959717
30660,B-20-1-12_masks.tif,108,12216,792.9116882,314.057252,55.9230526,5.615881776,0.984018469,71.04134816,2098.177145,2057.92035,5925,0.485019646,202.8118134,195.4951935,165.7324829
30661,B-20-1-12_masks.tif,109,4819,382.7279221,168.6240158,37.75812454,4.465900197,0.974607753,-84.16836455,779.4878606,2032.347582,3596,0.746212907,208.0545044,203.0608978,158.9282532
30662,B-20-1-12_masks.tif,110,9175,591.3969696,217.2555761,54.49899478,3.986414373,0.968025452,-38.00967484,1676.523488,2107.110082,5813,0.633569482,197.6136322,187.6774445,128.1601563
30663,B-20-1-12_masks.tif,111,8618,577.0121933,225.0743126,50.9223306,4.419953093,0.974070023,-68.7357265,3455.514737,2071.940706,7482,0.868182873,204.5914154,197.6073303,151.120285
30664,B-20-1-12_masks.tif,112,14991,1020.468037,331.1072081,67.95694094,4.872308899,0.97871136,74.31615666,2104.451071,2115.250484,5556,0.370622373,191.4204407,178.5583191,132.3551178
30665,B-20-1-12_masks.tif,113,2092,334.0416306,138.3229601,24.3198492,5.687656982,0.984422453,-69.58955696,56.458413,2071.685946,1463,0.699330784,184.3731995,183.1305542,162.30896
30666,B-20-1-12_masks.tif,114,15033,1017.4386,368.578967,54.45896037,6.768013279,0.989024166,-26.02172192,2365.79565,2227.622431,5351,0.355950243,195.9134674,184.3634796,133.2380829
30667,B-20-1-12_masks.tif,115,7684,545.0121933,208.2620177,48.03580147,4.335558299,0.973036591,-68.4589291,3453.022775,2118.16684,6702,0.872201978,202.8716736,193.311554,154.4365845
30668,B-20-1-12_masks.tif,116,6555,516.9116882,193.925682,44.03984386,4.403414387,0.97387226,-47.00220785,4226.430511,2135.375133,5480,0.836003051,200.7392273,192.8908691,155.625
30669,B-20-1-12_masks.tif,117,6512,500.9116882,174.9904176,48.8456026,3.582521421,0.960252446,-47.55036551,4271.582463,2154.953163,5023,0.771345209,200.5176239,192.7905579,150.3444214
30670,B-20-1-12_masks.tif,118,4706,417.9411255,156.3730082,41.76169628,3.744412275,0.963678626,-66.08806055,3176.658096,2161.704632,3765,0.800042499,200.9094238,197.3450165,158.5078278
30671,B-20-1-12_masks.tif,119,7356,539.7401154,197.3264195,48.66338652,4.054925759,0.96911388,-41.94196503,1760.32273,2217.507613,5284,0.718325177,203.4649811,194.8858795,141.4795685
30672,B-20-1-12_masks.tif,120,13052,701.1126984,281.5314267,62.85535107,4.479036739,0.974758406,84.06684612,2185.609179,2186.815814,8982,0.688170395,202.5783844,194.9747314,155.7537231
30673,B-20-1-12_masks.tif,121,9605,659.3969696,242.2819513,52.18311097,4.642918884,0.976529928,-57.65475043,1650.0886,2233.666216,6828,0.71087975,199.973938,194.5372009,146.7705078
30674,B-20-1-12_masks.tif,122,12026,839.0954544,307.5429673,54.41123948,5.652195581,0.984224804,38.84833896,2089.638949,2296.871778,5820,0.483951439,194.9804077,186.9178619,145.6996613
30675,B-20-1-12_masks.tif,123,13833,872.509668,304.6659711,58.71573578,5.188829998,0.981253462,39.68902021,2141.793682,2286.030145,6115,0.442058845,193.672287,187.3022003,151.514801
30676,B-20-1-12_masks.tif,124,9169,593.1126984,240.7493043,49.8431368,4.830139509,0.978333884,78.05416967,3858.169266,2220.158142,6265,0.683280619,198.6513977,191.7589722,147.4683228
30677,B-20-1-12_masks.tif,125,10786,706.7106781,260.2431193,54.77408662,4.751208743,0.977599723,-36.60103056,3199.321806,2304.846931,8023,0.7438346,209.3284302,202.3349152,160.6557465
30678,B-20-1-12_masks.tif,126,10455,685.2964646,249.92903,53.93747705,4.633680396,0.976435117,-37.70192296,3248.118221,2319.543568,8629,0.825346724,208.3500977,200.1199493,154.9806519
30679,B-20-1-12_masks.tif,127,19360,1088.752309,408.2933792,62.50667417,6.531996537,0.988211856,-63.26704059,4575.749845,2317.986725,6927,0.357799587,199.8774414,191.692215,138.5518951
30680,B-20-1-12_masks.tif,128,6211,366.627417,131.0714711,60.66637363,2.16052919,0.886436844,75.42982796,3837.402029,2265.366608,2657,0.427789406,190.7576141,178.4730835,126.1926956
30681,B-20-1-12_masks.tif,129,16875,1051.23759,383.9339358,60.27818223,6.36936818,0.987598373,-56.38611441,2490.481067,2368.69517,5359,0.31757037,194.6275482,181.9080048,124.5025177
30682,B-20-1-12_masks.tif,130,10996,759.5391052,261.3171879,55.76735116,4.685845435,0.97696302,-55.98700364,2426.721353,2339.169971,6500,0.591124045,196.2612305,187.8016968,140.8696899
30683,B-20-1-12_masks.tif,131,9966,734.1837662,293.3320625,45.20843458,6.48843662,0.988052085,77.22224943,3768.309352,2302.019567,7463,0.748846077,190.240387,182.5994873,149.2430725
30684,B-20-1-12_masks.tif,132,5201,534.3259018,171.7307262,41.1371458,4.174590211,0.970885393,49.15067938,1005.2413,2346.594693,3130,0.601807345,178.9750824,171.4230042,144.898407
30685,B-20-1-12_masks.tif,133,9524,829.0538239,325.9642819,40.33425215,8.081574952,0.992314891,-24.21910742,444.1619068,2427.25231,4224,0.44351113,208.9105072,202.8638763,164.9784546
30686,B-20-1-12_masks.tif,134,10399,702.3675324,247.9870754,54.18060225,4.577045384,0.975841078,48.10855825,3731.912203,2386.516877,7186,0.691027983,188.4504547,178.7663574,142.7847137
30687,B-20-1-12_masks.tif,135,7599,536.9116882,183.6486578,56.10389267,3.273367482,0.952193425,-54.57248872,81.59902619,2382.199237,5941,0.781813396,199.1789246,192.6933136,142.8959808
30688,B-20-1-12_masks.tif,136,10701,606.0416306,261.4506735,54.12152515,4.830807571,0.978339943,-80.93569583,3504.199888,2357.099056,8111,0.757966545,195.0636139,185.7211151,135.4739227
30689,B-20-1-12_masks.tif,137,14775,911.4974747,353.1165579,67.26759739,5.249430211,0.981687804,-80.3552942,2872.471743,2377.96643,7644,0.517360406,196.7959137,189.3541412,141.6445618
30690,B-20-1-12_masks.tif,138,10593,835.9238816,294.3271111,46.78144731,6.291534957,0.987287644,-48.8289101,213.8193146,2450.853677,7209,0.680543755,195.6913605,190.3936768,157.4266815
30691,B-20-1-12_masks.tif,139,10504,610.7695526,236.0910025,58.16688561,4.058855825,0.969174614,18.24757012,4620.196877,2465.443641,6705,0.638328256,184.878891,180.7129059,131.2216187
30692,B-20-1-12_masks.tif,140,23493,942.9116882,342.6224185,92.49260455,3.704322309,0.962872965,-83.08706565,4821.217554,2419.515047,3265,0.138977568,198.9803925,196.1519165,161.3601837
30693,B-20-1-12_masks.tif,141,10807,739.8406204,306.5272794,46.03301137,6.658857856,0.988659293,-75.10398556,2841.66022,2427.599241,7243,0.67021375,201.6143799,192.3985901,157.9584351
30694,B-20-1-12_masks.tif,142,11422,725.1126984,288.8763198,54.83833203,5.267780932,0.981816345,-5.945313477,298.2720189,2523.81343,8083,0.70766941,194.537796,186.1537781,149.7775574
30695,B-20-1-12_masks.tif,143,5936,491.5979797,180.7569516,44.49773013,4.062161174,0.969225555,-24.89250255,550.1376348,2461.856806,0,0,,,
30696,B-20-1-12_masks.tif,144,9754,588.4264069,223.6305254,57.14611872,3.913310833,0.966798987,68.39770971,3487.518249,2453.552594,6554,0.671929465,192.4650574,184.5222778,140.8977661
30697,B-20-1-12_masks.tif,145,17462,964.3259018,392.2193148,67.72262913,5.791554756,0.984980572,-79.32567047,4858.638243,2476.087447,6648,0.380712404,198.4781952,186.9935303,144.8393555
30698,B-20-1-12_masks.tif,146,10911,777.3553391,320.0608165,45.17630176,7.084706007,0.989988347,-79.15778727,2884.539089,2461.277426,303,0.02777014,230.607254,225.8118744,195.633667
30699,B-20-1-12_masks.tif,147,13432,899.7401154,315.9811992,58.08738356,5.439756103,0.98295772,-77.39734767,2894.575789,2506.030599,9099,0.67741215,207.9891205,199.3745422,163.997467
30700,B-20-1-12_masks.tif,148,12726,811.3553391,340.98123,50.74515495,6.719483473,0.988864157,-89.95230589,3639.030332,2516.143879,8007,0.629184347,195.6586761,187.2023163,152.9125824
30701,B-20-1-12_masks.tif,149,15787,955.5391052,361.6467836,57.32773186,6.308409069,0.987355996,20.98284263,3501.768797,2677.793248,8488,0.537657566,186.8892517,178.3850098,148.2838135
30702,B-20-1-12_masks.tif,150,8461,539.7401154,192.913177,56.80257149,3.396204994,0.955668026,-38.86858179,1099.025056,2587.650278,6840,0.808415081,203.2352295,194.6444397,134.7200317
30703,B-20-1-12_masks.tif,151,13477,822.0832611,333.1290855,54.29809477,6.135189217,0.986627034,14.77722043,4203.379536,2667.881353,0,0,,,
30704,B-20-1-12_masks.tif,152,5011,435.8406204,159.2957699,41.49989231,3.838462248,0.965468183,-41.57793914,1048.23648,2581.052884,3901,0.778487328,197.7787781,189.3373566,152.700592
30705,B-20-1-12_masks.tif,153,10822,749.254834,300.6030627,47.6754516,6.305195916,0.987343023,15.34969423,4160.405101,2672.126964,5739,0.530308631,202.7999725,194.5422516,152.7764435
30706,B-20-1-12_masks.tif,154,16143,903.9238816,323.2460357,65.37953747,4.944146873,0.979331992,47.39926393,4749.949328,2666.775816,8296,0.513906957,186.6967163,178.9177856,148.8095398
30707,B-20-1-12_masks.tif,155,10123,621.5979797,241.4251068,55.10680615,4.381039724,0.973601075,74.45028522,3766.242122,2614.808357,7518,0.742665218,189.9827118,183.9655457,135.1570892
30708,B-20-1-12_masks.tif,156,8123,645.6396103,246.8873205,44.65365536,5.52893864,0.983507649,36.27365692,3666.364151,2666.837498,6808,0.838113997,192.6629028,187.973999,157.5076447
30709,B-20-1-12_masks.tif,157,10623,826.7106781,316.8694882,50.55416611,6.267920383,0.987191053,-63.67205653,5140.472183,2644.954344,5185,0.488091876,197.0133057,189.9581451,140.3014526
30710,B-20-1-12_masks.tif,158,7092,633.0538239,245.6381304,38.65709364,6.354283453,0.98753905,-37.02953457,3937.076424,2698.865764,5098,0.718838127,200.1145477,188.4335022,147.6918335
30711,B-20-1-12_masks.tif,159,7737,552.3259018,204.0366598,49.71090056,4.104465168,0.969866466,39.60494938,3628.920512,2690.957736,5342,0.690448494,194.054657,187.1505127,156.6070709
30712,B-20-1-12_masks.tif,160,17459,947.2964646,354.7286374,72.12741069,4.918083624,0.979110009,69.02987961,4378.641388,2708.684747,8481,0.485766653,188.8899841,178.8133545,130.0814819
30713,B-20-1-12_masks.tif,161,6089,570.5685425,210.5402331,39.97026886,5.267420987,0.981813837,-33.34566825,3958.858597,2724.364263,4602,0.755789128,209.9154663,200.4082947,151.5488892
30714,B-20-1-12_masks.tif,162,16944,1081.053824,435.0584412,54.49812968,7.982997652,0.992123164,14.60811174,4969.372285,2839.244688,8260,0.487488196,197.7503662,193.1462402,150.5473328
30715,B-20-1-12_masks.tif,163,9645,628.9116882,238.9353227,55.22710925,4.326413711,0.9729209,-62.9259958,5100.532608,2708.539347,5737,0.594815967,200.0022736,191.7817688,141.4563293
30716,B-20-1-12_masks.tif,164,15612,964.5685425,379.6481961,58.99860453,6.434867387,0.9878511,14.75530453,4925.496669,2843.283884,7987,0.511593646,191.4579926,182.2108459,147.7659912
30717,B-20-1-12_masks.tif,165,9697,581.1126984,231.1749714,54.96219604,4.20607232,0.971326014,12.88467768,3801.002372,2779.907188,5185,0.534701454,187.8239136,177.0206299,118.5188065
30718,B-20-1-12_masks.tif,166,6242,569.3553391,240.3526738,35.88130982,6.698547936,0.988794046,-15.37770438,4015.502723,2761.037168,2753,0.441044537,188.2146759,175.4754791,143.0464935
30719,B-20-1-12_masks.tif,167,8711,619.254834,238.6536352,49.45970758,4.825213226,0.978289131,-19.53070784,4048.986224,2781.525313,3197,0.367007232,199.9649658,194.4910889,142.135437
30720,B-20-1-12_masks.tif,168,11273,810.6101731,301.8175832,49.05944545,6.152078982,0.986700855,55.36215968,493.0287412,2832.981371,8408,0.745852923,190.7818756,182.6060944,145.5011902
30721,B-20-1-12_masks.tif,169,12022,668.9116882,255.5897485,60.82478905,4.202065514,0.971270495,22.97668028,3751.357511,2864.653053,8647,0.719264681,194.1232758,185.6509705,141.6674042
30722,B-20-1-12_masks.tif,170,14355,1000.752309,386.7134213,65.50786323,5.903313011,0.985547999,-32.59060169,4452.10094,2933.032672,9777,0.681086729,204.0248566,196.5185699,158.5840302
30723,B-20-1-12_masks.tif,171,8330,552.2842712,219.9984641,49.30224859,4.462239967,0.974565535,11.10425098,4172.032773,2877.219568,6745,0.80972389,193.9992523,186.2303925,145.6681976
30724,B-20-1-12_masks.tif,172,10688,644.4680374,237.5693207,58.07816384,4.090510185,0.969657289,42.89306193,406.3825786,2852.128368,6744,0.630988024,189.2470398,179.2918091,139.8585358
30725,B-20-1-12_masks.tif,173,10108,823.7817459,303.9572747,53.12673119,5.721362257,0.984606881,-40.12968193,4337.269193,2891.260289,7450,0.737039968,200.5979919,192.6857758,149.8507385
30726,B-20-1-12_masks.tif,174,7710,632.8111832,232.3953271,46.49635355,4.998140914,0.979780709,-32.72775336,4259.353696,2918.355642,5100,0.661478599,200.360199,191.5303955,152.6798096
30727,B-20-1-12_masks.tif,175,4782,410.2842712,159.8318064,39.36309181,4.060448482,0.969199175,19.26166938,3709.41468,2882.687997,3317,0.693642827,197.8435364,190.5951233,156.6545105
30728,B-20-1-12_masks.tif,176,9972,788.2670273,277.5043273,46.79000194,5.930846672,0.985682845,-37.44493157,4408.206679,2933.429202,8372,0.839550742,202.3223877,194.3413696,151.8536835
30729,B-20-1-12_masks.tif,177,8054,615.1543289,236.5121057,44.36770404,5.330726726,0.982247097,-30.03141441,226.207847,2921.463745,6437,0.799230196,193.2606812,186.8227386,136.676712
30730,B-20-1-12_masks.tif,178,8641,699.0538239,276.215013,42.09041742,6.562420378,0.988321548,34.12851434,3684.638121,2944.979979,6518,0.754310844,186.4450684,179.2207794,152.9871063
30731,B-20-1-12_masks.tif,179,7743,498.0416306,197.8968128,50.73673427,3.900464143,0.966576136,-1.16949109,3511.971846,2973.401137,5409,0.698566447,192.8896332,185.8497009,135.6751709
30732,B-20-1-12_masks.tif,180,6535,508.9116882,187.6777582,45.92836351,4.086314944,0.969593977,39.49598145,3612.142923,2960.493037,5194,0.794797246,184.6540222,178.1276398,145.4410858
30733,B-20-1-12_masks.tif,181,6776,446.9705627,188.8905616,46.915388,4.0261963,0.96866437,1.588701881,3421.744097,3028.845041,5585,0.824232586,187.7482605,179.9179993,142.8091278
30734,B-20-1-12_masks.tif,182,6156,550.5685425,202.0889525,40.71700471,4.96325685,0.979492504,-49.60573477,3846.545971,3009.696231,5513,0.895549058,199.7565765,192.6013031,153.935791
30735,B-20-1-12_masks.tif,183,7356,594.3259018,226.5143059,43.05330413,5.261252544,0.981770772,-59.35405106,331.5822458,3034.541463,5441,0.739668298,185.2587738,179.2466431,131.1933441
30736,B-20-1-12_masks.tif,184,4653,370.9705627,146.062954,43.09023247,3.389699838,0.955493742,-2.370356594,3473.972491,3052.8732,4290,0.921985816,206.785553,199.204895,150.7177124
30737,B-20-1-12_masks.tif,185,7404,603.3969696,231.7609062,44.979066,5.152639368,0.980986636,-51.64158451,3859.078066,3052.353187,6972,0.94165316,201.3722076,193.9454956,158.358429
30738,B-20-1-12_masks.tif,186,8923,646.2253967,219.5327578,57.51874959,3.816716451,0.96506643,47.96583924,70.39482237,3119.31783,5292,0.593074078,186.8049927,178.0306091,144.5797424
30739,B-20-1-12_masks.tif,187,9116,638.0416306,267.9590889,45.48118026,5.891647651,0.985490291,6.348217056,744.5091049,3190.690434,4053,0.444602896,194.9940796,186.3451691,159.7266235
30740,B-20-1-12_masks.tif,188,19842,1308.551299,492.2740868,73.2080351,6.724317708,0.988880253,-27.64189211,4693.603316,3273.503679,6853,0.34537849,193.6265869,185.3122711,142.5219574
30741,B-20-1-12_masks.tif,189,8647,651.1126984,222.925842,53.35335797,4.178290747,0.970937713,2.769957104,832.0584018,3194.422806,4634,0.535908408,183.6365967,170.8543396,127.7565842
30742,B-20-1-12_masks.tif,190,5217,418.1837662,144.1551663,48.29111646,2.98512805,0.942220259,-47.54827314,3869.923328,3106.464635,3679,0.705194556,202.7518311,192.703186,149.1187897
30743,B-20-1-12_masks.tif,191,11128,839.9238816,293.2513973,49.9910427,5.866078831,0.985362585,-38.58800385,3854.78945,3188.465942,6312,0.567217829,199.4553223,189.0145721,149.9057312
30744,B-20-1-12_masks.tif,192,3463,361.3553391,127.3440346,35.68689117,3.568370078,0.95992997,-33.10673915,3793.037251,3204.127057,3207,0.926075657,202.4399719,190.674469,140.4334259
30745,B-20-1-12_masks.tif,193,9729,700.8111832,258.9204063,50.27146093,5.150445232,0.980970276,-27.29542042,4654.032172,3272.166924,5064,0.520505705,198.3430023,189.2776489,155.8451843
30746,B-20-1-12_masks.tif,194,2305,311.4558441,119.3390678,29.67123676,4.022045618,0.968598612,-35.3668644,44.47635575,3262.854664,2305,1,180.8598633,171.7583466,121.0694122
30747,B-20-1-12_masks.tif,195,11054,785.9411255,324.3514708,48.62259125,6.67079772,0.988700085,80.36443029,1884.712955,3293.916863,5699,0.515559978,186.6652069,179.0668488,146.5832672
30748,B-20-1-12_masks.tif,196,15014,866.8700577,357.8740675,55.77902468,6.415925511,0.987778815,86.11107665,4948.230052,3300.87112,7168,0.477421074,177.3983002,167.6552734,126.0435257
30749,B-20-1-12_masks.tif,197,5391,520.9116882,180.193533,43.38320597,4.15353197,0.970584941,37.17138201,5332.130217,3590.404934,3272,0.606937488,168.3581848,164.8765259,116.4773865
30750,B-20-1-12_masks.tif,198,4543,383.6984848,139.2491111,44.84139752,3.105369564,0.946731892,27.13434407,5279.602025,3595.197006,2577,0.567246313,173.744278,169.5979767,132.578186
30751,B-20-1-13_masks.tif,1,8280,591.9411255,234.9651459,46.58482608,5.043812883,0.980148917,-78.62740622,1144.541787,38.28514493,6417,0.775,208.3774414,201.5790863,143.8801575
30752,B-20-1-13_masks.tif,2,3110,429.9411255,158.1524342,30.85911424,5.124982945,0.980778859,25.74470431,89.33279743,92.17684887,1394,0.448231511,174.2281189,174.9067383,113.3177872
30753,B-20-1-13_masks.tif,3,7659,587.254834,227.4224808,43.53882551,5.223440875,0.981503404,-67.52522697,1150.175872,87.17926622,6187,0.807807808,195.763855,195.3934021,135.734436
30754,B-20-1-13_masks.tif,4,10650,922.3675324,354.0324814,45.42585761,7.793633406,0.991734128,27.97491815,2094.206948,313.6773709,6225,0.584507042,186.5593567,185.8650665,136.170929
30755,B-20-1-13_masks.tif,5,7371,551.1543289,200.9544814,47.68425185,4.214273551,0.971439147,-47.07390466,1315.239181,226.0111247,6580,0.892687559,200.5921021,193.9545593,139.2007599
30756,B-20-1-13_masks.tif,6,9855,805.2964646,283.970215,47.22381163,6.013284512,0.986075463,27.52669103,4469.895789,286.6146119,4802,0.487265348,196.6936646,194.6468201,153.6261902
30757,B-20-1-13_masks.tif,7,8299,683.1543289,258.5353807,44.08257663,5.864797396,0.985356141,25.07484067,4449.833112,334.5797084,4133,0.498011809,201.0975037,196.4442291,150.3302612
30758,B-20-1-13_masks.tif,8,12899,875.4974747,335.397284,55.68948386,6.022632295,0.986118959,11.25259979,1455.464687,470.2556012,8537,0.661834251,197.4676056,194.7590485,139.3697968
30759,B-20-1-13_masks.tif,9,13193,898.5685425,354.3369761,56.33136454,6.290225329,0.987282316,14.33658367,1326.805351,494.5450618,8983,0.680891382,202.6032562,197.4529724,145.6532288
30760,B-20-1-13_masks.tif,10,8430,648.5685425,241.2399888,46.23720515,5.217443139,0.981460452,-29.19726378,1857.703084,429.9925267,5991,0.710676157,203.1882782,196.1871185,144.5968933
30761,B-20-1-13_masks.tif,11,11171,770.6690476,302.8462151,48.99534406,6.181122327,0.986826372,13.17423223,1365.24125,478.6225942,7081,0.633873422,200.2115479,191.9995728,158.3894958
30762,B-20-1-13_masks.tif,12,13152,812.6690476,328.5692706,51.84326968,6.337742055,0.987473506,13.06921086,1415.407771,495.9274635,9975,0.758439781,200.5275116,192.3824615,144.5970917
30763,B-20-1-13_masks.tif,13,8860,787.2964646,305.6204455,41.60883122,7.345086044,0.99068886,-25.54650745,1775.612528,482.711851,5692,0.642437923,206.3197479,199.8223877,147.2630005
30764,B-20-1-13_masks.tif,14,16733,1204.024387,454.6164901,59.88775037,7.591143219,0.991285306,-18.38297333,4562.549991,659.1912389,6402,0.382597263,205.0314026,199.0871582,135.1155853
30765,B-20-1-13_masks.tif,15,11937,941.6984848,398.6817947,50.8890435,7.834334609,0.991820144,87.55251825,820.0516043,832.7477591,7317,0.612968082,195.5908203,195.7835236,141.1044159
30766,B-20-1-13_masks.tif,16,11925,1134.267027,398.6702202,71.33937888,5.588361245,0.983859382,-66.37626656,763.9829769,1034.78608,6517,0.546498952,201.4239655,199.5479584,153.1198425
30767,B-20-1-13_masks.tif,17,9948,774.7695526,323.3123381,44.98987193,7.186336042,0.990270898,-11.56949534,1284.076397,1315.408826,6673,0.670788098,205.9691315,198.6401978,157.1999054
30768,B-20-1-13_masks.tif,18,11833,956.1665222,343.5010921,48.50068405,7.082396852,0.989981784,-46.56753167,1359.925801,1384.059326,9264,0.782895293,204.2449341,194.6469116,142.7715912
30769,B-20-1-13_masks.tif,19,11308,732.5269119,290.8617811,52.27571581,5.56399423,0.983716527,-83.11857153,1910.850725,1286.749646,6301,0.55721613,193.6010132,188.3583527,134.2940826
30770,B-20-1-13_masks.tif,20,9806,845.4386002,299.7135295,43.46585009,6.895379449,0.989428042,-37.56559286,1641.160004,1458.231491,5596,0.570671018,215.0075073,208.0897064,154.6116943
30771,B-20-1-13_masks.tif,21,10932,792.4264069,310.8730375,50.03001933,6.213730109,0.986965182,13.93350726,2167.752104,1526.271862,7480,0.684229784,194.8283386,190.8330231,130.8760681
30772,B-20-1-13_masks.tif,22,7213,620.2253967,212.7510869,44.38406983,4.793410962,0.977996839,-38.14994542,1671.273257,1481.908914,5673,0.786496603,198.370697,191.6768951,138.7548065
30773,B-20-1-13_masks.tif,23,9380,687.0538239,253.4164343,49.79968449,5.08871566,0.980501171,-55.05780121,1279.839552,1503.351279,6712,0.715565032,210.2196045,199.022644,140.9818268
30774,B-20-1-13_masks.tif,24,16660,1177.379726,421.7038154,60.19698709,7.005397375,0.989759199,-53.61562323,4632.34898,1569.57401,7969,0.478331333,204.5257874,200.849411,136.2337799
30775,B-20-1-13_masks.tif,25,12228,851.3969696,321.700589,49.96836587,6.438085045,0.987863316,-71.50415004,1280.472931,1569.722359,5844,0.477919529,197.1416779,192.6603394,141.2679596
30776,B-20-1-13_masks.tif,26,6275,440.8700577,169.6113931,48.42079496,3.502862628,0.958384431,-78.19418876,1723.054343,1564.654183,5094,0.811792829,198.396347,190.1346741,145.1540985
30777,B-20-1-13_masks.tif,27,6889,484.8700577,196.3804827,46.13205049,4.256920744,0.972016742,-75.18534643,1736.452606,1603.914066,5305,0.770068225,199.6130066,192.8475037,148.9611664
30778,B-20-1-13_masks.tif,28,13749,1138.894444,400.4388956,47.3011444,8.465733773,0.992998941,-58.97339929,647.905084,1795.287003,6155,0.447668921,199.687088,193.5765991,127.3896027
30779,B-20-1-13_masks.tif,29,10915,942.3259018,371.3612881,40.42650182,9.186085153,0.994057058,-75.1335133,234.2169492,1825.523225,6402,0.586532295,199.9293976,198.6893158,135.6904144
30780,B-20-1-13_masks.tif,30,5645,441.6984848,169.5905112,43.45723213,3.902469229,0.966611067,-69.84040486,1185.237733,1984.627104,5238,0.927900797,197.1235199,190.9400482,141.902832
30781,B-20-1-13_masks.tif,31,16359,1190.024387,454.8434515,81.20825342,5.60095104,0.983932453,73.35928686,4985.34183,2159.49459,5902,0.360779999,195.5044098,190.7926178,157.6641846
30782,B-20-1-13_masks.tif,32,15788,1187.338095,439.2913084,49.53955821,8.867485384,0.993620943,-66.28603714,4558.019699,2142.432734,6570,0.41613884,209.0936127,207.3415527,162.7622528
30783,B-20-1-13_masks.tif,33,9106,610.9705627,263.2174939,45.5128226,5.783370023,0.984937705,-1.563396864,1534.675928,2328.022183,5138,0.564243356,192.3217163,187.6175537,138.6473389
30784,B-20-1-13_masks.tif,34,14590,1052.066017,356.5039062,55.09819297,6.470337537,0.987984743,-57.57061459,5276.44928,2314.120768,6200,0.424948595,196.5549927,189.233551,146.6629028
30785,B-20-1-13_masks.tif,35,9311,662.9533188,236.7010961,50.81515441,4.658080819,0.97668429,43.16360747,1426.171195,2395.089464,7329,0.787133498,187.1065674,179.7107391,140.3778076
30786,B-20-1-13_masks.tif,36,6700,446.3847763,177.9716662,48.94045427,3.636493958,0.961447045,3.901329138,1361.936716,2526.302985,4448,0.663880597,187.0721741,176.4988708,137.7825928
30787,B-20-1-13_masks.tif,37,11241,781.4974747,301.2529067,49.00209138,6.147756111,0.986682019,72.40868974,1793.533938,2491.981852,3324,0.295703229,186.0051117,180.5345917,132.453064
30788,B-20-1-13_masks.tif,38,5795,445.2132034,176.7635378,42.58234459,4.151099229,0.97054993,-0.989915829,1320.507679,2554.913719,5154,0.889387403,208.586731,202.7258453,151.9891357
30789,B-20-1-13_masks.tif,39,9865,770.9116882,307.4305568,43.78347487,7.02161164,0.989806684,70.29603127,1800.671262,2538.170603,4383,0.444298023,200.1295929,190.9295044,156.0873871
30790,B-20-1-13_masks.tif,40,6417,549.9827561,208.0510484,40.94985591,5.080629561,0.980438435,-51.45479253,1453.366059,2559.003584,5566,0.867383513,201.2975159,194.9761047,142.797348
30791,B-20-1-13_masks.tif,41,6203,454.0416306,178.3371395,45.0256475,3.960790114,0.96760345,78.64131865,1696.609544,2544.314686,5669,0.913912623,209.492157,202.469223,158.4514008
30792,B-20-1-13_masks.tif,42,7892,633.9411255,252.332987,42.35300659,5.957852991,0.985813279,83.47658193,1773.205525,2589.420046,7263,0.920299037,202.808075,193.2903748,166.3023529
30793,B-20-1-13_masks.tif,43,8881,739.254834,290.4974892,46.68565361,6.222414527,0.987001781,75.11346651,1762.598356,2627.967684,6722,0.756896746,198.7265625,192.680603,152.8842621
30794,B-20-1-13_masks.tif,44,8107,548.2842712,213.0835487,54.20032308,3.931407353,0.967109123,82.018036,1558.720488,2616.075984,6514,0.803503145,189.3601532,180.8454132,144.099472
30795,B-20-1-13_masks.tif,45,6574,443.5563492,191.3461104,44.78548052,4.272503234,0.972223399,-89.15131277,1490.940828,2669.682841,5650,0.859446304,202.8828278,198.6688538,150.0653076
30796,B-20-1-13_masks.tif,46,9108,630.2842712,239.2155175,49.75779414,4.807598922,0.978127967,-80.86203946,1512.053469,2719.615173,6955,0.763614405,197.9384613,190.3686523,144.0717468
30797,B-20-1-13_masks.tif,47,11115,672.627417,277.4198605,53.46454893,5.18885628,0.981253654,-86.90758519,1915.834818,2717.590283,10301,0.926765632,194.7892456,187.2883148,149.3144379
30798,B-20-1-13_masks.tif,48,12147,789.9411255,313.2026566,50.72949697,6.173975208,0.98679565,-84.48065136,1929.056557,2768.992426,10675,0.878817815,207.0176086,201.7747955,154.2455292
30799,B-20-1-13_masks.tif,49,6237,471.9411255,179.4717561,45.52485845,3.942280376,0.967293366,-67.96122954,1867.698252,2852.500882,5553,0.89033189,198.5870667,194.0151215,155.321991
30800,B-20-1-13_masks.tif,50,8220,545.5563492,236.8737107,44.79464612,5.287991563,0.981956349,88.45791016,1804.282603,2946.039538,1080,0.131386861,226.7120361,226.8944397,169.0185242
30801,B-20-1-13_masks.tif,51,5940,424.3847763,176.4179562,43.72218052,4.034976164,0.968802784,83.78695415,1497.808418,3260.577104,5607,0.943939394,199.0914917,193.2769775,158.3060455
30802,B-20-1-13_masks.tif,52,4649,381.7989899,154.2033121,39.86897461,3.867752146,0.965998383,84.21998309,1492.282426,3299.238546,4412,0.949021295,197.3034973,189.9440155,147.8499603
30803,B-20-1-13_masks.tif,53,7797,573.6984848,224.9374258,45.59387917,4.933500503,0.979241747,81.36128189,1986.726433,3481.600872,6353,0.814800564,185.0393524,176.2754669,134.813324
30804,B-20-1-13_masks.tif,54,5101,429.1126984,160.8805874,42.40431529,3.793967342,0.964638542,-25.98738381,1692.18565,3581.417565,4178,0.819055087,198.0095673,191.1000519,154.846344
30805,B-20-1-13_masks.tif,55,5065,447.0121933,168.7192121,39.73357862,4.246262681,0.971874056,-34.04732086,1645.811056,3582.508193,4748,0.937413623,198.827301,189.7944336,155.7245178
30806,B-20-1-13_masks.tif,56,4373,416.5269119,150.3963172,39.81262383,3.777603752,0.964325847,-67.60341333,1848.045735,3615.833295,3760,0.859821633,187.4321747,178.8992004,134.325531
30807,B-20-1-14_masks.tif,1,12164,750.0416306,290.1242383,56.05605904,5.175608904,0.981156643,-0.846054018,1934.855804,135.8160967,9268,0.761920421,198.820343,191.9429169,135.4683838
30808,B-20-1-14_masks.tif,2,9201,475.6984848,156.6431807,80.70585969,1.940914592,0.857057348,-32.55805482,2468.276057,56.95565699,3568,0.387783937,208.179657,202.6967468,134.5947266
30809,B-20-1-14_masks.tif,3,5879,471.0121933,162.1922777,52.60174327,3.083401188,0.945948393,-36.77220333,2679.335091,56.28933492,3584,0.609627488,213.3752747,209.5577545,143.990799
30810,B-20-1-14_masks.tif,4,4849,399.2132034,149.1007956,43.24807835,3.447570418,0.957008662,78.37683648,114.3369767,27.68385234,4164,0.85873376,191.3162842,193.0991821,127.4231491
30811,B-20-1-14_masks.tif,5,8378,573.4558441,228.1405314,50.41039784,4.525664171,0.975282408,9.526421989,1822.057174,127.1635235,4629,0.552518501,195.9645691,190.3298798,155.5582275
30812,B-20-1-14_masks.tif,6,12520,711.1543289,263.3946947,61.43058467,4.287680088,0.972422474,63.80276914,2305.980351,66.88242812,6442,0.514536741,190.8314209,189.9642944,129.9739227
30813,B-20-1-14_masks.tif,7,9391,689.6984848,260.9362961,47.70856799,5.469380179,0.983143413,10.24802906,1881.082313,174.7284634,7830,0.833777021,199.6851807,195.9468689,153.1918335
30814,B-20-1-14_masks.tif,8,6130,443.4558441,177.8607358,45.56027505,3.90385562,0.966635187,-18.97426168,2110.30783,106.8011419,4766,0.777487765,203.7156982,199.0409088,144.795639
30815,B-20-1-14_masks.tif,9,6640,374.8700577,118.4227562,72.02648281,1.644155754,0.793772421,79.23230362,727.9341867,141.0730422,5619,0.84623494,193.4483032,188.3075256,135.4121704
30816,B-20-1-14_masks.tif,10,4879,345.4558441,117.0131198,53.7986929,2.175017895,0.888039931,63.25070547,2262.601148,137.8893216,3726,0.763681082,198.7195435,200.0952759,149.7428894
30817,B-20-1-14_masks.tif,11,5212,344.8700577,115.1492956,58.1647849,1.979708097,0.86304621,-41.85405874,2165.368381,156.313891,4062,0.779355334,204.688324,198.5915833,149.6403198
30818,B-20-1-14_masks.tif,12,4596,427.9411255,159.3938973,38.76989342,4.111280254,0.969967831,-59.52836844,67.59399478,159.8936031,4401,0.957571802,202.2888031,196.9611511,139.6307678
30819,B-20-1-14_masks.tif,13,12245,708.4264069,271.8662209,58.64612233,4.635706677,0.976455961,-72.6362029,2458.41862,173.0524296,7249,0.591996733,203.5672455,197.9844055,141.796524
30820,B-20-1-14_masks.tif,14,5346,396.5269119,140.7204852,49.34305551,2.851880245,0.936508132,-62.05920825,116.4552937,183.6851852,4519,0.845304901,200.1445007,196.6720581,140.3981018
30821,B-20-1-14_masks.tif,15,5348,387.3553391,126.8216182,55.93823977,2.26717213,0.897468718,-48.01885692,2197.862378,202.2584144,4517,0.844614809,199.7668762,193.1423492,143.2158508
30822,B-20-1-14_masks.tif,16,12574,903.0121933,386.4306371,49.73125137,7.770378312,0.99168437,-80.63546915,2480.341657,216.4912518,6462,0.513917608,200.5380707,199.6431427,141.1007385
30823,B-20-1-14_masks.tif,17,6282,378.2842712,117.5786637,68.81759899,1.708555157,0.81082414,74.87851374,713.1244826,208.6482012,4573,0.727952881,191.3019867,188.4202881,132.4425964
30824,B-20-1-14_masks.tif,18,5682,363.6984848,115.6006885,63.30237296,1.826166747,0.83674344,53.64655838,597.3636044,223.9530095,2638,0.464273143,170.5181885,172.2046967,118.1861267
30825,B-20-1-14_masks.tif,19,4958,355.1126984,119.4399989,53.5146767,2.231911062,0.89401024,-44.09014331,2232.647237,235.5381202,3935,0.793666801,205.9677277,198.1047058,143.98526
30826,B-20-1-14_masks.tif,20,5431,334.627417,110.4262245,63.05208615,1.751349262,0.820958172,79.38075344,699.7860431,271.3826183,2984,0.549438409,185.314682,182.8186951,124.3766785
30827,B-20-1-14_masks.tif,21,13056,883.6396103,301.4953223,63.30694272,4.762436935,0.977706426,-71.19824292,955.5301777,289.8514093,7431,0.569163603,205.5303497,201.6541443,158.7548065
30828,B-20-1-14_masks.tif,22,7943,580.5269119,233.2336773,44.79741699,5.206409051,0.98138104,-74.76208661,956.6059423,340.8294095,6594,0.830164925,206.4764862,201.0500488,154.7552338
30829,B-20-1-14_masks.tif,23,4842,313.7989899,105.2927825,59.12574772,1.780827924,0.827451922,20.39564013,3600.877943,398.0797191,3066,0.633209418,187.6314392,188.3930206,117.9882584
30830,B-20-1-14_masks.tif,24,5180,314.3847763,99.58390802,66.9162004,1.488188323,0.740589286,-8.044121091,3537.70695,404.5258687,3056,0.58996139,196.7536011,192.3687897,127.0896606
30831,B-20-1-14_masks.tif,25,13598,858.4264069,351.7232971,55.96027526,6.28523172,0.987261969,83.8315322,948.2822474,407.925136,5928,0.435946463,193.6125183,185.4583282,148.1401825
30832,B-20-1-14_masks.tif,26,1979,283.3137085,113.5115154,24.05374869,4.719077964,0.977290096,-89.71565326,54.19706923,409.6382011,1754,0.886306215,183.9025116,191.4424133,127.6265717
30833,B-20-1-14_masks.tif,27,11895,744.5269119,312.2080333,49.65527184,6.287510304,0.98727126,83.03659584,1774.849348,428.145103,6708,0.563934426,195.8305054,188.8878937,147.755661
30834,B-20-1-14_masks.tif,28,11314,714.2842712,300.5861048,49.75410564,6.041433183,0.986205823,85.23387183,942.796712,448.6756231,5049,0.446261269,198.8023376,193.0431824,137.2119293
30835,B-20-1-14_masks.tif,29,8457,613.1126984,250.6285056,48.48161492,5.169557698,0.981112078,81.08143094,1742.024122,464.5931181,3649,0.431476883,201.1079712,204.6127777,138.5042419
30836,B-20-1-14_masks.tif,30,16963,989.254834,416.5100154,61.13138882,6.813357645,0.98917057,-87.99126796,2302.506514,474.0166834,7990,0.471025172,201.6182709,197.0062561,158.9410553
30837,B-20-1-14_masks.tif,31,10597,767.1126984,324.4436165,43.67866337,7.427965772,0.990896434,-85.72870711,2235.811173,515.2872511,6446,0.608285364,205.457489,205.19841,150.7030792
30838,B-20-1-14_masks.tif,32,13024,949.5979797,385.5626137,44.79939578,8.606424418,0.99322674,-82.4636226,1496.343904,532.3935811,8055,0.618473587,202.3668518,195.7672272,161.5800171
30839,B-20-1-14_masks.tif,33,10826,767.1126984,315.1646555,49.71830974,6.339005835,0.987478532,-86.76450407,1466.306577,574.451598,4873,0.450120081,197.3695831,194.4637756,145.8280334
30840,B-20-1-14_masks.tif,34,1408,186.1421356,64.72917422,29.08498943,2.225518231,0.893364071,-46.8825756,5252.682528,591.8203125,1383,0.982244318,193.8676758,190.2696991,143.6514893
30841,B-20-1-14_masks.tif,35,2175,291.4558441,105.7076696,27.37299928,3.861749622,0.965890732,-56.55794101,5172.473103,631.3314943,2175,1,199.100235,196.1255188,128.6257477
30842,B-20-1-14_masks.tif,36,10216,746.6101731,270.6138007,49.28731976,5.490535944,0.983274167,47.4109257,4192.418168,696.4398003,6795,0.665133125,200.0540161,200.2122192,145.2585754
30843,B-20-1-14_masks.tif,37,16841,1292.693434,469.9661165,65.55459894,7.169079273,0.990223772,53.03106024,3170.408171,737.1680423,6555,0.389228668,203.5877991,195.9452362,162.9212799
30844,B-20-1-14_masks.tif,38,9177,616.8700577,253.0747194,47.27863493,5.352834736,0.98239475,-9.759845587,1592.067124,744.5463659,5269,0.574152773,199.915741,194.2256622,145.1882782
30845,B-20-1-14_masks.tif,39,5009,559.6984848,236.0476353,30.29084003,7.792706808,0.991732154,14.23930837,4639.630465,742.6474346,2809,0.560790577,196.5304413,196.216095,129.4770355
30846,B-20-1-14_masks.tif,40,10251,637.6984848,268.9680115,51.96948353,5.175499028,0.981155835,-7.835911271,1546.511462,764.7193445,4818,0.470002927,204.0836487,198.4196777,148.4582825
30847,B-20-1-14_masks.tif,41,7801,566.4264069,219.2133501,47.36542523,4.628130097,0.976377879,21.14060212,4804.248301,749.2726574,7565,0.969747468,188.3124847,180.7181702,113.9446106
30848,B-20-1-14_masks.tif,42,13624,1058.793939,379.4572163,46.72435881,8.121186164,0.992389964,49.01583856,3165.545728,783.5664269,6165,0.452510276,187.1313934,188.6460724,145.1334991
30849,B-20-1-14_masks.tif,43,10247,713.4558441,301.3512421,45.65816128,6.600161584,0.988455504,2.328722699,4031.239387,881.4514492,8314,0.811359422,204.1804199,200.1542053,147.0464325
30850,B-20-1-14_masks.tif,44,14109,798.4264069,325.7099929,66.68547759,4.884271728,0.978816642,-82.97817777,2926.834361,797.2305621,6155,0.436246368,205.471817,198.4230652,128.1231537
30851,B-20-1-14_masks.tif,45,6659,593.7401154,216.0118718,42.34788321,5.100889475,0.980595052,59.53541602,4556.86049,834.8285028,3539,0.53146118,187.5380096,179.5411072,136.5380096
30852,B-20-1-14_masks.tif,46,4367,358.9705627,129.6142957,45.87804983,2.825191919,0.935261222,6.938841927,4079.690176,869.814747,3166,0.724982826,195.4696808,194.2517395,146.5457916
30853,B-20-1-14_masks.tif,47,7413,540.3259018,200.8806302,48.29962889,4.159051216,0.970664138,-34.51996145,4210.953595,879.876838,6132,0.827195467,201.831543,195.4011688,141.091156
30854,B-20-1-14_masks.tif,48,3423,354.2842712,133.9170852,34.16299531,3.91994566,0.966913204,27.64060374,4679.283085,891.3809524,3333,0.973707274,195.2511292,190.6054535,139.5232544
30855,B-20-1-14_masks.tif,49,16059,1004.225397,403.7573404,53.95436342,7.483312096,0.991031203,-75.2771334,1570.801856,921.6952488,8730,0.5436204,196.6765137,190.2896881,141.0382538
30856,B-20-1-14_masks.tif,50,6425,482.5269119,192.5743755,43.91485226,4.385176441,0.973651531,-17.88845059,4108.483113,955.5403891,5113,0.795797665,202.0258179,195.6686859,138.884613
30857,B-20-1-14_masks.tif,51,15339,955.8233765,353.9794787,59.46557254,5.952679232,0.98578843,40.12416502,2686.516918,1028.488885,8859,0.577547428,197.9411926,197.430191,139.5180054
30858,B-20-1-14_masks.tif,52,20059,1187.053824,487.9012546,68.46226988,7.126571401,0.990106215,12.04427131,511.5287901,1143.253502,7194,0.358642006,192.5543518,184.7225494,148.2910767
30859,B-20-1-14_masks.tif,53,13926,1062.911688,430.2291502,42.10155522,10.21884222,0.995200344,13.08407192,550.3784288,1141.771507,7708,0.553497056,190.1446533,186.6220856,142.6061249
30860,B-20-1-14_masks.tif,54,9539,656.2253967,243.8054161,51.11841607,4.769424307,0.977772442,-57.02672605,4170.659503,1017.297201,6642,0.696299402,212.5385437,205.0901794,148.4375153
30861,B-20-1-14_masks.tif,55,9195,697.2964646,254.0801438,50.14730407,5.066676035,0.98032946,-51.89200257,4228.389995,1047.762153,4263,0.463621533,202.4721985,192.4203644,122.859726
30862,B-20-1-14_masks.tif,56,11089,657.6984848,276.792082,52.56420726,5.265790097,0.981802466,-80.11851103,1449.829831,997.8158535,6361,0.573631527,201.5591888,195.4373474,140.8063202
30863,B-20-1-14_masks.tif,57,3952,465.4974747,171.4165363,30.21598633,5.673041231,0.984341444,-51.54189871,5243.010628,1020.654858,0,0,,,
30864,B-20-1-14_masks.tif,58,20163,1277.781746,493.9635413,74.19592409,6.657556292,0.988654833,15.31832829,848.7162129,1211.815851,9070,0.449833854,195.4777222,189.194931,135.2245941
30865,B-20-1-14_masks.tif,59,22966,1258.953319,499.8807697,65.55733893,7.625092444,0.991363072,14.64698008,791.3512584,1247.526996,9543,0.415527301,191.8535004,183.7834015,129.1470184
30866,B-20-1-14_masks.tif,60,4319,357.5563492,129.6270882,47.94929574,2.703420064,0.92907085,7.396937931,1650.726789,1093.611484,1859,0.430423709,195.7487946,192.0242004,151.4819794
30867,B-20-1-14_masks.tif,61,8690,542.627417,223.6869257,50.77879687,4.40512457,0.973892815,86.63971554,1498.1313,1067.221634,4972,0.572151899,189.9269867,186.1548615,142.311142
30868,B-20-1-14_masks.tif,62,3978,385.6984848,148.9359383,34.87412234,4.270672015,0.972199233,-65.48083217,4690.815485,1106.110357,3721,0.935394671,198.5726929,193.0688019,131.592041
30869,B-20-1-14_masks.tif,63,12412,861.3380951,305.117068,57.29578244,5.325297169,0.98221055,48.7337349,1785.914115,1223.841121,5295,0.426603287,184.2779999,177.9595795,146.0670471
30870,B-20-1-14_masks.tif,64,14042,756.2842712,316.3229963,61.11529138,5.175840435,0.981158345,-86.23788334,147.1123772,1153.50413,7715,0.549423159,191.7651367,188.1753693,141.7059021
30871,B-20-1-14_masks.tif,65,4743,386.8700577,145.0037675,42.90936838,3.379303237,0.95521304,-71.06550538,4706.172043,1157.778621,4283,0.903014969,202.0392303,199.5078278,141.9785156
30872,B-20-1-14_masks.tif,66,12822,816.9533188,291.6469245,57.82264107,5.043818807,0.980148964,60.18331762,1605.039073,1215.176494,5301,0.413430042,181.7062836,178.0605621,147.9932098
30873,B-20-1-14_masks.tif,67,13332,731.9827561,260.7597719,67.59744459,3.857538898,0.965814908,67.84779827,1464.115137,1200.813231,5118,0.383888389,191.561554,188.2952271,138.2330933
30874,B-20-1-14_masks.tif,68,12147,963.0954544,341.2584849,56.21666963,6.070414471,0.986338131,-30.25622712,2590.006174,1298.168684,5412,0.445542109,204.9024353,198.1395111,152.1555786
30875,B-20-1-14_masks.tif,69,14148,923.882251,373.8344997,62.71498726,5.960847894,0.985827634,68.73353078,1365.994558,1256.503039,30,0.002120441,231.7666626,218.5333405,220.5333405
30876,B-20-1-14_masks.tif,70,6235,507.4558441,210.2236428,39.58235156,5.31104481,0.982114074,-8.003586041,4913.253889,1265.048597,5517,0.884843625,195.5405121,191.8733063,134.9184265
30877,B-20-1-14_masks.tif,71,3912,402.4264069,149.9543168,34.98989843,4.28564596,0.972395917,-41.23072962,5195.934305,1230.264571,3766,0.962678937,194.6160431,189.0573578,129.3058929
30878,B-20-1-14_masks.tif,72,4891,405.9411255,151.008533,42.3185328,3.568378272,0.959930158,-30.0725958,5240.675731,1243.448375,4660,0.952770395,205.8392639,200.7485046,146.7051544
30879,B-20-1-14_masks.tif,73,4461,435.5979797,165.2669347,37.78774846,4.373558664,0.973509456,-32.16055143,5304.854069,1242.757005,4376,0.980945976,191.0479889,184.2212067,133.1286621
30880,B-20-1-14_masks.tif,74,4087,404.7695526,152.8313071,37.0713594,4.122624841,0.970135429,-34.26522118,5367.539271,1242.428187,3971,0.971617323,204.5683746,197.1881104,127.3747177
30881,B-20-1-14_masks.tif,75,9888,793.254834,317.6215792,41.68617735,7.619350091,0.991349991,74.48873541,1416.759203,1235.684061,0,0,,,
30882,B-20-1-14_masks.tif,76,4159,426.4264069,166.0694407,35.51468408,4.67607822,0.976865542,-46.68422468,5108.546045,1255.152681,3741,0.899495071,204.3908081,195.226944,133.2689056
30883,B-20-1-14_masks.tif,77,11856,830.5269119,350.9621504,45.62702219,7.691980181,0.991513268,88.48682049,2183.374325,1237.731781,5253,0.443066802,204.8541718,199.9824829,159.6443939
30884,B-20-1-14_masks.tif,78,7880,581.1543289,208.1324228,49.913503,4.169862066,0.970818338,-35.07507667,2623.136675,1319.413706,5003,0.634898477,203.2862244,195.4133453,146.8077087
30885,B-20-1-14_masks.tif,79,17179,1160.710678,447.4800245,79.39818199,5.635897615,0.984132698,86.06728931,2137.417545,1297.103207,3028,0.176261715,203.9676361,190.2140045,155.9640045
30886,B-20-1-14_masks.tif,80,3840,366.2842712,127.4583463,40.17219509,3.172800143,0.94903224,-23.53135194,5367.68776,1302.93125,3579,0.93203125,202.5244446,197.0326843,150.4613037
30887,B-20-1-14_masks.tif,81,5520,518.3259018,199.7842266,37.44915312,5.334812939,0.982274528,-38.24272865,5009.148732,1329.096196,5043,0.913586957,210.0121002,205.424942,141.4223633
30888,B-20-1-14_masks.tif,82,4394,353.4558441,131.0819417,43.4046867,3.019995113,0.94358642,-21.47374109,5402.758534,1323.875512,3956,0.900318616,205.6430664,202.3981323,149.9471741
30889,B-20-1-14_masks.tif,83,11148,633.5979797,243.8365843,60.66049694,4.019693155,0.968561251,-73.86857437,1559.235379,1327.8284,5255,0.471385002,199.7895355,194.9052277,137.8449097
30890,B-20-1-14_masks.tif,84,17709,1143.63961,464.7464489,66.69308201,6.96843563,0.989649703,87.36408159,2092.618668,1344.735558,8243,0.465469535,203.5439758,197.2842407,158.2383881
30891,B-20-1-14_masks.tif,85,18028,1019.195959,392.1642067,63.69464954,6.156941118,0.986721993,23.07529275,1711.339583,1507.559519,6237,0.345961837,185.5871429,181.8513641,125.1494293
30892,B-20-1-14_masks.tif,86,14964,957.8406204,390.7646577,51.69806849,7.558592982,0.991209753,-8.412713454,2272.378709,1546.225875,4213,0.281542368,210.3489227,204.9938354,166.1920319
30893,B-20-1-14_masks.tif,87,10127,754.5269119,304.8145754,47.149859,6.464803541,0.987964038,-5.903750742,2317.817715,1508.047201,4907,0.484546262,204.6822968,199.5488129,155.4061584
30894,B-20-1-14_masks.tif,88,14129,866.6101731,314.2236683,59.51213698,5.279993027,0.981901136,59.03595494,1554.37377,1456.244108,6215,0.439875434,187.3985443,182.3734589,136.8411865
30895,B-20-1-14_masks.tif,89,14340,892.7106781,335.3151063,58.006902,5.780607044,0.984923192,65.23492439,2112.374477,1423.141911,4871,0.339679219,189.6920624,180.622467,143.0207367
30896,B-20-1-14_masks.tif,90,16363,1132.551299,422.332161,62.70746622,6.734958154,0.988915558,50.89687556,3092.225998,1477.302145,6918,0.422783108,196.6540833,194.9557648,138.411972
30897,B-20-1-14_masks.tif,91,15856,1054.166522,378.5944837,75.76655207,4.99685512,0.979770195,50.68953404,3137.892911,1450.848512,5075,0.320068113,179.8267975,173.6179352,130.4752655
30898,B-20-1-14_masks.tif,92,12414,779.4974747,309.1014208,56.1208164,5.507785535,0.983379652,-15.18951123,3356.705574,1516.75149,8139,0.655630739,205.9939728,199.136261,151.6697388
30899,B-20-1-14_masks.tif,93,10707,702.5269119,295.7646284,49.61517255,5.961173029,0.985829191,7.346113354,2635.858597,1521.077146,5919,0.552815915,199.2644043,195.0493317,154.7232666
30900,B-20-1-14_masks.tif,94,13892,833.1126984,373.6465398,51.39504631,7.270088591,0.990494838,9.416996134,2603.144976,1569.885546,4959,0.356968039,198.8148804,191.6854248,154.6876373
30901,B-20-1-14_masks.tif,95,13016,861.9238816,309.1243637,55.82462643,5.537419297,0.983558548,47.58855636,3072.845267,1515.357329,406,0.031192379,179.5049286,158.7610779,135.5812836
30902,B-20-1-14_masks.tif,96,5848,422.3847763,176.4995267,42.73511602,4.130081843,0.970244826,3.119693338,5004.860294,1497.270691,5179,0.885601915,199.3487091,197.0220184,145.2145233
30903,B-20-1-14_masks.tif,97,13028,881.8406204,362.6437407,47.26214116,7.673028174,0.991471112,11.27147789,3776.293982,1616.961621,6295,0.483190052,202.4729156,196.3170776,154.5555267
30904,B-20-1-14_masks.tif,98,5864,483.9411255,173.5374686,46.80078883,3.708003069,0.962948054,-24.40992972,33.34464529,1532.571794,3322,0.566507503,196.5156555,190.9132996,146.2326965
30905,B-20-1-14_masks.tif,99,13436,812.2842712,350.7442894,51.16069475,6.85573742,0.989304765,4.05380071,3725.298601,1632.295624,5682,0.422893718,198.9359436,191.9303131,147.756073
30906,B-20-1-14_masks.tif,100,3992,341.1126984,110.6938872,49.08182308,2.255292903,0.896323162,-34.39011962,3456.208918,1525.587174,3413,0.85495992,200.0228577,189.9580994,132.7281036
30907,B-20-1-14_masks.tif,101,14416,840.1837662,346.617944,59.38955165,5.836345525,0.985211943,81.64737901,1448.033921,1521.362861,7405,0.513665372,200.5243683,196.0387573,151.7453003
30908,B-20-1-14_masks.tif,102,13606,821.1126984,346.0632869,52.05739545,6.647725726,0.988621061,81.38850098,1432.52396,1563.211598,7267,0.534102602,200.8736725,195.8789063,149.9475708
30909,B-20-1-14_masks.tif,103,5880,444.0832611,144.173561,55.25309637,2.609329983,0.923648738,-42.0636411,3387.428231,1599.403741,4537,0.771598639,212.9036865,205.6854706,141.8540955
30910,B-20-1-14_masks.tif,104,3380,336.3847763,133.971338,33.95012286,3.946122331,0.967358095,81.77884198,5189.559172,1569.513905,3350,0.99112426,190.0271606,192.3632813,126.6346283
30911,B-20-1-14_masks.tif,105,18856,939.9411255,395.8856112,68.38903205,5.788729558,0.984965796,-86.30718917,3066.968392,1761.980537,5919,0.313905388,193.1420898,185.2039185,123.3634033
30912,B-20-1-14_masks.tif,106,11197,863.4386002,327.9640488,61.55812991,5.327712997,0.982226825,-38.89097678,3297.837189,1842.919353,0,0,,,
30913,B-20-1-14_masks.tif,107,7361,606.2253967,216.6554577,45.23827897,4.789206457,0.977957753,-49.68130224,3340.812797,1846.006928,3250,0.441516098,213.5612335,204.0904541,165.9852295
30914,B-20-1-14_masks.tif,108,9254,713.5391052,262.8511597,47.38495456,5.54714386,0.983616624,-47.84742577,3362.136049,1879.610006,7238,0.78214826,206.6320801,197.5415802,160.8938904
30915,B-20-1-14_masks.tif,109,8574,742.9533188,261.201223,45.77874786,5.705731048,0.984521761,-43.79625284,3401.543037,1897.596105,170,0.019827385,234.6000061,223.4117584,220.4058838
30916,B-20-1-14_masks.tif,110,20282,1332.350288,513.1918671,61.83485226,8.299395054,0.992714455,55.21607853,3168.278079,2022.390198,8904,0.43900996,203.6053467,196.6117401,161.7596588
30917,B-20-1-14_masks.tif,111,15488,1164.208153,427.2227011,49.13124169,8.695540483,0.993365321,56.59327361,3123.630553,2039.757942,7148,0.461518595,199.208725,192.5966644,154.5798798
30918,B-20-1-14_masks.tif,112,13231,900.9533188,348.2735936,56.42527507,6.172297666,0.986788423,-26.16858298,2442.740156,2141.425289,4444,0.335877863,201.5467987,191.7826233,151.3609314
30919,B-20-1-14_masks.tif,113,12143,807.2964646,306.712594,51.35012502,5.97296684,0.985885497,-27.26435982,2496.66598,2125.91806,6424,0.52902907,206.365509,199.9884796,157.0773621
30920,B-20-1-14_masks.tif,114,11950,804.7106781,292.4441328,59.45264515,4.918942329,0.97911738,-31.46546069,4115.294059,2211.43523,7093,0.593556485,206.1361847,199.638092,147.2427673
30921,B-20-1-14_masks.tif,115,10277,725.5391052,258.6378374,52.41318958,4.934594507,0.979251048,-53.57884578,3556.593461,2223.519023,7046,0.685608641,202.3567963,194.7676697,148.5110626
30922,B-20-1-14_masks.tif,116,9160,694.1248917,237.2438439,50.59901511,4.688704778,0.97699144,-51.3666633,3588.721507,2258.244432,6528,0.712663755,203.8359375,195.3618317,147.1585541
30923,B-20-1-14_masks.tif,117,4321,381.3553391,122.7152125,46.89439807,2.616841617,0.92410442,-52.62749732,1614.978246,2235.242536,3590,0.830826198,206.1863556,203.2353821,157.6348114
30924,B-20-1-14_masks.tif,118,18700,1040.367532,392.2260603,63.74156721,6.153379615,0.986706514,69.60532928,2620.337647,2307.465829,7452,0.398502674,187.3203125,177.6667938,146.8482361
30925,B-20-1-14_masks.tif,119,9211,613.3553391,231.993394,52.4628321,4.422052426,0.974094965,-79.88305465,1660.090218,2300.371295,4785,0.519487569,191.0321808,183.6766968,141.9487915
30926,B-20-1-14_masks.tif,120,21897,1206.409163,452.3865676,65.08279917,6.950939009,0.989597257,64.29011055,2736.196557,2413.083208,7027,0.32091154,189.1320648,183.2098999,128.9893341
30927,B-20-1-14_masks.tif,121,14733,905.3553391,364.9906787,56.59135783,6.44958334,0.987906816,89.49181594,1575.306183,2370.921062,7402,0.502409557,188.9513702,183.2342682,142.2923584
30928,B-20-1-14_masks.tif,122,13096,827.0538239,309.0637306,54.77038877,5.642898243,0.98417236,67.08392155,1487.320709,2478.726787,6372,0.486560782,185.1208344,177.3961029,144.6619568
30929,B-20-1-14_masks.tif,123,17279,1029.740115,421.1497002,53.44806013,7.879606841,0.991914251,-13.69679544,3033.967649,2638.415186,4917,0.284565079,193.3538818,184.4362488,142.0437317
30930,B-20-1-14_masks.tif,124,18769,1190.166522,448.83535,60.37625371,7.433971511,0.990911205,23.04517744,2868.133678,2683.40439,7256,0.386594917,206.1500854,196.367691,143.7753601
30931,B-20-1-14_masks.tif,125,16518,1092.509668,417.1464415,69.73783775,5.981637157,0.985926677,25.6133306,2908.458409,2659.294709,11998,0.726359123,196.5047455,188.3374786,145.6172638
30932,B-20-1-14_masks.tif,126,16579,1318.492424,462.6026192,50.67460832,9.128883963,0.993982122,51.32682544,868.9554255,2649.949333,6285,0.379094035,184.9284058,176.7678528,154.4784393
30933,B-20-1-14_masks.tif,127,13923,924.9116882,364.5196671,61.6508571,5.91264557,0.985593918,14.67187982,2782.826187,2671.5585,4806,0.345184228,205.2937927,199.6573029,154.84935
30934,B-20-1-14_masks.tif,128,9477,667.3969696,234.1090044,53.26532712,4.395148159,0.973772563,-60.03427027,108.8206183,2677.866308,7052,0.744117337,198.200943,192.6765442,133.1361389
30935,B-20-1-14_masks.tif,129,4595,430.2842712,160.8603295,38.01991618,4.230949083,0.971667114,67.79529363,3494.549946,2641.020239,3534,0.769096844,190.4663239,184.12677,145.7034454
30936,B-20-1-14_masks.tif,130,5074,421.4558441,162.8068538,41.18134581,3.953412658,0.967480393,72.69524485,3475.165353,2672.254631,3574,0.704375246,195.405426,185.7448273,152.0313416
30937,B-20-1-14_masks.tif,131,13089,846.3259018,337.8775023,55.87167311,6.047384721,0.98623315,-72.64901704,2541.770418,2764.087096,6244,0.477041791,190.7460022,181.759613,140.1672058
30938,B-20-1-14_masks.tif,132,13435,875.7401154,340.401677,52.5306868,6.480053808,0.988020965,73.9586094,1416.227466,2808.569855,6343,0.472125047,186.6769714,177.4674377,139.9506531
30939,B-20-1-14_masks.tif,133,13413,871.6812409,312.9572055,57.89392367,5.405700385,0.982740421,54.79820406,2827.6988,2878.168493,2829,0.210914784,193.1028595,184.0148468,140.8045197
30940,B-20-1-14_masks.tif,134,11321,834.0243866,292.0876311,56.97655368,5.126453114,0.98078999,52.71514477,2795.334953,2911.24618,3482,0.307570003,196.8834076,188.9155731,139.9218903
30941,B-20-1-14_masks.tif,135,8037,897.1959595,304.1150642,39.36151628,7.726202975,0.991588603,30.59605887,287.2406371,3005.668657,5245,0.652606694,195.788559,186.3933258,150.5166779
30942,B-20-1-14_masks.tif,136,7564,674.4680374,226.7392269,45.80535843,4.950059004,0.979381851,-35.46325993,4006.450423,2997.95624,5713,0.755288207,194.480484,187.5776367,140.0810394
30943,B-20-1-14_masks.tif,137,5743,439.1126984,171.2087567,44.2931448,3.865355631,0.965955465,-69.88631676,4027.793836,3094.027338,4659,0.811248476,197.70401,191.7353516,136.1624756
30944,B-20-1-14_masks.tif,138,7819,570.2842712,225.4586081,45.73493804,4.929679973,0.979209217,-83.63682103,4078.823635,3131.188899,4708,0.602123034,189.1465607,178.5856018,142.779953
30945,B-20-1-14_masks.tif,139,5819,603.3969696,220.1784615,36.07795384,6.10285335,0.986483973,53.68691893,3682.164977,3300.683279,5789,0.994844475,177.1470032,170.5565796,136.0343781
30946,B-20-1-14_masks.tif,140,8951,690.1837662,265.4291367,47.20424842,5.622992541,0.984059191,-81.26129212,2308.209586,3297.192269,6246,0.697799129,191.2787323,183.7054138,131.8675995
30947,B-20-1-14_masks.tif,141,6653,632.8111832,232.4088788,38.14202988,6.093248826,0.986441036,53.96844546,3671.098452,3346.724185,6015,0.904103412,197.0492096,186.916214,162.8068237
30948,B-20-1-14_masks.tif,142,7574,571.9827561,207.0683078,47.59369904,4.350750457,0.973227152,47.68790811,3621.057433,3359.174809,3244,0.428307367,194.8264465,186.6325531,146.4179993
30949,B-20-1-14_masks.tif,143,5142,582.8111832,233.5192784,29.69166721,7.86480856,0.99188367,49.75419536,3529.391093,3395.43485,4938,0.960326721,181.4234467,173.3677673,139.8205719
30950,B-20-1-14_masks.tif,144,6926,498.0832611,179.1734254,50.22302841,3.567555185,0.95991128,45.84868484,3599.00361,3398.346809,6700,0.967369333,202.0093994,190.5905914,142.9788055
30951,B-20-1-14_masks.tif,145,3617,345.2132034,133.1230963,35.62118568,3.737188804,0.963535423,-70.04099468,1411.027647,3396.113354,2380,0.658003871,203.1046143,197.3285675,144.0163879
30952,B-20-1-14_masks.tif,146,5035,407.6984848,150.5087891,44.01646696,3.419374601,0.956280467,-65.7108368,1982.795829,3418.42999,4707,0.934856008,190.7416687,181.6507263,138.3139954
30953,B-20-1-14_masks.tif,147,7715,553.5979797,213.955928,47.17029415,4.535819246,0.975394357,-68.91363154,1440.423461,3440.805314,7459,0.966817887,196.759613,187.3303375,125.1278992
30954,B-20-1-14_masks.tif,148,6191,533.254834,199.8633432,40.86669366,4.890616915,0.978872166,-62.32756763,1969.687934,3470.146988,3564,0.575674366,198.1764832,191.5852966,142.1074677
30955,B-20-1-14_masks.tif,149,8496,560.2842712,228.8086066,49.03447079,4.666280738,0.976767135,-79.98749198,3468.262947,3528.081332,0,0,,,
30956,B-20-1-14_masks.tif,150,6568,541.8406204,195.6435499,44.37006336,4.409359263,0.973943607,-64.54299008,4029.817144,3587.874543,3572,0.543848965,185,172.0601959,123.9529648
30957,B-20-1-14_masks.tif,151,3177,323.4558441,109.1605029,41.23845269,2.647056226,0.925896145,59.10080172,1400.310985,3574.281398,3086,0.971356626,180.0897675,167.8418732,126.7135468
30958,B-20-1-14_masks.tif,152,2926,334.627417,130.7702627,30.03003399,4.354649175,0.973275728,-69.11284074,4735.638756,3573.259398,2896,0.989747095,185.4913635,179.288681,135.1177521
30959,B-20-1-14_masks.tif,153,5293,425.9411255,149.7627377,47.87978921,3.127890497,0.947517371,-68.56541696,4094.737389,3617.104478,4243,0.801624787,188.5031891,176.8423309,128.0428925
30960,B-20-1-14_masks.tif,154,4822,358.9705627,133.4248268,47.04350605,2.836200742,0.935780036,-84.65455479,3531.935089,3605.031937,4516,0.936540854,197.4860535,189.3401184,148.6742706
30961,B-20-1-15_masks.tif,1,12301,800.6101731,294.2395097,55.13546265,5.336665288,0.982286942,38.59946755,4895.548492,103.5350784,7252,0.589545565,198.6039734,201.7819977,158.1104584
30962,B-20-1-15_masks.tif,2,11534,814.3675324,296.3063357,53.32474453,5.556638636,0.98367303,34.36081866,4960.148431,106.0860933,6042,0.523842552,190.1949615,199.8551788,149.0362396
30963,B-20-1-15_masks.tif,3,13061,833.7817459,315.8689842,59.37671206,5.319745288,0.982173062,58.71524921,5093.14884,124.422326,6716,0.514202588,194.6751099,196.6721191,136.4038086
30964,B-20-1-15_masks.tif,4,15392,879.2964646,334.0301068,59.60304128,5.604246019,0.983951496,66.42790085,4950.028131,242.0379418,8891,0.577637734,191.3856659,185.3559723,132.4239044
30965,B-20-1-15_masks.tif,5,11265,846.9116882,289.2554492,52.12892187,5.54884772,0.983626768,-72.87887917,3815.623791,242.2781181,6151,0.546027519,198.7275238,190.6073761,125.1656647
30966,B-20-1-15_masks.tif,6,15360,760.4264069,304.1267965,68.6938121,4.427280816,0.974156925,80.75053675,4836.073568,281.4763021,8077,0.525846354,201.937851,199.3929749,145.0168304
30967,B-20-1-15_masks.tif,7,21622,1226.107648,446.9215669,69.1651732,6.461656151,0.987952238,52.19835164,3797.277773,429.0152622,6453,0.298446027,194.5665588,190.7325287,148.6026611
30968,B-20-1-15_masks.tif,8,16012,885.0121933,373.803885,59.18248121,6.316123915,0.987387062,-81.1480556,3573.665688,487.0111791,5476,0.341993505,207.4242096,197.2901764,157.6590576
30969,B-20-1-15_masks.tif,9,11471,764.7695526,308.6608183,49.35644597,6.25370835,0.987132388,-79.77554205,3553.379392,534.1747886,8102,0.706302851,209.7991791,205.2024231,159.5233307
30970,B-20-1-15_masks.tif,10,9551,853.0954544,316.0381201,40.13398552,7.874576022,0.991903874,53.81589212,3396.254947,736.3188148,7241,0.758140509,190.4470367,194.2535553,132.7714386
30971,B-20-1-15_masks.tif,11,16459,1226.693434,419.3781161,56.51255786,7.420972115,0.990879188,-38.21831061,3733.870831,841.874962,8174,0.496627985,208.8458557,200.6997833,130.5581055
30972,B-20-1-15_masks.tif,12,4398,425.0121933,141.1505151,42.47941472,3.32279802,0.953639546,42.48720168,3349.576171,774.739427,4178,0.949977262,195.834137,196.9827728,142.8599854
30973,B-20-1-15_masks.tif,13,7687,506.627417,207.9310135,49.66506716,4.186665305,0.971055594,-82.93692378,4870.310264,765.0286197,5068,0.659294913,205.6341705,203.9402161,138.1797485
30974,B-20-1-15_masks.tif,14,11081,719.5979797,280.2659947,52.59500102,5.328757283,0.982233854,77.80196015,5104.261709,815.028427,7259,0.655085281,200.1077271,197.522934,133.4276123
30975,B-20-1-15_masks.tif,15,9334,687.0538239,253.0016951,48.13781126,5.255778951,0.981732429,-33.22782153,5218.261731,1034.588601,7912,0.847653739,204.1127472,196.5600281,137.1954041
30976,B-20-1-15_masks.tif,16,10732,675.6396103,245.1467914,56.67085931,4.325799791,0.972913106,-32.41726092,5149.779351,1041.831905,5745,0.535314946,207.1230621,199.7893829,131.9761505
30977,B-20-1-15_masks.tif,17,8026,741.1543289,264.9328632,40.02921048,6.618488351,0.98851972,22.71001347,5057.62933,1163.581485,5782,0.720408672,202.0402985,203.9839172,168.572113
30978,B-20-1-15_masks.tif,18,14787,957.3380951,360.1553331,60.08130661,5.994465723,0.985987276,29.82908506,5043.49929,1224.403395,7861,0.531615608,195.1707153,188.8518066,140.3584747
30979,B-20-1-15_masks.tif,19,8456,607.7989899,259.982675,42.50430977,6.116619149,0.986545156,-3.308984854,4959.480842,1247.060785,3074,0.363528855,210.5198364,210.2940826,148.6122284
30980,B-20-1-15_masks.tif,20,7520,736.6101731,253.095417,40.75770661,6.209756094,0.986948383,42.50604944,4232.021144,1236.431117,6624,0.880851064,191.7663116,190.1621399,149.9856567
30981,B-20-1-15_masks.tif,21,4150,373.1126984,126.2913769,44.37178655,2.846208971,0.936246233,-35.52345404,1475.489398,1189.024578,4065,0.979518072,202.617218,194.5756531,135.8895416
30982,B-20-1-15_masks.tif,22,15939,910.3259018,365.5094622,58.4062347,6.258055567,0.987150375,13.48784471,4136.069891,1312.828346,10936,0.686115817,200.375824,195.4563751,147.1017761
30983,B-20-1-15_masks.tif,23,4897,461.9411255,155.6537935,42.06392749,3.70041037,0.962792907,59.12033238,3308.317746,1181.362263,3917,0.799877476,205.1059418,198.4258423,150.2216034
30984,B-20-1-15_masks.tif,24,8549,643.0538239,243.9750683,47.59531829,5.126030817,0.980786794,37.66661182,4197.725231,1269.133466,7586,0.887355246,205.7476959,204.1734772,157.9207764
30985,B-20-1-15_masks.tif,25,7610,607.6396103,206.9339881,50.66372282,4.084460766,0.969565931,-39.05322163,1347.208541,1280.070959,5997,0.78804205,214.670166,208.9564819,157.6855164
30986,B-20-1-15_masks.tif,26,5608,551.1543289,202.623689,36.09855442,5.613069338,0.98400232,-55.83511525,2440.422967,1277.830956,0,0,,,
30987,B-20-1-15_masks.tif,27,6846,486.6690476,170.5105132,52.88405646,3.224232872,0.950687212,-39.0316593,1409.009202,1292.430909,6469,0.944931347,209.5068817,202.8659821,155.9407959
30988,B-20-1-15_masks.tif,28,13935,846.9533188,317.5828464,57.03901027,5.567818321,0.983739071,63.76709839,1677.809831,1336.786796,9351,0.671044133,194.1201935,192.3316193,137.9775391
30989,B-20-1-15_masks.tif,29,7761,696.1248917,268.545756,38.49173472,6.976712219,0.989674374,-57.42440702,2491.409097,1329.978998,3438,0.442984152,207.0186157,195.2379303,149.8103485
30990,B-20-1-15_masks.tif,30,7409,801.1959595,297.3569824,36.2906925,8.193753327,0.992524667,-56.45248988,2498.914563,1360.237414,443,0.059792145,214.3792267,207.6207733,179.0383759
30991,B-20-1-15_masks.tif,31,9787,707.8406204,272.8214022,47.13154406,5.788509747,0.984964645,18.02405167,4578.870134,1429.376213,6559,0.670174722,195.9894867,189.5856018,140.9702759
30992,B-20-1-15_masks.tif,32,7413,538.2842712,219.1060895,43.93655231,4.986874891,0.979688302,-76.9431355,2662.783893,1343.874949,7020,0.946985026,204.803421,198.8368988,149.7764893
30993,B-20-1-15_masks.tif,33,8489,620.0832611,238.8866065,47.30073547,5.050378269,0.980201016,-63.12052178,1428.774885,1372.46896,6873,0.809636,206.9658051,199.344101,155.071579
30994,B-20-1-15_masks.tif,34,10035,766.8528137,279.7541001,46.71053881,5.98910026,0.985961978,47.74935803,4470.497758,1447.166617,7378,0.735226707,199.2830048,199.9258575,153.4898376
30995,B-20-1-15_masks.tif,35,13940,971.7228714,334.3278902,54.29489651,6.157630122,0.986724984,43.36729798,2030.334864,1471.423458,9892,0.709612626,196.0413513,190.8738403,142.7727509
30996,B-20-1-15_masks.tif,36,6737,505.1126984,202.7340736,43.20747885,4.692106066,0.977025178,-74.03857268,2662.254416,1398.264213,5645,0.837910049,213.8976135,210.0839691,154.6145325
30997,B-20-1-15_masks.tif,37,13459,736.3259018,253.3917511,71.70455519,3.533830597,0.959126092,-71.33228827,1442.495133,1426.068133,12515,0.92986106,207.6373901,198.7331238,150.740387
30998,B-20-1-15_masks.tif,38,9679,729.2964646,264.764009,53.54722198,4.944495703,0.979334939,-38.25507015,4217.491063,1470.076557,5568,0.57526604,207.13237,197.7792816,145.7995758
30999,B-20-1-15_masks.tif,39,14317,884.2253967,338.9280445,55.62218168,6.093397171,0.986441701,20.61938791,1941.756583,1544.32409,8119,0.567088077,193.548584,191.9940948,140.24646
31000,B-20-1-15_masks.tif,40,9346,641.4974747,229.7254725,53.17413775,4.320248193,0.972842474,-67.23945372,1665.702868,1456.443612,8031,0.859298095,203.4178772,199.2926178,152.0387268
31001,B-20-1-15_masks.tif,41,10059,703.5391052,244.4281467,54.32848648,4.499078891,0.974985672,44.3601716,2005.426186,1514.655433,8888,0.883586838,193.4300232,187.0511932,141.7100525
31002,B-20-1-15_masks.tif,42,9465,591.9827561,209.5354147,59.0400286,3.549039859,0.959483051,-42.47528989,4257.687375,1492.239725,7449,0.787004754,212.5885315,200.2158661,150.8535309
31003,B-20-1-15_masks.tif,43,12401,775.0538239,287.8342,56.29374446,5.113076112,0.980688352,-24.01737213,4977.196678,1549.036045,6471,0.521812757,204.5620422,195.2358246,142.4625244
31004,B-20-1-15_masks.tif,44,8575,517.6984848,203.2460532,55.49225414,3.662602221,0.962005541,-15.24186062,5071.870554,1531.389038,5418,0.631836735,208.2482452,200.5856476,147.5869293
31005,B-20-1-15_masks.tif,45,4714,424.1837662,164.2529466,38.28196488,4.290609093,0.972460646,-37.07682739,2718.740136,1522.53182,4362,0.925328808,207.9883118,201.7148132,142.899353
31006,B-20-1-15_masks.tif,46,6163,619.8406204,248.5215402,33.98493712,7.312696779,0.990605804,-70.17685135,1654.410352,1509.398832,5846,0.948564011,211.0396881,204.4835815,153.2858429
31007,B-20-1-15_masks.tif,47,8028,563.4974747,209.3941004,50.38401057,4.155963332,0.970619869,59.85914824,4470.019557,1536.750374,6446,0.802939711,193.4227448,187.9629211,148.4390259
31008,B-20-1-15_masks.tif,48,2275,209.8994949,66.93007464,44.35034563,1.509121827,0.7489407,-60.61501978,1707.678242,1522.669011,875,0.384615385,204.8914337,184.1211395,146.7462921
31009,B-20-1-15_masks.tif,49,3262,270.3847763,93.82000234,44.86619144,2.091106896,0.878242456,-69.04082947,1638.40374,1551.825874,2996,0.918454936,213.7583466,203.4506073,170.9145508
31010,B-20-1-15_masks.tif,50,17541,1277.421356,453.1569367,58.95036682,7.687092738,0.991502427,44.14084452,1358.772932,1689.948635,12872,0.733823613,200.9159393,196.4739685,162.8440094
31011,B-20-1-15_masks.tif,51,15742,1054.551299,361.2867178,57.67961279,6.2636814,0.987173597,41.66366834,1300.151887,1694.904015,11243,0.71420404,197.4762115,191.8870392,159.5665741
31012,B-20-1-15_masks.tif,52,5750,436.4264069,152.5856635,49.02135719,3.112636456,0.94698728,-41.80472792,4214.810435,1600.143652,5065,0.880869565,205.5066071,197.2754211,148.0993042
31013,B-20-1-15_masks.tif,53,4184,355.4558441,129.5681272,42.31007267,3.062347073,0.945180993,-67.13083898,1670.114484,1584.134082,4087,0.976816444,208.9376068,203.4617004,154.6948853
31014,B-20-1-15_masks.tif,54,8224,503.9411255,190.3412127,56.77279659,3.352683399,0.954481993,-74.9350469,4391.532101,1594.307515,7313,0.889226654,207.9459839,201.9446259,144.8055573
31015,B-20-1-15_masks.tif,55,16153,1040.024387,398.4460167,59.21063928,6.729297665,0.988896797,-63.64378028,4721.197548,1642.068285,8278,0.512474463,208.7881165,199.2370148,128.1459351
31016,B-20-1-15_masks.tif,56,7016,518.3259018,195.2784289,47.63917967,4.099114012,0.969786513,-48.76837402,4238.184151,1635.617018,6296,0.897377423,206.4351959,200.0312958,149.1670837
31017,B-20-1-15_masks.tif,57,14763,961.6812409,355.4488228,54.60982402,6.508880576,0.988127473,-59.18729007,4746.086703,1680.923457,8229,0.557407031,204.0235748,194.6991119,139.8019257
31018,B-20-1-15_masks.tif,58,6029,398.2842712,132.1223753,59.78122963,2.210097988,0.891780322,1.458251014,2591.298557,1673.052247,1386,0.22988887,201.6154327,197.1486359,149.2878723
31019,B-20-1-15_masks.tif,59,6191,396.2842712,138.9187037,57.79849143,2.40350051,0.909337244,-71.74483754,3185.992408,1639.490712,5518,0.891293814,202.8727875,190.3075409,135.1685333
31020,B-20-1-15_masks.tif,60,10814,671.4558441,281.6294826,50.28656592,5.600491453,0.983929795,-87.64602039,4486.673664,1630.810431,6284,0.581098576,207.6193542,201.3849487,148.6398773
31021,B-20-1-15_masks.tif,61,6225,439.1126984,165.77932,48.93674333,3.387624691,0.955437927,69.5335738,2785.183775,1650.024578,5350,0.859437751,195.7540131,190.6287842,149.293457
31022,B-20-1-15_masks.tif,62,5712,451.3553391,162.1746113,47.12709101,3.44121837,0.956846221,-66.62317806,3264.388655,1662.17437,5271,0.922794118,207.2614288,200.3786774,151.5628967
31023,B-20-1-15_masks.tif,63,9664,577.8406204,211.1946681,62.83822116,3.360926904,0.954710298,-21.60387443,2655.243274,1738.911424,8411,0.870343543,206.7630463,199.2779694,143.1358948
31024,B-20-1-15_masks.tif,64,7423,585.3553391,210.2524665,46.79053256,4.493483083,0.97492253,-73.47583616,4516.082851,1679.704702,55,0.007409403,238.7818146,226.8000031,217.1272736
31025,B-20-1-15_masks.tif,65,7437,523.9411255,203.1060779,47.60769606,4.266244635,0.972140674,75.2626783,4003.072207,1687.012505,6818,0.916767514,193.5894623,188.2357025,149.1500397
31026,B-20-1-15_masks.tif,66,4901,385.6984848,127.2186267,54.24592195,2.345220105,0.904535081,-65.90547437,4412.357682,1682.115895,3413,0.696388492,194.6750641,183.3680115,136.1933746
31027,B-20-1-15_masks.tif,67,11556,720.4680374,252.6888046,64.50055582,3.917622125,0.966873273,54.90498889,2506.735981,1728.792835,8214,0.710799585,193.5037689,188.372406,134.3840942
31028,B-20-1-15_masks.tif,68,9547,634.8111832,224.5479556,56.21805772,3.99423183,0.968152547,52.87407836,2469.38588,1761.097099,5319,0.557138368,198.0626068,191.7223206,131.7565308
31029,B-20-1-15_masks.tif,69,4092,332.2842712,108.0035876,50.19987878,2.151471084,0.885416616,-57.40408834,4327.066471,1724.080645,3449,0.842864125,204.5143585,195.5645142,127.7692108
31030,B-20-1-15_masks.tif,70,3097,293.7989899,108.364088,37.68078956,2.875844409,0.937596955,-62.52977912,3309.817565,1725.518243,2866,0.925411689,209.9553375,205.7955322,137.7780914
31031,B-20-1-15_masks.tif,71,7953,520.0416306,215.3821621,48.37262003,4.452563495,0.974453414,81.70486515,3946.162454,1726.37621,6276,0.789136175,202.3430481,197.7198792,150.6588593
31032,B-20-1-15_masks.tif,72,11899,804.9533188,287.8357783,58.64208759,4.908348084,0.979026169,-56.33507788,526.1799311,1792.486007,8320,0.699218422,207.3611755,200.0896606,150.3170624
31033,B-20-1-15_masks.tif,73,6456,528.9116882,194.9459243,43.61796866,4.469394846,0.974647962,-49.68385839,2752.310719,1764.321406,5366,0.831164808,207.1246796,200.9614258,148.5428619
31034,B-20-1-15_masks.tif,74,6411,429.4558441,154.0763693,56.52085859,2.726009001,0.930285373,-75.04060652,4453.190298,1737.300421,5109,0.796911558,201.3763885,189.2593536,148.2213745
31035,B-20-1-15_masks.tif,75,14354,987.8233765,326.9832618,65.2914572,5.008055813,0.979861512,40.61112952,3889.91633,1864.110701,7596,0.52919047,193.5207977,187.9736633,142.7395935
31036,B-20-1-15_masks.tif,76,8973,689.3969696,268.3161521,45.48918983,5.89845968,0.985524032,-62.43515168,4123.146774,1789.765296,7403,0.825030647,206.9000397,198.9571838,140.4818268
31037,B-20-1-15_masks.tif,77,6029,483.1126984,186.1716045,42.70864924,4.359107766,0.973331117,-70.95760681,4716.307016,1756.606402,5221,0.865981091,205.8318329,198.2507172,159.6816711
31038,B-20-1-15_masks.tif,78,4630,369.7989899,143.0704301,44.30314426,3.229351606,0.950847453,-83.8784759,3199.1946,1753.539741,3749,0.809719222,214.318222,211.5393372,135.691925
31039,B-20-1-15_masks.tif,79,7106,553.8406204,212.5128219,44.72083324,4.751987083,0.977607145,-66.31353865,4733.59893,1789.509006,5550,0.781030115,208.7151337,201.5041504,162.451889
31040,B-20-1-15_masks.tif,80,5057,410.627417,157.0366009,46.30706648,3.391201665,0.95553407,-74.34074835,4337.30789,1774.623888,4222,0.834882341,208.5935516,203.0942688,151.735199
31041,B-20-1-15_masks.tif,81,6304,517.7401154,183.9429976,44.38007689,4.144720118,0.970457827,-49.75852263,2780.194162,1803.978109,5419,0.859612944,212.0806427,205.1382141,149.6519623
31042,B-20-1-15_masks.tif,82,5388,419.6984848,158.6486352,44.28418113,3.582512562,0.960252246,-70.59669718,4125.449146,1857.179473,4024,0.74684484,194.5549164,185.2954712,138.482605
31043,B-20-1-15_masks.tif,83,13484,889.8406204,350.1901505,55.99737213,6.253689007,0.987132308,-83.13559197,1283.750297,1866.065188,7021,0.52069119,198.4160309,195.4223022,148.8057251
31044,B-20-1-15_masks.tif,84,11158,853.9827561,347.0854925,51.12354889,6.789150989,0.989092781,74.52238511,4746.157376,1876.060853,8506,0.762322997,188.9956512,188.3070831,140.5914612
31045,B-20-1-15_masks.tif,85,5813,466.0416306,182.7923696,43.57867013,4.194537581,0.971165749,-12.85741788,3589.725787,1936.823499,4041,0.695166007,199.5642242,192.717392,147.1591187
31046,B-20-1-15_masks.tif,86,15394,1001.053824,393.4215967,52.19455743,7.537598096,0.991160498,73.03471071,4713.635053,1920.387489,6480,0.420943225,190.8935242,181.5569458,136.2529297
31047,B-20-1-15_masks.tif,87,11169,820.8528137,296.1510821,50.03534006,5.9188382,0.985624267,-53.87621742,232.5106097,1948.662817,7792,0.697645268,205.1682434,200.0856018,146.1277008
31048,B-20-1-15_masks.tif,88,12942,913.5807358,327.8274059,55.31926694,5.926098157,0.985659725,50.26120162,2307.236439,1961.851569,5169,0.399397311,193.1336823,185.9098511,144.2880707
31049,B-20-1-15_masks.tif,89,9635,679.0538239,253.8999271,49.90687192,5.087474276,0.98049156,-56.36784624,4966.748832,1942.060197,8200,0.85106383,203.2014618,196.555603,154.9021912
31050,B-20-1-15_masks.tif,90,9332,577.3553391,230.4553459,53.42403934,4.313701261,0.972758823,-76.74413028,4213.355015,1909.359301,8273,0.886519503,207.8363342,203.297226,165.5120239
31051,B-20-1-15_masks.tif,91,9601,757.5391052,277.0959734,46.15323378,6.003825749,0.986031243,-57.60155537,5016.113426,1959.13259,6689,0.696698261,204.4351959,197.5389404,145.8706818
31052,B-20-1-15_masks.tif,92,13295,843.9411255,331.1130749,53.25128272,6.217936131,0.986982927,-86.89163396,1309.460323,1908.653554,7440,0.559608876,201.8681488,196.2873688,159.8401947
31053,B-20-1-15_masks.tif,93,6313,684.1248917,231.8519861,37.04580757,6.258521579,0.987152301,-39.52877874,1482.072549,1964.174719,4650,0.736575321,204.6118317,196.3711853,144.056778
31054,B-20-1-15_masks.tif,94,7564,600.7695526,248.0942098,39.96319401,6.208067596,0.986941235,-16.65235055,3630.167636,2032.762427,6650,0.879164463,200.8631592,193.3718872,147.5780487
31055,B-20-1-15_masks.tif,95,7169,535.9411255,215.5842382,43.38827699,4.968720888,0.979538054,-75.13822265,4211.765518,1953.810015,6567,0.91602734,207.3245087,200.8908234,161.102478
31056,B-20-1-15_masks.tif,96,15478,1286.249783,497.6084754,42.56311652,11.69107237,0.996335136,38.79872795,850.8114097,2109.509691,7104,0.458974028,193.6734161,187.7415466,162.0664368
31057,B-20-1-15_masks.tif,97,8161,531.254834,191.8339302,56.20956902,3.412834034,0.956108883,-59.07250828,254.3410121,1997.060164,6216,0.761671364,204.6324005,198.1571808,162.3590698
31058,B-20-1-15_masks.tif,98,17015,1051.480231,402.6172723,61.09719842,6.589782881,0.988418897,39.90801404,613.1007346,2096.084279,9642,0.566676462,192.4239807,184.437561,133.655777
31059,B-20-1-15_masks.tif,99,8084,696.1248917,272.8562978,41.12741566,6.634413892,0.988575088,-38.55066934,3694.74567,2063.124691,6925,0.856630381,203.7676544,194.7786255,153.8644104
31060,B-20-1-15_masks.tif,100,7953,647.3969696,214.7713724,50.83089978,4.22521288,0.971589006,-54.4282794,257.866717,2049.24167,4773,0.600150886,209.4399719,201.925827,155.9537048
31061,B-20-1-15_masks.tif,101,11430,904.1665222,337.911387,46.85622245,7.21166516,0.990339453,37.5731038,579.4305337,2123.521347,7502,0.656342957,196.2003479,185.9118958,153.5046692
31062,B-20-1-15_masks.tif,102,13249,1035.965512,368.4180349,49.82365001,7.394440889,0.990813316,39.3086578,833.7986263,2146.274436,2492,0.188089667,201.0052185,190.8699799,166.5144501
31063,B-20-1-15_masks.tif,103,10612,615.4558441,263.7419108,52.72791713,5.001940626,0.979811733,1.068831133,428.6851677,2126.502356,5102,0.480776479,190.8714294,183.1912994,142.9696198
31064,B-20-1-15_masks.tif,104,5724,414.3847763,169.2086578,43.98626879,3.846851812,0.965621317,78.54332496,4005.289308,2028.844165,5275,0.921558351,194.9017944,190.6136475,149.8343201
31065,B-20-1-15_masks.tif,105,10080,663.0121933,254.6095042,52.32754716,4.86568773,0.978652749,75.0779315,4233.379762,2053.501984,7827,0.776488095,196.6055908,192.2804413,141.1124268
31066,B-20-1-15_masks.tif,106,9518,645.6396103,229.8058852,53.44448029,4.299899334,0.972581194,36.90283071,521.2942845,2113.397773,217,0.022798907,227.5483856,227.589859,198.1935425
31067,B-20-1-15_masks.tif,107,9001,586.0416306,237.4320029,49.42390431,4.803991231,0.978094736,-8.069180618,349.048328,2137.307188,5100,0.566603711,195.8413696,188.0872498,142.1215668
31068,B-20-1-15_masks.tif,108,5025,400.3847763,164.6348266,40.1617091,4.099298318,0.969789273,83.68148508,4021.370945,2069.679005,4372,0.870049751,199.1020203,191.3661957,154.6889343
31069,B-20-1-15_masks.tif,109,23866,975.7401154,380.2602271,84.21032044,4.515601236,0.975170716,-14.79080301,2280.9268,2273.614933,15195,0.636679796,207.0182343,199.6189575,165.6262512
31070,B-20-1-15_masks.tif,110,20450,1190.024387,466.0238292,57.20601174,8.146413551,0.992437203,18.17926292,3871.544939,2286.88665,7401,0.36190709,186.2499695,177.5512695,116.7113876
31071,B-20-1-15_masks.tif,111,9107,597.2132034,240.9292705,49.75664594,4.842152558,0.978442438,89.65782379,4218.946964,2115.955748,7015,0.770286593,197.9850311,189.883255,138.2970734
31072,B-20-1-15_masks.tif,112,8021,601.6396103,215.5543373,48.25159035,4.467300161,0.974623872,46.91137377,3976.429124,2180.665877,5362,0.6684952,199.8612518,190.6434174,151.169342
31073,B-20-1-15_masks.tif,113,9976,808.2670273,292.287981,49.58984021,5.89411016,0.985502502,46.02089385,4050.055333,2191.041901,6141,0.615577386,193.4535065,186.8514862,145.9754181
31074,B-20-1-15_masks.tif,114,15504,962.2253967,369.524161,56.33407922,6.559513638,0.988311134,-15.8758694,2349.039603,2300.44653,8868,0.571981424,203.1671143,194.1385956,143.1471558
31075,B-20-1-15_masks.tif,115,9568,621.5979797,246.9505109,51.36989244,4.807300526,0.978125221,14.36146691,102.4708403,2250.946593,7465,0.780204849,191.0815735,187.1026154,138.5173492
31076,B-20-1-15_masks.tif,116,7790,535.9411255,202.2376736,50.58245834,3.99817803,0.968216414,16.51036064,154.6593068,2257.552375,4440,0.569961489,184.1930237,176.3815308,143.8245544
31077,B-20-1-15_masks.tif,117,14179,963.2375901,347.9250734,54.67208217,6.363852621,0.987576732,49.83833441,605.8885676,2261.290288,5762,0.406375626,188.7881012,180.7077332,144.2396698
31078,B-20-1-15_masks.tif,118,8595,681.6984848,246.5568674,54.67896179,4.509172437,0.975098962,6.999839832,4263.164049,2374.214427,6812,0.79255381,197.2777405,191.6874695,147.3871155
31079,B-20-1-15_masks.tif,119,6745,476.0416306,180.3591062,51.23559638,3.520191408,0.958801925,-8.850752525,4210.723351,2374.200297,5673,0.841067457,203.6398773,198.1115875,155.3527222
31080,B-20-1-15_masks.tif,120,11783,793.5391052,302.1695395,51.08996286,5.914459956,0.98560282,-59.88539483,294.6265807,2357.672749,10083,0.855724349,205.7160492,202.5673981,154.5819702
31081,B-20-1-15_masks.tif,121,10985,692.8700577,292.6070566,48.91991582,5.981348325,0.985925308,82.92469029,5218.389258,2409.444151,4565,0.415566682,190.4512634,185.5890503,143.4039459
31082,B-20-1-15_masks.tif,122,9324,677.9411255,286.9345957,46.78792051,6.132663999,0.986615944,82.47751422,5200.81317,2448.895217,5277,0.565958816,199.0964508,192.0456696,149.7784729
31083,B-20-1-15_masks.tif,123,8260,585.7989899,235.096978,52.00969947,4.520252576,0.975222437,-4.842665786,4186.030508,2532.779419,5889,0.712953995,204.8962402,200.9692688,148.4574585
31084,B-20-1-15_masks.tif,124,5848,533.0121933,190.3325026,45.35039367,4.196931652,0.971199123,26.66354179,4300.27736,2530.218365,3458,0.591313269,202.4294434,198.2961273,131.2906342
31085,B-20-1-15_masks.tif,125,8093,609.8406204,234.3135042,45.13845993,5.190994655,0.981269243,71.18263444,5320.391944,2519.705301,7832,0.967749907,192.4214783,188.6756897,135.5934601
31086,B-20-1-16_masks.tif,1,5859,504.1837662,182.0679448,42.47687392,4.286283994,0.972404251,-65.19729839,408.1582181,54.7806793,30,0.005120328,195.9666595,155.5333405,169.1666718
31087,B-20-1-16_masks.tif,2,11884,873.6812409,331.1066842,55.00539745,6.019530801,0.98610455,48.84731308,4450.616459,115.8450858,4907,0.412908112,197.2820435,195.9347839,149.0947571
31088,B-20-1-16_masks.tif,3,11463,1007.23759,361.9824819,55.92456689,6.472691734,0.987993534,36.5534688,4288.568787,165.0485039,6166,0.537904563,196.949234,202.6122284,149.6939697
31089,B-20-1-16_masks.tif,4,8118,619.9827561,216.5344461,49.67761281,4.358793305,0.973327216,29.966644,4317.002833,142.062577,6889,0.848608032,207.0699615,204.8118744,172.2682495
31090,B-20-1-16_masks.tif,5,11135,763.882251,259.0192663,58.1341615,4.455543172,0.974488019,29.63135882,5118.969106,186.4545128,6956,0.624696902,194.193222,193.907135,139.307785
31091,B-20-1-16_masks.tif,6,12568,893.0121933,366.7357149,44.51872427,8.237785806,0.992604665,12.37498519,1572.57177,255.7463399,5226,0.41581795,191.3666229,185.6033325,141.1297302
31092,B-20-1-16_masks.tif,7,6303,477.7989899,195.8975831,42.13256675,4.649552548,0.976597654,89.55610358,437.0732984,106.7632873,5129,0.813739489,194.116394,195.2246094,149.992981
31093,B-20-1-16_masks.tif,8,12640,835.7401154,344.9652336,49.17082681,7.015648424,0.989789258,16.54660457,5004.751424,235.640269,2329,0.184256329,179.8419952,175.0553894,133.2443085
31094,B-20-1-16_masks.tif,9,22098,1432.149278,508.3758152,67.47080714,7.534752239,0.99115379,49.22774704,4337.427143,299.3039642,10249,0.463797629,187.3594513,189.2654877,132.2123108
31095,B-20-1-16_masks.tif,10,6500,679.3969696,246.0913737,36.53647918,6.73549776,0.988917343,-59.70179874,2512.869077,169.3687692,4495,0.691538462,205.3043365,204.9684143,153.3668518
31096,B-20-1-16_masks.tif,11,5552,425.254834,147.5732825,49.03363066,3.009634012,0.943185611,-41.97329019,1338.976225,175.4628963,3242,0.583933718,199.3383789,186.5,137.1415863
31097,B-20-1-16_masks.tif,12,6895,571.9827561,216.3319755,44.66717454,4.843198114,0.978451847,-42.35470627,1363.877012,206.3575054,5756,0.834807832,205.3834229,198.5192871,143.1740723
31098,B-20-1-16_masks.tif,13,13982,998.9949494,356.064411,58.3753633,6.09956651,0.986469302,34.62373482,4489.356816,265.5371192,0,0,,,
31099,B-20-1-16_masks.tif,14,11336,914.4680374,355.0672504,49.59025081,7.160021267,0.990198898,20.59684627,4985.739855,296.7956069,3568,0.314749471,209.6098633,207.6860962,139.9428253
31100,B-20-1-16_masks.tif,15,12351,919.3969696,345.4267513,50.47689003,6.843265327,0.989265533,16.35982815,1538.879362,291.6718484,4904,0.39705287,191.1845398,184.5850372,142.6845398
31101,B-20-1-16_masks.tif,16,8191,533.5563492,238.8046047,46.20671385,5.168179791,0.981101908,88.6566482,4053.448663,168.4744231,7361,0.898669271,194.7075195,193.620575,133.6738281
31102,B-20-1-16_masks.tif,17,4701,369.5563492,144.1404341,43.07510029,3.346258817,0.954302854,3.75317886,5092.87024,300.9608594,3188,0.678153584,188.5727692,182.4513855,136.6894531
31103,B-20-1-16_masks.tif,18,11721,900.9116882,331.8548276,50.21283006,6.608964825,0.988486417,13.06564836,4758.127719,420.4707789,6548,0.558655405,198.9323425,188.34758,152.3311005
31104,B-20-1-16_masks.tif,19,4062,385.3553391,134.4768527,41.82611983,3.21514052,0.950400619,-45.43439906,736.0221566,296.6651896,4032,0.992614476,199.0314941,191.6073914,135.4317932
31105,B-20-1-16_masks.tif,20,14711,1000.710678,382.8663249,75.31800483,5.083330682,0.980459426,13.34455527,4795.883285,416.870709,8182,0.556182449,198.1901703,192.7653351,153.5901947
31106,B-20-1-16_masks.tif,21,6359,520.9116882,194.5864119,44.63758264,4.359250666,0.973332889,-57.65727837,1346.308382,334.8438434,4595,0.722597893,209.0391693,202.3129425,146.6883545
31107,B-20-1-16_masks.tif,22,3771,384.7695526,143.8615044,34.62008646,4.155434578,0.970612278,-50.92739988,752.6032883,337.3736409,3619,0.959692389,200.7689972,192.6952209,133.2196808
31108,B-20-1-16_masks.tif,23,10003,593.4558441,244.1868159,52.99592989,4.607652256,0.976164875,4.343365984,1747.173148,426.2625212,8391,0.838848345,200.8443604,194.7509308,142.208313
31109,B-20-1-16_masks.tif,24,14956,910.7106781,336.1026802,58.99899923,5.696752226,0.984472546,21.80198397,4685.688754,463.283632,8848,0.591602033,195.8975983,189.6499786,135.1496429
31110,B-20-1-16_masks.tif,25,6430,504.7695526,179.3661615,46.79357254,3.833136727,0.965370441,21.59165115,4707.159409,392.303888,2527,0.393001555,195.7732544,190.1650238,165.6636353
31111,B-20-1-16_masks.tif,26,4795,455.254834,146.4722531,46.77354909,3.131518902,0.947642279,-52.7073114,651.738269,372.573097,4327,0.902398332,206.905014,202.3908081,150.7938538
31112,B-20-1-16_masks.tif,27,15279,1057.923882,393.1362895,53.70560932,7.32020909,0.990625167,25.96259131,2845.990837,526.5438838,6372,0.417043,198.6785889,191.188324,152.6472015
31113,B-20-1-16_masks.tif,28,2782,352.5269119,131.8811611,28.65136304,4.602962898,0.976115691,-55.47633493,657.2426312,412.5787203,2661,0.956506111,208.1758728,204.3408508,143.1375427
31114,B-20-1-16_masks.tif,29,14767,985.7228714,358.0071078,54.33934162,6.58835932,0.988413863,42.64096566,2722.766439,554.7691474,10247,0.693912101,196.7333832,190.9369507,140.9511108
31115,B-20-1-16_masks.tif,30,8852,585.254834,215.4333623,53.27905806,4.043490448,0.968936132,23.73628225,1364.808066,536.9035246,7040,0.795300497,190.085083,186.2733002,136.8217316
31116,B-20-1-16_masks.tif,31,11182,861.2964646,341.0736776,42.96873905,7.937716701,0.992032678,24.43597927,5038.612681,592.1759077,4932,0.441065999,191.435318,192.3886871,148.2027588
31117,B-20-1-16_masks.tif,32,10546,944.0243866,360.6401799,43.14782585,8.358246859,0.992817061,64.05251935,2496.036127,553.5970984,3988,0.378152854,203.25,204.2602844,144.8011475
31118,B-20-1-16_masks.tif,33,9351,735.9827561,280.5136497,44.80359061,6.260963594,0.987162387,66.44192961,2488.438456,512.7713614,5908,0.631804085,191.3921814,184.2713318,143.1904144
31119,B-20-1-16_masks.tif,34,17501,1319.07821,490.2286882,50.70954702,9.667384488,0.994635633,48.61849998,2718.850637,615.2078167,7178,0.410147992,193.7311249,187.4952698,135.4253235
31120,B-20-1-16_masks.tif,35,11285,704.627417,290.5183087,51.0291485,5.693183548,0.98445292,2.526687371,4976.950554,618.2295968,6738,0.597075764,198.129715,194.0552063,142.4203033
31121,B-20-1-16_masks.tif,36,8382,707.3553391,270.7146421,43.63561221,6.20398405,0.986923925,4.270548833,1641.82534,635.2560248,5822,0.694583632,201.1831055,194.9111938,152.2624512
31122,B-20-1-16_masks.tif,37,8008,613.9827561,221.5673837,52.47312124,4.222492934,0.971551856,32.99767127,1347.738012,627.0694306,4933,0.616008991,191.4516449,185.9641266,139.2323151
31123,B-20-1-16_masks.tif,38,7605,477.7989899,195.8568122,51.09439037,3.833235132,0.965372251,-5.973603734,1767.493491,617.9541091,7005,0.921104536,199.5621643,193.3379059,150.2169952
31124,B-20-1-16_masks.tif,39,6744,514.1837662,193.3831128,47.66525628,4.057108425,0.969147633,26.4541847,1525.660142,615.0914887,5748,0.852313167,190.8990936,185.1485748,149.0389709
31125,B-20-1-16_masks.tif,40,5635,428.5269119,155.1211952,47.1678156,3.288708482,0.952649458,26.36252613,1573.381721,607.5641526,5198,0.92244898,198.3861084,196.5532837,149.8241577
31126,B-20-1-16_masks.tif,41,7654,557.5979797,203.6988164,49.75678319,4.093890388,0.969708157,22.07756487,1464.60635,652.8893389,5332,0.696629213,195.4594879,190.1528473,152.0789642
31127,B-20-1-16_masks.tif,42,5231,400.9705627,169.326977,39.74770716,4.260043889,0.972058347,7.353687029,1681.113554,625.8411394,4629,0.884916842,206.6258392,200.8051453,156.2218628
31128,B-20-1-16_masks.tif,43,6103,404.1421356,165.1347634,48.31705224,3.417732576,0.956237486,-3.522628308,1722.743241,623.3825987,5387,0.882680649,204.8114014,196.1973267,154.4601746
31129,B-20-1-16_masks.tif,44,3772,397.1126984,150.9271251,33.36249723,4.523855754,0.975262392,24.31647146,1499.116119,634.8950159,3343,0.886267232,216.2147827,216.4998474,154.8636017
31130,B-20-1-16_masks.tif,45,9449,621.254834,238.4650864,54.60471192,4.367115547,0.973430164,69.31487802,1928.960842,642.8303524,6790,0.71859456,193.0079498,189.940506,135.133728
31131,B-20-1-16_masks.tif,46,4604,530.627417,215.469923,31.58592201,6.82170756,0.989197209,83.01971207,3716.94874,638.1539965,3562,0.773675065,199.5805664,204.2922516,134.7961884
31132,B-20-1-16_masks.tif,47,8528,658.8700577,261.9879435,44.26683779,5.918379459,0.985622022,-83.56363364,2274.932575,644.3657364,5866,0.687851782,199.7524719,194.9701691,151.8770905
31133,B-20-1-16_masks.tif,48,5162,412.3847763,171.0315507,39.37856636,4.343265043,0.973133514,-86.01993054,2228.199148,687.216389,5042,0.976753196,210.3911133,210.0868683,158.9067841
31134,B-20-1-16_masks.tif,49,8859,645.3969696,239.4690503,50.84586361,4.709705633,0.977198565,29.09499294,1439.033977,780.2884073,4510,0.509086804,190.4113007,188.1809387,135.5368042
31135,B-20-1-16_masks.tif,50,6931,599.9827561,203.5476004,45.87413616,4.437088466,0.974272552,-56.28036386,3684.910547,752.9740297,5053,0.729043428,198.6576233,189.7160034,103.4882278
31136,B-20-1-16_masks.tif,51,11017,722.2253967,252.7144736,56.63828589,4.461901868,0.97456163,63.58374474,2213.293365,771.583825,8753,0.79449941,198.5506744,192.2928162,142.8766174
31137,B-20-1-16_masks.tif,52,20643,1234.936075,449.0945885,61.75065413,7.272709817,0.990501721,38.11573208,5028.228358,902.2244344,10300,0.498958485,196.6081543,194.6254425,150.3227234
31138,B-20-1-16_masks.tif,53,8888,754.2253967,268.094793,46.24436317,5.797350738,0.985010817,65.48610705,2200.855648,817.3663366,7469,0.840346535,196.7332916,194.0017395,139.9167175
31139,B-20-1-16_masks.tif,54,18196,1144.793939,407.5511827,64.56792354,6.311975983,0.987370373,38.16862528,4990.162948,934.1724555,11105,0.610298967,193.6443939,191.7765045,145.75354
31140,B-20-1-16_masks.tif,55,8326,568.8111832,207.422317,51.87198871,3.998734618,0.968225407,-43.66406906,2030.874249,872.605693,6999,0.840619745,207.5187836,199.8955536,138.5164948
31141,B-20-1-16_masks.tif,56,14259,884.6690476,351.2333423,55.12381736,6.371716603,0.987607571,79.96275775,155.8189214,940.8251631,8826,0.618977488,188.5121307,187.3306122,140.3617706
31142,B-20-1-16_masks.tif,57,7307,571.1543289,211.2475547,46.94004173,4.50036998,0.975000207,-50.77055736,2345.617764,1032.455727,5263,0.720268236,209.0910187,197.7163239,153.5745697
31143,B-20-1-16_masks.tif,58,11441,842.2670273,307.4649555,55.34684124,5.555239443,0.983664736,48.92244567,242.7036972,1055.579407,5718,0.499781488,190.4414063,188.4846039,146.4994812
31144,B-20-1-16_masks.tif,59,8569,707.2964646,271.502286,41.62055103,6.523274663,0.988180123,-53.84818967,2207.584899,1059.040145,8065,0.941183335,212.3561096,204.5404816,165.2541809
31145,B-20-1-16_masks.tif,60,15922,926.4680374,358.4036565,58.36695545,6.140523414,0.986650415,19.13363615,1270.222836,1151.842733,7599,0.477264163,189.7419434,180.4988861,137.818924
31146,B-20-1-16_masks.tif,61,4039,342.5269119,118.6819667,44.77055722,2.650893221,0.926119062,-43.97889303,2418.300322,1045.622431,111,0.02748205,212.3603668,195.6666718,192.1801758
31147,B-20-1-16_masks.tif,62,7404,643.0538239,236.3380307,42.08777776,5.615360165,0.984015476,-51.409938,2214.929768,1103.032955,6475,0.874527283,201.7254028,194.9706573,153.5283356
31148,B-20-1-16_masks.tif,63,4075,382.1837662,141.3986673,37.78805307,3.741888132,0.963628682,-40.4035318,2433.151656,1081.614724,3256,0.799018405,198.6452637,191.6381989,154.8436737
31149,B-20-1-16_masks.tif,64,8324,585.8406204,211.5362673,52.39906808,4.037023465,0.968834927,66.28603496,1451.944738,1116.60728,6915,0.830730418,192.8649292,186.9673157,134.8717346
31150,B-20-1-16_masks.tif,65,8269,509.8406204,178.298497,60.4774151,2.948183163,0.940717184,-63.43916499,1662.55956,1124.104729,7387,0.893336558,203.5772247,194.6595306,129.3400574
31151,B-20-1-16_masks.tif,66,9865,687.6396103,240.7159234,53.46522983,4.502289136,0.975021788,56.00958856,1416.83629,1163.38591,6608,0.669842879,190.7683105,183.650116,136.9306946
31152,B-20-1-16_masks.tif,67,11404,628.627417,261.0939559,57.88559971,4.510516558,0.97511399,2.863000803,1801.353911,1224.140126,7505,0.65810242,204.6895447,197.6904755,150.8291779
31153,B-20-1-16_masks.tif,68,12577,866.627417,384.9642845,43.55408291,8.838764562,0.993579286,-1.143827456,5416.013755,1309.082373,2761,0.219527709,196.1952209,188.8685303,134.8873596
31154,B-20-1-16_masks.tif,69,6200,424.1421356,184.0512476,43.84635406,4.197640865,0.971208999,2.669225017,1844.024194,1203.275806,4830,0.779032258,194.5561066,186.1807404,146.9660492
31155,B-20-1-16_masks.tif,70,7226,559.1543289,210.8911054,44.58349894,4.730250213,0.977398484,-54.39205549,2407.921118,1183.675893,6779,0.93814005,201.7253265,197.2926636,141.9837799
31156,B-20-1-16_masks.tif,71,3542,341.1126984,125.1294932,37.7047775,3.318664146,0.953521161,-56.09809392,2323.88227,1162.484472,3159,0.891869001,199.5637817,193.7676544,152.0785065
31157,B-20-1-16_masks.tif,72,11631,774.7695526,289.6094804,54.33078356,5.330485986,0.982245479,-8.012241583,1203.634253,1317.793913,5765,0.495658155,193.2331238,183.9484863,142.9873352
31158,B-20-1-16_masks.tif,73,9714,597.4974747,213.9458527,58.40999288,3.662829631,0.962010352,-62.81620424,1977.607886,1243.993617,6862,0.70640313,203.1065216,195.6493683,132.066452
31159,B-20-1-16_masks.tif,74,8203,509.4558441,208.0633157,51.06474013,4.074500627,0.969414607,-77.1741091,2119.241375,1253.162014,6967,0.849323418,194.8904877,188.3361511,140.2121429
31160,B-20-1-16_masks.tif,75,10523,644.0832611,213.8626243,64.66973635,3.306997002,0.953184559,-62.6125623,1416.869144,1308.74589,6673,0.634134752,204.176239,197.4192963,147.7991943
31161,B-20-1-16_masks.tif,76,19020,1091.012193,454.5320848,61.62702496,7.375531839,0.990765931,85.34626103,922.4505258,1300.348318,6213,0.326656151,195.6121063,190.4139709,148.8783264
31162,B-20-1-16_masks.tif,77,13602,810.8700577,364.9108501,51.22116,7.124220734,0.990099652,89.09221407,810.2798853,1339.64542,6039,0.443978827,197.3604889,192.9902344,148.9993439
31163,B-20-1-16_masks.tif,78,17289,924.4264069,385.4629696,57.85024129,6.663117751,0.988673872,11.54263524,4894.266007,1501.916189,8284,0.479148592,196.1559601,191.1979675,130.1647797
31164,B-20-1-16_masks.tif,79,19819,1231.03658,441.1273667,60.78718409,7.256913991,0.990460128,31.3223914,5313.297846,1511.316514,9822,0.495585045,194.6890717,186.7210388,144.5539551
31165,B-20-1-16_masks.tif,80,18315,1133.923882,427.377508,57.05186095,7.491035365,0.99104977,22.70071172,5264.621403,1548.188862,7057,0.385312585,187.2834015,180.2236023,129.961319
31166,B-20-1-16_masks.tif,81,21795,1141.497475,467.4188746,67.62263922,6.912165511,0.9894796,83.302033,1743.245469,1394.341776,8861,0.406561138,192.4662018,186.3847198,126.1787643
31167,B-20-1-16_masks.tif,82,5594,527.1543289,163.899255,49.73689748,3.295325267,0.952844121,-44.22452126,4690.053093,1418.856096,4018,0.718269575,203.2165222,194.1674957,150.2369385
31168,B-20-1-16_masks.tif,83,9123,730.1248917,253.6652827,49.28422392,5.146987465,0.98094445,-52.82607162,4609.920859,1428.54105,6275,0.687821988,212.1549072,207.8548279,161.5671692
31169,B-20-1-16_masks.tif,84,12522,754.8111832,274.5320553,64.01186347,4.288768369,0.972436666,65.12505221,1519.721929,1428.922057,9150,0.730713943,194.7541046,190.7225189,147.3365021
31170,B-20-1-16_masks.tif,85,11647,707.4974747,272.2175764,57.20892666,4.758305955,0.977667258,-70.5061391,1885.916545,1455.602301,8580,0.736670387,198.6326294,188.4902039,145.9332123
31171,B-20-1-16_masks.tif,86,16365,1028.308658,377.2163086,58.00929405,6.502687452,0.988104711,-53.20662325,649.8857317,1565.057073,7249,0.442957531,200.3486023,193.7126465,133.3891602
31172,B-20-1-16_masks.tif,87,10534,739.882251,276.3611493,52.63761685,5.250259526,0.981693642,-58.1957615,1918.58933,1512.927948,8848,0.839946839,207.5198975,198.8729706,143.5432892
31173,B-20-1-16_masks.tif,88,7913,588.7695526,229.9447113,47.65055619,4.825645903,0.978293067,-14.36001074,4976.854543,1572.979148,2754,0.348034879,194.4691315,190.1045685,133.568985
31174,B-20-1-16_masks.tif,89,3884,353.1126984,122.2233164,41.93954731,2.914273621,0.939284753,-61.5881521,4606.178939,1496.931771,3125,0.804582904,211.6854401,204.2902374,154.3878326
31175,B-20-1-16_masks.tif,90,6881,481.9411255,183.5328904,48.9956574,3.745901171,0.963708038,-72.63079454,1710.322337,1538.242407,5673,0.824444121,202.2600098,194.782486,150.9106293
31176,B-20-1-16_masks.tif,91,5189,498.0832611,190.4976692,35.87845393,5.309528376,0.982103763,-55.36959698,1937.457506,1561.671035,4922,0.948544999,199.535141,190.7897186,154.1261749
31177,B-20-1-16_masks.tif,92,5159,410.627417,147.857068,48.78646556,3.030698499,0.943995984,-71.00216819,4599.962783,1547.108936,4596,0.890870324,200.1962585,191.3163605,145.325943
31178,B-20-1-16_masks.tif,93,6036,489.8406204,183.4746507,42.95513534,4.271308872,0.972207641,-58.13961526,1950.553181,1594.379556,5037,0.834493042,216.0591583,209.0357361,165.7542114
31179,B-20-1-16_masks.tif,94,5617,430.8700577,169.6742964,43.16802125,3.930555338,0.967094619,-74.31119785,1710.05608,1581.476055,5149,0.916681503,204.3054962,199.826767,149.9877625
31180,B-20-1-16_masks.tif,95,8306,537.1126984,213.1347258,50.25712282,4.240885945,0.971801657,-75.03945172,2524.300506,1581.033711,7970,0.959547315,201.6244659,194.6232147,155.701004
31181,B-20-1-16_masks.tif,96,7489,591.9827561,217.2696308,44.91538405,4.837309874,0.978398777,-37.29544597,2644.596875,1649.681666,7217,0.963680064,210.2681122,203.9593964,152.2201691
31182,B-20-1-16_masks.tif,97,6768,542.0832611,211.6772095,42.60101584,4.968830094,0.979538962,-30.41589632,2686.069149,1659.442228,6642,0.981382979,201.3092499,191.4283295,136.602829
31183,B-20-1-16_masks.tif,98,7324,560.5269119,230.8700031,42.06339085,5.488620828,0.983262393,-72.65106574,2532.094484,1620.930229,6592,0.900054615,202.5364075,192.4121704,144.0605316
31184,B-20-1-16_masks.tif,99,10756,736.8700577,324.517676,44.07894533,7.362192394,0.990732282,84.46490812,4723.79193,1619.04286,8218,0.764038676,189.6760712,185.4250488,135.0570679
31185,B-20-1-16_masks.tif,100,10979,806.1837662,322.5984562,48.18493877,6.695006042,0.988782119,77.08825976,4519.246744,1635.766554,6448,0.587303033,195.7200623,190.998291,148.9502106
31186,B-20-1-16_masks.tif,101,8567,628.0416306,264.5874094,47.87142676,5.527042482,0.983496236,-1.971154086,4972.870783,1745.829112,2437,0.28446364,195.2823181,190.6852722,146.324173
31187,B-20-1-16_masks.tif,102,13597,883.9238816,322.3982948,59.48415768,5.419901826,0.98283154,-50.09490178,97.49900713,1735.326543,8512,0.626020446,199.016098,191.2819519,128.7067719
31188,B-20-1-16_masks.tif,103,8092,530.0416306,204.2308391,52.90833403,3.860088261,0.965860846,79.18723187,4430.322046,1665.824147,6031,0.745304004,198.0197296,187.8345184,149.4357452
31189,B-20-1-16_masks.tif,104,6898,471.6984848,183.8463632,48.81264872,3.766367284,0.964108704,-69.93202778,2058.995941,1699.158452,6096,0.883734416,200.6089172,197.2362213,147.9271698
31190,B-20-1-16_masks.tif,105,11450,744.2842712,314.2725993,47.92358087,6.557786242,0.988304939,-89.92194378,4692.782445,1724.560699,7629,0.66628821,207.6379547,201.9706421,161.5586548
31191,B-20-1-16_masks.tif,106,9522,575.8406204,211.4504671,59.42650232,3.558184628,0.959695414,-65.37122905,1755.734089,1752.026885,7475,0.785024155,197.0814667,190.6664886,137.7907715
31192,B-20-1-16_masks.tif,107,17085,1235.539105,488.7029504,63.21812159,7.730425044,0.991597827,88.2328062,4643.572373,1760.597191,5008,0.293122622,191.3108978,179.2945251,152.5323486
31193,B-20-1-16_masks.tif,108,6774,467.5979797,161.3750824,55.77211276,2.893472641,0.938379908,31.41591911,5394.367582,1773.641423,4591,0.677738412,188.512085,188.77565,128.43367
31194,B-20-1-16_masks.tif,109,14419,1059.480231,397.4478443,62.81501734,6.32727429,0.98743176,47.80551259,718.4434427,1915.626534,7243,0.502323323,198.3065033,192.88237,156.0394897
31195,B-20-1-16_masks.tif,110,6700,504.5269119,201.5866772,43.77789487,4.604759497,0.976134552,-70.49944658,1688.108955,1843.741493,5748,0.857910448,195.8434296,192.6668396,149.7193756
31196,B-20-1-16_masks.tif,111,13913,953.882251,349.8722455,52.34187698,6.684365667,0.988746173,68.59800092,4389.225041,1893.457198,7882,0.56652052,193.8198395,188.2437134,144.4873199
31197,B-20-1-16_masks.tif,112,13542,976.6518036,364.0889815,49.38644284,7.37224551,0.990757658,52.35313923,803.3681879,1937.160168,7613,0.562176931,198.0977325,192.813736,157.7242889
31198,B-20-1-16_masks.tif,113,10955,907.5391052,301.0004184,50.35407056,5.977677972,0.985907895,-26.67650278,5060.106435,1989.009037,5459,0.498311273,203.4618073,197.0146484,144.3883514
31199,B-20-1-16_masks.tif,114,6843,638.9116882,232.9295974,40.79453915,5.709822988,0.984544112,-24.57523375,5024.234692,1977.29943,4461,0.651907058,204.7749329,201.2129517,149.0242157
31200,B-20-1-16_masks.tif,115,8914,506.627417,203.6873803,56.44321785,3.608713111,0.960839039,-2.153794948,1564.058784,2012.177249,7659,0.859210231,197.0548401,189.279541,131.8491974
31201,B-20-1-16_masks.tif,116,6540,528.5269119,198.3220125,49.0081989,4.046710895,0.968986346,71.27591865,76.5204893,1985.770948,4345,0.664373089,178.5882568,175.2964325,138.0046082
31202,B-20-1-16_masks.tif,117,7368,483.3553391,176.0823306,54.78320171,3.214166479,0.950369768,-17.74428485,692.9288817,2068.278366,4951,0.671959826,196.5675659,187.0090942,141.2859955
31203,B-20-1-16_masks.tif,118,3721,294.3847763,98.57968171,49.65600585,1.985251935,0.863870243,78.30472181,42.86616501,2024.081967,2400,0.644987906,190.0183258,183.2208405,151.2541656
31204,B-20-1-16_masks.tif,119,9115,663.2964646,240.6911836,49.66283835,4.846504783,0.978481564,42.03377038,569.0191991,2087.234558,3770,0.41360395,177.3381958,169.2076874,140.618042
31205,B-20-1-16_masks.tif,120,6152,413.2132034,162.0985329,49.34442785,3.285042302,0.952541076,-5.560544728,1175.214239,2073.784623,4679,0.76056567,197.5176392,186.6892548,144.2511292
31206,B-20-1-16_masks.tif,121,7443,556.3847763,227.4855797,42.96707531,5.294416202,0.982000515,2.966805658,1218.870214,2116.995029,6144,0.825473599,199.8227539,194.1868439,153.723465
31207,B-20-1-16_masks.tif,122,16489,897.6984848,385.4798716,56.20139839,6.858901784,0.989314685,0.147529308,382.2178422,2204.369216,7316,0.443689733,188.6443481,179.9461517,135.1746826
31208,B-20-1-16_masks.tif,123,6257,520.0832611,177.8418225,46.77965659,3.801691492,0.964784708,-53.52459235,756.8531245,2102.05354,4357,0.696340099,201.3105316,196.1994476,139.0557709
31209,B-20-1-16_masks.tif,124,9987,656.8111832,236.6972785,58.4948375,4.046464417,0.968982507,60.29425372,530.1560028,2153.163212,4705,0.471112446,190.7256165,180.7160492,153.8050995
31210,B-20-1-16_masks.tif,125,11431,626.0416306,260.9332182,57.08424445,4.571019915,0.975776553,-87.42701409,906.9543347,2145.37547,7373,0.645000437,194.954834,189.3716278,138.856369
31211,B-20-1-16_masks.tif,126,8615,623.0538239,231.6949346,48.12414152,4.814526085,0.978191562,-42.60909665,2163.471387,2227.282066,7390,0.857806152,201.3986511,194.2799683,148.0982361
31212,B-20-1-16_masks.tif,127,5031,382.1421356,166.2177103,40.57043372,4.097015857,0.969755077,89.61876742,736.555158,2186.147684,4113,0.817531306,194.5847321,188.5703888,151.206665
31213,B-20-1-16_masks.tif,128,11325,996.6518036,351.0235858,43.85455598,8.004267241,0.992165135,38.00076971,3763.433201,2458.529272,4482,0.395761589,183.3853149,181.1613159,140.6644287
31214,B-20-1-16_masks.tif,129,2135,228.7279221,83.58597336,33.36396983,2.505276613,0.916882367,-76.33600169,2107.821546,2350.419672,1873,0.877283372,194.8595886,189.4436798,143.2183685
31215,B-20-1-16_masks.tif,130,2445,219.3137085,76.38724047,41.30821001,1.849202385,0.841168125,-74.47854665,2037.10184,2374.378732,2299,0.940286299,200.764679,197.2557678,148.9782562
31216,B-20-1-16_masks.tif,131,4714,413.0121933,139.9983953,44.45494585,3.149219792,0.948245224,-49.23774253,3524.529699,2407.087824,4201,0.891175223,190.9580994,182.179718,138.7726746
31217,B-20-1-16_masks.tif,132,9136,595.7989899,267.0002851,45.48246529,5.870400459,0.985384288,86.04712127,2213.791703,2405.982268,7313,0.80045972,197.9876862,191.8564148,158.8925171
31218,B-20-1-16_masks.tif,133,11195,738.3675324,266.9197352,55.54552878,4.805422525,0.978107929,-41.23480905,3082.746494,2489.514426,5579,0.498347477,210.3981018,201.8130493,149.6260986
31219,B-20-1-16_masks.tif,134,6554,561.4974747,216.677875,40.50221557,5.349778327,0.982374448,-61.77656325,1780.095667,2461.717119,3004,0.458346048,191.1850891,184.8368835,136.7859497
31220,B-20-1-16_masks.tif,135,5852,412.3847763,173.8618125,44.22233353,3.931538629,0.967111357,85.93845642,2068.467191,2435.250513,5314,0.908065619,201.7623291,197.6249542,154.2054901
31221,B-20-1-16_masks.tif,136,13751,755.6396103,253.2389608,72.73117597,3.481848842,0.957869518,-27.98782848,3166.202894,2540.062468,13047,0.948803723,207.904953,194.7436218,144.6753998
31222,B-20-1-16_masks.tif,137,8687,681.1543289,252.3288924,48.8296844,5.167530684,0.981097114,-23.97304789,3212.385058,2565.228963,6698,0.771037182,207.2927704,197.5394135,140.8981781
31223,B-20-1-16_masks.tif,138,8150,551.4558441,223.4295407,47.60213255,4.693687629,0.97704084,13.21039826,1915.29092,2576.052393,6490,0.796319018,185.9519196,175.8714905,138.5281982
31224,B-20-1-16_masks.tif,139,6877,514.1837662,193.3425011,46.17921063,4.186786619,0.971057296,-23.76826769,2961.207067,2565.126945,5722,0.832048859,198.0069885,188.470108,144.810379
31225,B-20-1-16_masks.tif,140,3788,327.5563492,132.1163033,37.8794936,3.487805425,0.958016449,84.41682469,1778.099261,2526.664995,3263,0.861404435,198.2175903,192.0306396,152.2237244
31226,B-20-1-16_masks.tif,141,11360,719.8406204,282.8907007,52.2266996,5.416591568,0.982810366,15.76739844,3469.859243,2657.341197,9346,0.822711268,196.2871857,188.6163025,142.828476
31227,B-20-1-16_masks.tif,142,9412,695.8406204,264.2412698,49.49181988,5.339089781,0.98230317,11.39597088,3418.781555,2655.938164,9121,0.969082023,193.9558105,182.9022064,145.6323853
31228,B-20-1-16_masks.tif,143,2995,242.7279221,81.91735884,47.18030194,1.736261861,0.817484929,-15.15440338,1682.958264,2609.773289,2291,0.764941569,201.8057556,192.7922363,149.4194641
31229,B-20-1-16_masks.tif,144,4932,343.1126984,104.5454299,61.02096156,1.713270772,0.81198457,-29.19913061,1731.397202,2624.073601,4696,0.95214923,195.7131653,185.4797668,134.4846649
31230,B-20-1-16_masks.tif,145,7772,541.4558441,226.0285196,46.03751537,4.90965939,0.979037492,10.03023205,3382.729928,2695.833376,1296,0.166752445,217.2129669,202.5246887,170.0640411
31231,B-20-1-16_masks.tif,146,9058,571.6984848,227.799375,53.46101409,4.261037298,0.972071561,6.255505208,3339.907375,2702.363656,8907,0.983329653,205.4092255,197.3008881,156.7940979
31232,B-20-1-16_masks.tif,147,6735,533.254834,205.2418023,43.76347942,4.689796265,0.977002275,-31.00410991,1385.137639,2691.601633,6001,0.891017075,200.6980438,191.5017548,151.4244232
31233,B-20-1-16_masks.tif,148,4494,293.2132034,82.6156596,69.9055371,1.181818537,0.532939114,-13.06533021,1795.43636,2642.821985,3828,0.851802403,189.5034027,177.9391327,117.9404373
31234,B-20-1-16_masks.tif,149,7097,509.8406204,187.8572403,49.45227871,3.798758019,0.964729305,-32.87768314,1345.572495,2679.304918,6155,0.86726786,210.330307,205.8087769,155.6183624
31235,B-20-1-16_masks.tif,150,4284,376.5269119,138.8780079,40.29050293,3.446916714,0.956991988,-30.55436427,1521.149393,2676.931839,3860,0.901027077,199.64534,191.2536316,142.730835
31236,B-20-1-16_masks.tif,151,2914,242.1421356,78.84949027,48.390603,1.62943806,0.789532689,-1.634214878,1868.911462,2657.92862,2170,0.744680851,197.8894043,189.6304169,143.0705109
31237,B-20-1-16_masks.tif,152,6992,511.5979797,193.8426119,46.75160466,4.146223714,0.970479575,-21.66645915,1408.437786,2740.108839,4057,0.580234554,207.677597,199.121521,155.3169861
31238,B-20-1-16_masks.tif,153,5409,426.7695526,154.1547037,45.55500203,3.383924856,0.95533815,34.25864635,1708.684785,2709.300055,4397,0.812904419,191.9786224,181.9510956,150.307251
31239,B-20-1-16_masks.tif,154,6745,590.4264069,237.93512,38.33657269,6.206478654,0.986934504,20.0028052,3039.01957,2772.528095,0,0,,,
31240,B-20-1-16_masks.tif,155,7895,499.4558441,194.5264264,53.45375993,3.639153291,0.961504498,-5.40143206,3130.620519,2756.568334,5594,0.708549715,192.3131866,180.1800079,123.955307
31241,B-20-1-16_masks.tif,156,7249,546.7695526,212.005976,47.51210374,4.462146681,0.974564458,-19.79678504,1436.928128,2774.467789,3866,0.53331494,195.5393219,186.4891357,149.0667419
31242,B-20-1-16_masks.tif,157,1773,188.4852814,67.29209698,34.24079514,1.965260932,0.860862127,-8.215650849,1648.44388,2705.479977,1411,0.795826283,200.2303314,190.3316803,139.031189
31243,B-20-1-16_masks.tif,158,4074,363.9411255,129.5434127,41.24037058,3.141179646,0.947972664,-33.08347157,1545.726804,2729.578301,4049,0.993863525,196.263031,187.6848602,144.9246674
31244,B-20-1-16_masks.tif,159,4197,403.5563492,178.3459647,32.31685983,5.518666283,0.983445677,83.81223283,2087.697165,2701.536574,3925,0.935191804,187.2073822,181.4766846,145.991333
31245,B-20-1-16_masks.tif,160,10354,684.6690476,266.4170928,50.74519353,5.250095118,0.981692485,16.98589451,3315.267336,2814.177709,8030,0.775545683,197.8321228,188.8556671,151.6988831
31246,B-20-1-16_masks.tif,161,8294,766.6101731,263.6376613,46.46890261,5.673421288,0.984343558,43.7148683,2702.225585,2818.628768,6112,0.736918254,185.3046417,177.2128601,134.0697021
31247,B-20-1-16_masks.tif,162,5011,490.7695526,192.1650318,35.63952337,5.391908017,0.982651228,22.87184293,3007.100579,2774.342047,0,0,,,
31248,B-20-1-16_masks.tif,163,9247,606.3259018,227.2321378,53.002875,4.287166269,0.972415769,27.79268589,2959.459933,2802.260517,7968,0.861684871,199.4516754,192.6360474,157.6114502
31249,B-20-1-16_masks.tif,164,5261,518.0416306,227.9907569,31.53773531,7.229141682,0.990386331,84.73170749,2080.2931,2735.297472,0,0,,,
31250,B-20-1-16_masks.tif,165,7044,605.7401154,224.8488605,43.95485244,5.115450241,0.98070645,29.77571291,2917.569279,2809.296848,5905,0.838302101,205.8094788,198.1610565,157.9857788
31251,B-20-1-16_masks.tif,166,8917,624.2842712,267.0729847,45.5717505,5.860494314,0.985334468,81.58962983,2075.27027,2784.852753,8314,0.93237636,198.9106293,191.3277588,154.1117401
31252,B-20-1-16_masks.tif,167,5374,416.7695526,150.9191788,46.19363877,3.267098735,0.952005163,58.04742164,1942.705806,2836.325456,5052,0.940081876,200.4489288,194.0003967,158.3905334
31253,B-20-1-16_masks.tif,168,7159,581.6984848,235.5506178,44.36361193,5.309545538,0.98210388,78.51743141,2046.377846,2832.782512,6727,0.939656377,191.2174835,182.7434235,154.2690582
31254,B-20-1-16_masks.tif,169,9450,601.6984848,243.6254377,50.54378727,4.820086719,0.97824241,-79.83146559,2327.576508,2834.865503,7654,0.80994709,194.1382294,185.0787811,130.0885773
31255,B-20-1-16_masks.tif,170,8250,566.1837662,216.7900058,49.69450966,4.362453866,0.973372572,70.67940133,1910.037455,2881.614182,302,0.036606061,227.3774872,232.6158905,197.9735107
31256,B-20-1-16_masks.tif,171,4183,389.2132034,158.4228312,35.77446719,4.428377098,0.974169888,-74.71487795,2249.161846,2894.557495,478,0.114272054,218.6715546,210.6318054,195.4225922
31257,B-20-1-16_masks.tif,172,9247,631.254834,240.8423626,49.86145631,4.830231214,0.978334716,72.41662919,1900.939332,2925.906889,6862,0.742078512,198.0658722,188.6164398,156.968811
31258,B-20-1-16_masks.tif,173,5204,515.9411255,225.6963703,35.63553091,6.33346451,0.987456472,-73.03763404,2262.503843,2917.529016,3498,0.67217525,200.8936462,196.3124695,159.7804413
31259,B-20-1-16_masks.tif,174,15516,1105.480231,406.19611,61.57301379,6.596982752,0.98844431,57.6038035,1891.81026,3006.831271,6793,0.437806136,193.5359955,185.6190186,147.8950348
31260,B-20-1-16_masks.tif,175,10719,766.2253967,290.8668299,52.35707464,5.555444644,0.983665953,65.44080174,2216.312249,3041.873682,5112,0.47691016,183.7069702,174.148468,129.9149017
31261,B-20-1-16_masks.tif,176,10674,790.3675324,300.8249044,52.46622023,5.733687373,0.984673503,-55.11289265,3319.75979,3039.093686,5709,0.53485104,205.4587555,195.8598633,141.0928345
31262,B-20-1-16_masks.tif,177,14520,821.6984848,344.7454739,56.31055828,6.122217298,0.986569918,5.673927448,2089.008264,3146.483609,9020,0.621212121,192.6022186,181.7119751,137.8049927
31263,B-20-1-16_masks.tif,178,6038,507.1543289,176.689174,44.96163999,3.929776007,0.967081345,-52.14855993,3381.84846,3089.826433,5467,0.905432262,209.4660645,201.8595276,159.6963654
31264,B-20-1-16_masks.tif,179,6992,685.882251,264.3106035,36.7269197,7.196645014,0.990298888,-54.56762948,3401.349256,3117.313644,116,0.016590389,227.1896515,223.1810303,207.9051666
31265,B-20-1-16_masks.tif,180,6218,488.6690476,178.0904912,46.10119376,3.863034266,0.965913814,-49.55475045,3420.32615,3151.29109,0,0,,,
31266,B-20-1-16_masks.tif,181,12116,851.6812409,308.6094532,51.19846802,6.027708741,0.986142494,-52.48151949,3465.187273,3208.419776,439,0.03623308,218.230072,206.888382,179.1617279
31267,B-20-1-16_masks.tif,182,8767,613.9827561,228.3813738,51.38509133,4.444506527,0.974359489,-50.180808,3490.831755,3245.418159,5971,0.681076765,200.3136902,187.8958282,144.3845215
31268,B-20-1-16_masks.tif,183,9576,776.1248917,286.9937913,44.4521985,6.456233909,0.98793187,35.26757568,3158.725251,3345.336571,4353,0.454573935,189.9972382,183.236618,143.9427948
31269,B-20-1-16_masks.tif,184,10464,688.2253967,253.1426262,53.60845223,4.722065564,0.977319157,30.95688091,3217.498758,3342.567565,9820,0.938455657,197.0514221,189.8396149,151.8364563
31270,B-20-1-16_masks.tif,185,9698,791.1543289,285.9907389,47.14598738,6.066067439,0.986318407,18.06186753,1892.581254,3451.344504,5602,0.577644875,191.4277039,184.0401611,143.2661591
31271,B-20-1-16_masks.tif,186,11377,772.4264069,303.2777356,49.0016272,6.189136013,0.986860691,14.14332171,1856.897249,3475.626967,5520,0.485189417,202.0920258,193.3449249,149.0766296
31272,B-20-1-16_masks.tif,187,9253,628.3259018,236.8812327,50.64490899,4.677296047,0.97687773,-62.39633613,4047.968227,3508.019561,8341,0.901437372,194.0734863,186.5259552,144.0012054
31273,B-20-1-16_masks.tif,188,7949,553.254834,197.5451081,53.12150794,3.718740597,0.963165799,-64.64984709,4069.125928,3551.684992,6849,0.861617814,198.38414,190.6542511,144.3739166
31274,B-20-1-16_masks.tif,189,9785,582.2842712,246.0139566,52.10576501,4.7214345,0.977313023,78.81402142,1527.923148,3544.408482,7816,0.798773633,184.954834,175.9791412,137.7140503
31275,B-20-2-01_masks.tif,1,15191,797.3553391,307.1049069,66.73039598,4.602174202,0.976107404,89.06628491,226.0599039,33.86755316,8554,0.56309657,196.5944519,194.2839661,144.6241455
31276,B-20-2-01_masks.tif,2,11372,730.7106781,264.8866484,57.31322349,4.621737048,0.976311689,44.12385813,2364.479599,82.18826943,4300,0.378121702,198.4451141,194.3176727,143.2281342
31277,B-20-2-01_masks.tif,3,12806,810.2253967,309.7808009,56.00081535,5.531719475,0.983524365,21.9372556,5225.892472,147.9383883,8947,0.69865688,207.2021942,205.8460999,175.5592957
31278,B-20-2-01_masks.tif,4,10938,762.3259018,295.5254888,48.17951638,6.133840914,0.986621115,18.16501729,5180.837813,160.5839276,6747,0.616840373,201.1633301,197.6465149,164.3703918
31279,B-20-2-01_masks.tif,5,6372,561.1543289,214.9703602,38.92187253,5.52312482,0.983472618,-54.26361794,381.7197112,87.42937853,5943,0.9326742,201.6520233,198.4561615,149.8616791
31280,B-20-2-01_masks.tif,6,11224,767.3969696,284.2700832,53.22090634,5.341323603,0.982318102,22.02684235,5130.733517,172.1323058,5733,0.51078047,202.1845398,199.1690216,159.0462189
31281,B-20-2-01_masks.tif,7,12750,811.1959595,296.4636656,57.11062666,5.191042069,0.981269588,-57.54880937,205.9216471,154.8381961,7633,0.598666667,199.0341949,193.6773224,134.7290649
31282,B-20-2-01_masks.tif,8,11539,821.1959595,286.8278722,53.62769039,5.348503173,0.982365967,57.70128262,2565.101222,167.3683161,8356,0.724152873,191.8305359,190.886673,146.5518188
31283,B-20-2-01_masks.tif,9,9751,713.3969696,261.0332853,49.0969231,5.316693365,0.982152404,28.16011215,5097.944313,225.0058456,8010,0.82145421,195.7391968,198.5142365,153.8084869
31284,B-20-2-01_masks.tif,10,11432,798.6101731,288.2655538,53.04686812,5.434167257,0.982922343,36.73137237,2533.991165,232.6654129,2088,0.182645206,198.1738434,195.5924377,165.5488434
31285,B-20-2-01_masks.tif,11,8119,509.7989899,211.5734911,49.3620001,4.28616123,0.972402648,83.72729949,427.6946668,189.2072915,6427,0.791599951,190.2061615,190.656601,134.577713
31286,B-20-2-01_masks.tif,12,15337,934.6690476,362.5859345,62.28646635,5.821263523,0.985134637,79.42033259,421.767686,255.925996,8440,0.550303188,185.6287842,186.4151611,133.5888672
31287,B-20-2-01_masks.tif,13,14273,1179.137085,439.7643089,79.10440357,5.559289863,0.983688728,46.86461304,3593.028796,328.0439992,5329,0.373362292,199.1386719,194.4060822,151.7755737
31288,B-20-2-01_masks.tif,14,6276,386.2842712,133.6814778,61.02872142,2.190468269,0.889711411,-68.60035475,2865.79079,262.3244105,4929,0.785372849,205.8758392,200.4885406,138.6344147
31289,B-20-2-01_masks.tif,15,12944,801.5391052,289.3085475,61.8730197,4.675843346,0.97686319,32.75975416,2704.437655,347.3145087,9050,0.699165637,198.5445251,194.3721619,148.1002197
31290,B-20-2-01_masks.tif,16,17765,1216.350288,416.1760948,57.21630999,7.273731825,0.990504403,41.30596501,2634.175457,412.900197,9718,0.547030678,197.866333,196.5562897,149.2336884
31291,B-20-2-01_masks.tif,17,15139,837.3969696,298.0411077,67.7596023,4.398507334,0.973813146,71.1234203,4565.933615,309.3059647,8663,0.572230663,187.6079865,186.8822632,130.6632843
31292,B-20-2-01_masks.tif,18,7948,623.0538239,221.3519413,46.41060441,4.769425956,0.977772457,48.71197468,3565.197157,338.3987167,4374,0.550327126,202.8587036,200.5708771,146.9275208
31293,B-20-2-01_masks.tif,19,23011,1420.350288,535.6723132,56.27019136,9.519646197,0.994467372,59.63291422,3499.583504,423.4713398,11408,0.495762896,198.9272461,195.996582,147.085556
31294,B-20-2-01_masks.tif,20,3162,372.5269119,125.6996131,34.20188396,3.675224828,0.962271186,27.81047305,2673.00506,368.0234029,2090,0.660974067,212.8846893,212.7368469,160.9023895
31295,B-20-2-01_masks.tif,21,13543,753.8406204,286.2709826,62.68926862,4.566506978,0.975728055,75.71025696,4548.307908,376.922543,12058,0.890349258,206.0046387,200.6100464,151.4159088
31296,B-20-2-01_masks.tif,22,13386,719.5979797,272.662078,66.1178793,4.123878153,0.970153858,-10.34995483,4909.782609,460.0323472,3905,0.291722695,215.1231689,208.329834,132.1428986
31297,B-20-2-01_masks.tif,23,2259,256.627417,89.22234441,33.67089448,2.649835883,0.926057736,-37.79845712,5413.440903,389.9667995,1730,0.765825587,214.1277466,213.1630096,142.8826599
31298,B-20-2-01_masks.tif,24,9043,605.1126984,251.7075161,49.57525738,5.077281075,0.980412367,-10.60178901,4977.024992,465.1000774,6840,0.756386155,202.1973724,198.679245,151.996933
31299,B-20-2-01_masks.tif,25,11884,847.8406204,324.2387585,51.55217285,6.289526524,0.987279472,-11.42106656,2932.170061,512.6742679,4632,0.389767755,204.0174866,197.9350128,147.4704285
31300,B-20-2-01_masks.tif,26,25175,1564.43355,591.3440589,57.57032174,10.27168237,0.995249716,45.51214536,2153.471698,578.1287388,9845,0.391062562,195.1059418,188.1947174,143.0745544
31301,B-20-2-01_masks.tif,27,6485,471.3553391,174.1688125,49.51321697,3.51762263,0.958740438,68.46898951,4553.923207,436.6684657,6273,0.967309175,204.359314,197.94133,159.1938477
31302,B-20-2-01_masks.tif,28,9857,749.1959595,285.6193132,45.07194719,6.336964143,0.987470411,-44.20899112,5046.948362,505.6486761,8794,0.892157857,211.5960846,205.3027039,162.9335938
31303,B-20-2-01_masks.tif,29,9369,628.3259018,233.6644357,57.15302067,4.088400455,0.969625475,65.5308893,4551.786744,481.3050486,8057,0.85996371,211.1776123,206.9826202,168.4603424
31304,B-20-2-01_masks.tif,30,12595,880.3675324,330.4764984,59.60863539,5.54410441,0.983598505,-30.71349539,1614.215641,566.7699087,7409,0.588249305,207.716568,202.1145935,151.5965729
31305,B-20-2-01_masks.tif,31,13106,883.3553391,359.5062862,49.1713075,7.31130215,0.990602203,-4.408132871,2824.269571,628.2745307,6637,0.506409278,203.6980591,196.5210114,156.7244263
31306,B-20-2-01_masks.tif,32,16863,888.5269119,369.7274728,60.29205444,6.132275243,0.986614236,0.795115123,3350.044417,662.140663,9300,0.551503291,203.4692535,199.4297791,143.0074158
31307,B-20-2-01_masks.tif,33,16741,982.8944443,362.574947,59.69919527,6.073364061,0.986351489,40.76154314,2117.120901,618.0608685,6987,0.417358581,194.9065399,189.2925415,131.3450623
31308,B-20-2-01_masks.tif,34,9015,543.2132034,221.4518491,53.80288602,4.115984578,0.970037501,86.6973982,4520.021631,542.6329451,7725,0.856905158,207.8010406,200.8858185,155.2485504
31309,B-20-2-01_masks.tif,35,19732,962.2670273,341.5746557,80.15928361,4.261198957,0.972073711,60.14092797,4411.931735,633.7618589,9346,0.473646868,206.6418762,198.4526062,152.4543152
31310,B-20-2-01_masks.tif,36,7278,487.7989899,202.6851825,47.01481001,4.311092238,0.972725378,-89.00565099,4523.787991,586.8845837,7018,0.9642759,208.3151855,204.0567169,157.859787
31311,B-20-2-01_masks.tif,37,15338,952.5685425,361.02785,65.24357472,5.533538767,0.983535287,-5.232759307,4092.897509,760.7815882,9390,0.612204981,205.180191,200.1783752,156.6350403
31312,B-20-2-01_masks.tif,38,10578,711.6396103,259.5844083,55.24458131,4.698821172,0.977091567,59.93172189,4377.479769,674.8436377,8209,0.776044621,207.6965485,201.442688,156.7719574
31313,B-20-2-01_masks.tif,39,8928,694.8700577,307.1758919,39.84336773,7.709586548,0.991552151,-5.749060558,4137.75504,745.844198,0,0,,,
31314,B-20-2-01_masks.tif,40,8280,415.9411255,123.2823251,86.20166946,1.430161688,0.714904958,-31.16501052,4595.215217,674.3316425,6956,0.840096618,207.4226532,201.3740692,144.6773987
31315,B-20-2-01_masks.tif,41,12795,776.5685425,293.3373899,59.19181191,4.955708914,0.979429331,20.51483466,4333.86612,762.8543962,8654,0.676357952,204.1271057,201.5714111,152.5451813
31316,B-20-2-01_masks.tif,42,7275,585.2132034,257.97046,37.14156607,6.945599964,0.989581174,-8.592238512,4169.35945,753.2626804,651,0.089484536,203.1182861,194.1121368,171.2503815
31317,B-20-2-01_masks.tif,43,5624,352.8700577,103.7313366,69.81787784,1.485741759,0.739583809,-6.318886864,4668.393492,690.6758535,5509,0.97955192,206.413147,196.3456116,134.6053772
31318,B-20-2-01_masks.tif,44,10067,661.4558441,272.0665881,49.7127813,5.472769397,0.983164463,-6.798567736,4207.791795,760.6215357,7366,0.731697626,206.2388,199.2613373,147.4853363
31319,B-20-2-01_masks.tif,45,20852,1275.421356,469.428901,63.468091,7.396297786,0.99081795,47.91467902,3816.315174,801.6510167,7761,0.372194514,192.2676239,187.6977234,127.5630722
31320,B-20-2-01_masks.tif,46,7869,601.5979797,225.108245,47.19563225,4.769683851,0.977774888,72.38764861,5050.135595,699.2363706,7329,0.931376287,201.8318939,201.4243469,168.1002808
31321,B-20-2-01_masks.tif,47,3347,302.627417,107.1607502,40.91286437,2.619243405,0.924249247,-34.11387134,5409.431431,706.5204661,2671,0.798028085,213.2074127,212.7158356,144.139267
31322,B-20-2-01_masks.tif,48,9584,530.627417,210.906699,61.21578636,3.445299188,0.956950686,-4.162289758,4260.043093,767.8659224,7943,0.828777129,208.4410248,201.6401825,158.4115601
31323,B-20-2-01_masks.tif,49,13370,927.0538239,346.9069453,50.86144681,6.820626762,0.989193767,-19.51108215,1988.643755,848.5971578,6925,0.517950636,207.5696716,201.3299713,141.1500397
31324,B-20-2-01_masks.tif,50,11480,681.4974747,259.8169142,60.2840233,4.309880131,0.972709819,69.68048834,5034.216202,743.6294425,9956,0.867247387,201.9473724,193.5682983,144.5785522
31325,B-20-2-01_masks.tif,51,6991,375.4558441,116.8367903,76.65572981,1.524175565,0.754680572,11.45584929,4731.650551,743.5418395,6317,0.90359033,203.4801331,196.4337463,140.6366882
31326,B-20-2-01_masks.tif,52,5607,375.1126984,123.4597562,59.15452199,2.087072163,0.877738428,33.81355651,4658.750847,782.1615837,4864,0.86748707,202.7372589,197.5376282,134.9399719
31327,B-20-2-01_masks.tif,53,2898,238.9705627,63.55327216,58.78988974,1.081023837,0.379847838,-18.01301675,869.4371981,785.6628709,836,0.28847481,173.382782,169.0382843,111.3947372
31328,B-20-2-01_masks.tif,54,6778,507.1543289,168.2941166,55.63715168,3.024851408,0.943772806,-43.66720869,4525.654765,821.6416347,5504,0.81203895,210.0308838,203.370636,147.0957489
31329,B-20-2-01_masks.tif,55,7735,634.1837662,240.7055269,47.59557767,5.057308655,0.980255789,75.74304416,5052.80724,798.2955398,6411,0.828829994,207.6651001,203.2266388,163.4676361
31330,B-20-2-01_masks.tif,56,6763,393.9411255,128.4205948,67.43105379,1.904472607,0.851053028,44.02713852,4813.515895,815.5683868,6366,0.94129824,199.3204498,196.2595062,153.5970764
31331,B-20-2-01_masks.tif,57,7433,518.627417,220.3250125,44.04522319,5.002245341,0.979814218,-81.15000375,996.8349253,799.1225615,6924,0.931521593,200.0161743,196.8385315,137.779892
31332,B-20-2-01_masks.tif,58,21838,1199.63961,481.7054253,63.30825231,7.608888379,0.991326084,76.34621014,3611.591767,854.7584486,10185,0.466388863,199.8798218,194.6118774,142.1886139
31333,B-20-2-01_masks.tif,59,19715,1098.208153,392.2121967,65.67654244,5.971876444,0.985880305,46.57540209,4013.296576,919.5071773,13400,0.679685519,202.8575439,198.7695465,150.3898468
31334,B-20-2-01_masks.tif,60,5660,414.9705627,174.7489572,42.36744313,4.12460475,0.970164534,5.541415706,4894.335689,875.4969965,4612,0.814840989,190.8182983,189.3651276,135.8621063
31335,B-20-2-01_masks.tif,61,7972,548.5685425,192.4864119,53.82114558,3.576408675,0.960113634,-43.8546662,2269.919343,878.8061967,6681,0.838058204,209.2330475,200.8989716,154.7308807
31336,B-20-2-01_masks.tif,62,7360,407.1126984,134.0483203,71.3680099,1.878268996,0.846489696,54.56800757,4771.022554,864.0248641,5799,0.787907609,204.6884003,197.3609314,151.8929138
31337,B-20-2-01_masks.tif,63,13797,839.2964646,301.4996266,59.17758749,5.094827947,0.980548393,26.31508502,5360.471769,962.6794231,7447,0.539755019,200.4188232,195.9437408,170.6167603
31338,B-20-2-01_masks.tif,64,11257,780.9533188,275.9127434,53.3512088,5.171630589,0.981127362,-57.05194011,2109.376743,910.3906902,6866,0.609931598,210.727066,204.6345825,140.53685
31339,B-20-2-01_masks.tif,65,8461,746.6101731,261.2967217,44.07648632,5.928256619,0.985670241,-48.53441589,2303.284245,908.5864555,5681,0.671433637,213.1644135,207.6391449,156.011795
31340,B-20-2-01_masks.tif,66,9896,570.5269119,219.3115218,58.22689124,3.766498901,0.964111259,-76.84048451,997.382983,874.4353274,8593,0.868330639,207.3545837,203.2445068,164.7865753
31341,B-20-2-01_masks.tif,67,15107,929.1959595,336.2247581,61.36255094,5.4793152,0.983205007,63.43238928,5164.216655,903.1976567,10085,0.667571325,199.4109039,192.7276154,143.3961334
31342,B-20-2-01_masks.tif,68,10866,621.9411255,252.1099526,55.77859724,4.519833145,0.97521778,11.59443768,1214.665746,966.6685993,8408,0.773789803,192.8842773,187.9418335,137.9019928
31343,B-20-2-01_masks.tif,69,5730,411.8406204,134.1444791,57.68961944,2.32527932,0.90280228,-40.66268143,4441.323909,907.995986,4510,0.787085515,215.8682861,212.5215149,146.5651855
31344,B-20-2-01_masks.tif,70,9260,678.2253967,250.0007086,48.4189177,5.163285766,0.98106572,58.71862868,4772.623974,927.9318575,5460,0.589632829,199.0216064,198.8728943,148.7003632
31345,B-20-2-01_masks.tif,71,14646,952.8528137,336.8558688,60.64630464,5.554433543,0.983659956,61.8211157,5146.538167,951.9315171,9346,0.638126451,190.3260193,188.5886993,136.0040588
31346,B-20-2-01_masks.tif,72,6794,588.7695526,242.8329241,38.84340939,6.25158625,0.987123594,-71.22644316,1017.498528,914.8383868,6246,0.919340595,206.686203,204.15242,156.119278
31347,B-20-2-01_masks.tif,73,8430,555.254834,197.9019054,55.67988735,3.554279918,0.959604944,-65.76452514,684.7657177,938.005694,7280,0.863582444,201.9750061,194.3152466,136.1739044
31348,B-20-2-01_masks.tif,74,7877,615.7401154,236.3828218,44.46743148,5.315864081,0.982146784,-62.29061416,729.8295036,966.105497,6855,0.870255173,204.2195435,200.7161255,144.6806641
31349,B-20-2-01_masks.tif,75,22451,1034.911688,364.9367929,80.90957579,4.510427712,0.975112997,80.1674565,3803.864193,958.0295755,6064,0.270099327,206.6291199,197.7963409,150.4086456
31350,B-20-2-01_masks.tif,76,12305,668.5269119,272.5018224,59.325685,4.593319444,0.976014064,-80.08164828,4565.230963,960.1984559,10253,0.833238521,206.9167023,199.3984222,143.7532501
31351,B-20-2-01_masks.tif,77,15677,987.7401154,402.9059373,62.08516115,6.489569002,0.98805628,76.76091443,3772.274032,1007.169548,10553,0.673151751,208.0746765,203.560318,162.9042053
31352,B-20-2-01_masks.tif,78,15043,1024.468037,380.5153669,51.9938261,7.318472124,0.990620695,18.60522265,1473.120455,1168.786279,10076,0.669813202,199.5734406,195.4909668,158.5649109
31353,B-20-2-01_masks.tif,79,10965,799.7401154,322.2887587,47.58807292,6.772469211,0.989038684,71.66689143,1007.752759,1052.773279,9284,0.846694026,193.4513092,191.9285889,154.0822906
31354,B-20-2-01_masks.tif,80,18236,884.4264069,322.5986827,75.28683964,4.28492794,0.972386534,-89.95786632,4535.201799,1032.000384,8590,0.471046282,209.4400482,202.9200287,134.3770599
31355,B-20-2-01_masks.tif,81,15804,1123.965512,414.8548197,54.85629645,7.562574337,0.991219047,54.1279637,990.6005442,1125.663946,9661,0.611300936,197.3139496,192.6672211,153.9751587
31356,B-20-2-01_masks.tif,82,13363,1076.367532,376.2597133,53.29010213,7.060592835,0.989919498,22.18046578,1444.329941,1222.029335,7765,0.581082092,199.0490723,195.9048309,153.3603363
31357,B-20-2-01_masks.tif,83,16316,1014.752309,349.8661093,69.69643717,5.019856445,0.97995705,30.16943012,5297.048786,1179.568522,8053,0.493564599,196.4701385,189.4815521,138.1934662
31358,B-20-2-01_masks.tif,84,8942,602.2842712,244.0268796,47.79126281,5.10609817,0.980635012,10.28690864,1566.510624,1144.014985,6776,0.75777231,200.3755951,195.8112488,155.2507324
31359,B-20-2-01_masks.tif,85,18083,713.7401154,231.3772847,103.2394583,2.241171046,0.894935612,-22.51100745,4195.41575,1139.001438,13946,0.771221589,206.2032166,198.2635956,129.4778442
31360,B-20-2-01_masks.tif,86,7745,471.9411255,167.0675869,59.94194625,2.787156529,0.933418844,-60.41711096,4723.78102,1085.685991,6710,0.866365397,206.2730255,198.2554321,134.2967224
31361,B-20-2-01_masks.tif,87,7577,519.1126984,207.4911411,48.50874722,4.277396407,0.972287819,13.88666263,1529.233998,1175.712683,6549,0.86432625,205.1056671,200.8118744,157.6204071
31362,B-20-2-01_masks.tif,88,12033,729.254834,287.3226298,54.81100558,5.242060911,0.981635799,-16.47586336,503.218067,1234.432644,8129,0.67555888,197.4333801,190.8720703,139.6414032
31363,B-20-2-01_masks.tif,89,10035,625.3969696,227.3428774,56.93198151,3.993236691,0.96813641,-55.38706656,4704.41156,1161.339412,9688,0.965421026,209.5358124,202.6652527,145.9888458
31364,B-20-2-01_masks.tif,90,7448,509.4558441,205.6830161,47.29843079,4.34862241,0.973200582,8.597600504,5019.485634,1201.815924,6950,0.933136412,202.7994232,195.2697906,144.4634552
31365,B-20-2-01_masks.tif,91,8697,584.0416306,255.2187433,44.98604507,5.67328697,0.984342811,6.830877444,5063.125791,1216.48396,8098,0.931125676,202.1769562,196.9920959,146.557663
31366,B-20-2-01_masks.tif,92,15650,1123.03658,400.631179,51.58099725,7.767030503,0.99167717,37.82949476,5295.415016,1279.673674,11604,0.741469649,196.1842499,195.7161255,155.8238525
31367,B-20-2-01_masks.tif,93,9881,643.5979797,255.6344657,50.32056165,5.080119485,0.980434468,13.85651767,4984.800729,1251.603077,8849,0.89555713,207.8987427,203.1657867,159.2145996
31368,B-20-2-01_masks.tif,94,7653,438.1837662,148.5682901,66.29498298,2.241018603,0.894920478,-53.94648543,4759.387822,1191.28172,6737,0.880308376,204.1254272,195.0129089,124.9006958
31369,B-20-2-01_masks.tif,95,7168,528.9116882,195.6379787,47.98220313,4.077302957,0.969457297,-34.19690083,4511.422015,1220.407227,5567,0.776646205,214.0032349,210.1225128,163.9020996
31370,B-20-2-01_masks.tif,96,6172,489.4974747,180.9157043,44.34653753,4.079590298,0.969492076,-37.92747794,4434.413642,1220.211763,5159,0.835871679,210.710022,203.6774597,142.9236298
31371,B-20-2-01_masks.tif,97,13898,782.6690476,314.0789049,56.93425702,5.516518899,0.983432678,16.78936386,5178.182832,1296.902216,6571,0.472801842,204.1220551,194.9258881,153.7549896
31372,B-20-2-01_masks.tif,98,15692,879.7817459,320.3606877,63.75530746,5.02484735,0.979997252,-27.28608459,4816.177352,1296.295947,8138,0.518608208,204.7608795,198.2546082,134.3298035
31373,B-20-2-01_masks.tif,99,7404,497.4558441,202.5053467,47.92296501,4.225643105,0.971594876,10.72750579,4937.908833,1246.305646,6579,0.888573744,199.9205017,197.9015045,147.0861816
31374,B-20-2-01_masks.tif,100,7467,484.8700577,180.1793856,56.99727117,3.161193193,0.94864713,-17.22116792,1217.777688,1266.921254,5344,0.715682336,200.5930023,191.6583099,147.035553
31375,B-20-2-01_masks.tif,101,15847,881.5979797,357.1637388,58.82231257,6.071909164,0.986344902,-79.30354,1849.457247,1221.782861,9381,0.591973244,205.4972839,199.8347778,140.2761993
31376,B-20-2-01_masks.tif,102,9467,622.1837662,242.9994743,51.20173434,4.745922719,0.977549223,16.74808349,5232.720186,1307.359776,7758,0.819478187,202.6719513,196.4227905,160.1527405
31377,B-20-2-01_masks.tif,103,8950,583.7401154,215.9552951,54.57020298,3.957384861,0.967546737,-56.24049457,887.9267039,1284.692737,6965,0.778212291,207.4038696,200.2261353,158.8478088
31378,B-20-2-01_masks.tif,104,9860,678.9116882,251.472335,52.82614388,4.76037652,0.977686903,18.36740775,5141.177586,1341.182049,8140,0.825557809,210.660202,207.4792328,163.0777588
31379,B-20-2-01_masks.tif,105,9534,686.4680374,252.9719282,49.53503923,5.106928997,0.980641375,-56.71544199,903.7562408,1331.273023,8713,0.913887141,211.2347107,202.6166687,158.4044495
31380,B-20-2-01_masks.tif,106,16168,1075.195959,406.7113508,57.62036746,7.058465066,0.989913389,20.93197166,3565.52239,1479.60694,7786,0.48156853,194.9844666,192.6985626,136.2220612
31381,B-20-2-01_masks.tif,107,8431,518.0832611,181.6847704,60.06259659,3.024923676,0.943775573,-56.82529346,968.8186455,1349.790772,7697,0.912940339,203.1802063,191.9562225,135.5489197
31382,B-20-2-01_masks.tif,108,4287,372.1837662,125.6618866,45.69044395,2.75028815,0.93155585,-45.48146703,1018.125262,1372.250991,3960,0.923722883,204.8052979,197.2770233,145.7090912
31383,B-20-2-01_masks.tif,109,10386,618.0416306,257.8567663,56.59990657,4.555780776,0.975612198,-0.839421182,1204.175236,1436.151743,6381,0.614384749,206.346344,198.9992218,163.0540619
31384,B-20-2-01_masks.tif,110,9830,677.3969696,251.1039973,52.28763039,4.802359477,0.97807968,59.54924058,4464.572431,1432.630722,6064,0.61688708,195.2049866,191.8804474,146.2163544
31385,B-20-2-01_masks.tif,111,6572,563.7401154,205.4815494,44.8388884,4.582663771,0.975901011,-61.38616284,914.122185,1451.788192,5607,0.853164942,212.3702545,209.7078705,165.215271
31386,B-20-2-01_masks.tif,112,16079,1002.225397,398.3373556,53.23577496,7.482512575,0.991029277,74.24482292,5049.602836,1479.207724,10137,0.630449655,198.4990692,195.4844666,143.5156403
31387,B-20-2-01_masks.tif,113,10331,694.0416306,297.8680339,47.2273904,6.307103385,0.987350727,1.521301666,1371.256897,1623.243636,8257,0.799244991,206.3483124,197.5945282,155.7624969
31388,B-20-2-01_masks.tif,114,11090,705.254834,269.5448062,54.63241108,4.933789319,0.979244203,71.7960057,3913.367538,1520.699008,7801,0.70342651,198.9591064,194.9752655,138.4751892
31389,B-20-2-01_masks.tif,115,14532,882.6690476,350.9382939,55.6105111,6.3106468,0.987365018,79.06032907,4504.842623,1520.84744,8074,0.555601431,207.9692841,203.2863464,166.203125
31390,B-20-2-01_masks.tif,116,11643,739.254834,290.806982,51.88455299,5.604885563,0.983955188,77.9714765,4520.097655,1571.782101,80,0.006871081,215.1125031,202.6000061,202.3874969
31391,B-20-2-01_masks.tif,117,4713,425.254834,145.7988991,43.19906606,3.375047481,0.955097364,-41.94736365,2623.630384,1622.255039,30,0.006365372,213.5333405,202.7333374,221.4333344
31392,B-20-2-01_masks.tif,118,8799,719.1543289,258.2475939,44.41019816,5.8150516,0.98510262,64.58118443,839.917036,1634.851915,6865,0.780202296,198.809906,196.800293,159.8370056
31393,B-20-2-01_masks.tif,119,6140,505.0121933,187.3604431,44.25680168,4.233483579,0.971701523,-26.72559402,2652.92329,1665.585668,5198,0.846579805,208.0704193,202.2989655,155.8670654
31394,B-20-2-01_masks.tif,120,9546,647.3553391,262.256392,47.60925647,5.508516861,0.983384102,74.02097675,3959.261157,1621.96585,8119,0.850513304,199.6982422,196.1331482,156.0550537
31395,B-20-2-01_masks.tif,121,11204,753.5979797,297.7229086,50.23601822,5.926483013,0.985661601,79.0125328,4520.239022,1621.095769,574,0.051231703,240.3902435,216.2369385,193.8344879
31396,B-20-2-01_masks.tif,122,7992,586.3259018,216.4602663,48.48434522,4.464539334,0.974592069,60.71362931,796.4424424,1659.488238,6191,0.77464965,196.9311829,192.9022827,152.175415
31397,B-20-2-01_masks.tif,123,4928,395.3553391,125.869184,52.56087947,2.394731315,0.908638608,-59.35808004,3178.729911,1642.846794,4692,0.95211039,205.0087433,198.0786438,148.9147491
31398,B-20-2-01_masks.tif,124,12067,957.5807358,345.8686564,52.25165041,6.619286733,0.988522505,50.96820545,4394.446673,1698.168973,10090,0.836164747,199.9091187,197.2171478,165.29039
31399,B-20-2-01_masks.tif,125,12906,838.9116882,319.9478671,54.74765947,5.844046489,0.985251182,75.65938452,4481.397799,1659.33651,9973,0.772741361,206.499054,199.4686584,162.9806519
31400,B-20-2-01_masks.tif,126,8159,581.9411255,227.3198411,48.27267472,4.709079047,0.977192426,75.29683564,3937.469911,1658.580708,3284,0.402500306,195.5106506,192.8687592,150.3081665
31401,B-20-2-01_masks.tif,127,8614,622.4264069,239.8163767,47.47968174,5.050926375,0.980205356,15.56550028,2901.442651,1754.059322,7827,0.908637102,198.5507813,195.4895935,146.0877686
31402,B-20-2-01_masks.tif,128,5368,383.3553391,120.7625644,58.83549483,2.052546082,0.873290544,-42.62204313,3189.194858,1696.758756,4961,0.924180328,208.5369873,199.8877258,150.4906311
31403,B-20-2-01_masks.tif,129,7636,547.0121933,209.9101939,48.30034697,4.345935527,0.973166977,-21.25173386,2537.714248,1748.775144,6165,0.807359874,211.140625,203.508194,152.2233582
31404,B-20-2-01_masks.tif,130,4409,353.1126984,119.5491069,49.56432457,2.411999114,0.91000656,-50.93368131,3099.84645,1706.521887,3859,0.87525516,213.2311554,205.7110596,144.4045105
31405,B-20-2-01_masks.tif,131,11228,747.4974747,298.3939731,51.49784772,5.794299886,0.984994908,-69.04911619,3451.116673,1714.605451,10358,0.922515141,211.2949371,205.036972,164.4143677
31406,B-20-2-01_masks.tif,132,8923,695.2964646,253.7943223,47.75291085,5.314740353,0.982139165,51.82106581,4384.162501,1743.540962,8777,0.98363779,207.6888428,203.3701782,175.6571655
31407,B-20-2-01_masks.tif,133,9730,737.7817459,279.8851792,45.82292298,6.107973061,0.986506776,49.44412829,4341.399075,1763.226927,9351,0.961048304,198.8657837,193.6400452,155.3816681
31408,B-20-2-01_masks.tif,134,4428,346.627417,120.698329,48.75265351,2.475728403,0.914793637,11.89279374,2944.925248,1737.498645,3034,0.685185185,201.1921539,195.8315735,143.2804871
31409,B-20-2-01_masks.tif,135,10042,662.2253967,239.6616719,55.6365079,4.307633259,0.972680943,38.75982271,3941.131149,1775.350627,6660,0.663214499,196.8070526,192.4316864,147.2456512
31410,B-20-2-01_masks.tif,136,10208,728.7106781,272.5452827,49.94109738,5.457334681,0.983068277,56.71649939,2323.934757,1772.875098,9176,0.898902821,196.494339,193.3150635,156.0367279
31411,B-20-2-01_masks.tif,137,9068,669.4974747,264.318636,45.93626192,5.754030149,0.984782518,-66.51607368,3449.40858,1760.062858,8696,0.958976621,213.2583923,205.0695648,164.7734528
31412,B-20-2-01_masks.tif,138,7674,590.2253967,210.6045133,47.96671528,4.390638636,0.973717933,53.97423929,2284.911128,1795.660412,5286,0.68881939,203.7097931,195.5923157,170.1836853
31413,B-20-2-01_masks.tif,139,4409,384.7695526,131.1692019,47.36773944,2.769167443,0.932519598,-43.03006665,3121.738263,1773.236562,3826,0.867770469,215.546524,209.7428131,149.7909088
31414,B-20-2-01_masks.tif,140,8197,581.3969696,216.8637731,50.08422011,4.329982031,0.972966132,50.0471078,4321.75613,1801.380261,7070,0.862510675,203.7917938,199.044693,156.3080597
31415,B-20-2-01_masks.tif,141,4164,382.1837662,135.0139649,41.11587802,3.283742714,0.952502567,-39.8888028,2582.76537,1786.963497,3771,0.905619597,211.4150085,203.1442566,148.9276123
31416,B-20-2-01_masks.tif,142,8240,593.6984848,254.2616963,43.90762331,5.790832598,0.984976797,-8.521521082,4575.465049,1861.059102,7781,0.944296117,198.2723236,192.8330536,141.0263519
31417,B-20-2-01_masks.tif,143,7277,554.4264069,211.8462105,44.56707604,4.753424036,0.977620836,-68.84348224,3454.981586,1800.652054,896,0.123127662,214.9720917,195.1328125,188.0457611
31418,B-20-2-01_masks.tif,144,14306,865.7401154,328.6702917,63.63094553,5.165258648,0.981080321,-15.10728344,4627.115406,1921.663428,11501,0.803928422,203.5717773,198.052002,149.8987885
31419,B-20-2-01_masks.tif,145,8709,670.3259018,251.4327188,45.24306264,5.557376183,0.983677399,24.165291,3869.535308,1904.870823,6202,0.71213687,200.7592773,197.2010651,148.0565948
31420,B-20-2-01_masks.tif,146,10470,866.0243866,301.0067856,46.10435777,6.528814198,0.988200292,30.37518011,3925.765616,1915.484241,7446,0.711174785,200.0451202,196.9123077,156.2608185
31421,B-20-2-01_masks.tif,147,5889,565.0121933,222.985362,36.54182089,6.102196239,0.986481041,-68.75123789,3436.883681,1844.217864,295,0.050093394,229.786438,220.6678009,192.0033875
31422,B-20-2-01_masks.tif,148,9541,672.6690476,278.9248025,45.55464089,6.122862501,0.986572768,-19.90033037,4088.467561,1924.687769,8000,0.838486532,201.6366272,194.6157532,142.7415009
31423,B-20-2-01_masks.tif,149,10020,571.1126984,218.08847,59.09214651,3.690650668,0.962592035,-78.71713125,4990.571357,1838.447305,9051,0.903293413,204.6585999,197.5656891,145.9445343
31424,B-20-2-01_masks.tif,150,18422,966.3675324,365.8640019,66.01739588,5.54193326,0.983585544,25.72394671,2920.722723,1968.08631,8964,0.486592118,198.920578,192.1903229,138.9451141
31425,B-20-2-01_masks.tif,151,11077,652.6690476,254.652221,56.55856785,4.502451719,0.975023615,-20.84478086,4127.662454,1950.283561,10495,0.947458698,212.8202057,205.5566406,161.3750305
31426,B-20-2-01_masks.tif,152,12147,672.0832611,250.9495177,63.12648366,3.975344471,0.967844167,-20.13705341,4180.017535,1973.958838,10449,0.860212398,204.1872864,194.0541687,137.9941559
31427,B-20-2-01_masks.tif,153,11222,762.1837662,318.0110287,48.8715637,6.507077011,0.988120851,-10.47428694,3114.819105,2020.839333,5582,0.49741579,209.6083832,203.6637421,168.9190216
31428,B-20-2-01_masks.tif,154,7781,504.2842712,201.8243654,50.32516396,4.010406515,0.968413103,78.9370737,3454.725485,1907.596067,7374,0.947693099,205.0347137,199.1030579,162.6897278
31429,B-20-2-01_masks.tif,155,10435,639.4558441,240.6951964,58.1251683,4.140980636,0.970403633,-82.41638823,1112.147005,1918.175563,7404,0.709535218,201.1608582,195.6164246,141.6172333
31430,B-20-2-01_masks.tif,156,17647,1039.39697,414.8468884,56.86172721,7.295713808,0.990561809,12.86237056,3241.537428,2080.03774,11512,0.652348841,207.1755524,200.8200989,156.4992981
31431,B-20-2-01_masks.tif,157,10475,698.1837662,279.4143644,53.49261267,5.223419656,0.981503252,-13.36493275,3161.57031,2034.62358,9178,0.876181384,210.1600494,202.8956146,158.2612762
31432,B-20-2-01_masks.tif,158,13925,861.0121933,354.5626179,51.51033965,6.883329062,0.989390795,11.78391944,1936.13982,2068.668079,7825,0.561938959,197.281662,191.7249908,150.9189758
31433,B-20-2-01_masks.tif,159,10477,680.5269119,280.850544,49.65250183,5.656322112,0.984247997,-9.298557561,3073.273933,2029.804811,281,0.026820655,228.1708221,220.2277527,223.9893188
31434,B-20-2-01_masks.tif,160,11059,691.1126984,283.3883979,53.37093799,5.309788597,0.982105533,-79.15869278,4996.786961,1944.887784,6117,0.553124152,202.9311829,196.3264618,153.0872955
31435,B-20-2-01_masks.tif,161,6208,444.0416306,174.4591061,46.96673691,3.714524739,0.963080537,78.52168461,3460.257893,1952.191527,5421,0.873228093,200.4344177,193.7142639,154.548233
31436,B-20-2-01_masks.tif,162,8370,611.6396103,222.0443494,49.13416446,4.519143692,0.975210122,-38.63572585,4697.10227,2004.728196,7478,0.893428913,204.842865,197.993454,141.1051025
31437,B-20-2-01_masks.tif,163,10712,700.2842712,295.2408647,50.50923459,5.845284869,0.985257478,-3.87608969,3026.492999,2046.282767,6870,0.641336819,203.6595306,195.2486115,150.3733673
31438,B-20-2-01_masks.tif,164,15138,901.4974747,365.3765998,57.21343659,6.38620264,0.987664078,13.11562305,3298.502246,2082.132646,9310,0.615008588,192.5311432,188.9063416,139.8288879
31439,B-20-2-01_masks.tif,165,9314,637.3969696,226.1133349,55.54593292,4.070745112,0.969357255,-43.26276476,1230.913786,2011.168134,7650,0.821344213,208.2020874,201.6010437,146.2749023
31440,B-20-2-01_masks.tif,166,9503,608.6690476,226.7521755,54.06935686,4.193727994,0.97115445,64.73981503,3831.329791,2010.277597,8204,0.863306324,203.3735962,199.5695953,162.9043121
31441,B-20-2-01_masks.tif,167,9292,584.627417,246.4368021,51.96818754,4.742070365,0.977512312,-86.06546599,4995.583836,1992.204262,7640,0.822212656,201.7234344,191.0816803,149.676178
31442,B-20-2-01_masks.tif,168,6356,525.7401154,200.8459291,43.47094014,4.620234308,0.97629609,48.52089838,3461.103052,2036.54657,5998,0.943675267,194.6932373,194.1583862,145.2667542
31443,B-20-2-01_masks.tif,169,13181,1007.580736,359.422084,48.89762968,7.350501167,0.990702639,-35.03240192,1218.106138,2121.985813,9010,0.683559669,213.1892395,205.2618256,165.0804596
31444,B-20-2-01_masks.tif,170,7536,510.6690476,180.7151994,54.70342244,3.303544665,0.953084251,-30.81666415,1308.785032,2074.680998,6182,0.820329087,209.3100891,203.2201538,157.5330048
31445,B-20-2-01_masks.tif,171,6820,565.254834,212.2925686,43.0315654,4.933414963,0.979241019,64.50725541,3817.524927,2061.340469,6498,0.952785924,201.0680237,195.5935669,157.096344
31446,B-20-2-01_masks.tif,172,8810,613.3969696,223.9968065,51.16406327,4.378010506,0.973564034,55.50812634,3635.626561,2093.948581,7264,0.824517594,193.296524,187.5560303,147.085495
31447,B-20-2-01_masks.tif,173,8119,619.8406204,251.5497716,43.13415296,5.831800426,0.98518871,-69.36236209,4823.223673,2066.222441,7778,0.957999754,204.8661652,197.839035,154.545517
31448,B-20-2-01_masks.tif,174,7495,488.3847763,209.2645026,46.54337122,4.496118289,0.974952295,-7.393705751,2395.586524,2126.237759,6103,0.814276184,201.2810059,194.8182831,142.2855988
31449,B-20-2-01_masks.tif,175,8883,719.882251,267.8065395,43.02210603,6.224858897,0.987012054,59.95679556,3818.745131,2105.21558,8126,0.914781042,208.8008881,201.0924225,174.7772522
31450,B-20-2-01_masks.tif,176,16106,975.2375901,362.9467093,57.39874089,6.323252107,0.987415664,36.01215059,2081.0755,2183.469204,7685,0.477151372,188.4642792,180.1511993,131.976181
31451,B-20-2-01_masks.tif,177,15176,880.2842712,376.6553057,52.65853112,7.152787928,0.990178967,3.42886831,2250.74598,2239.175936,7956,0.524248814,198.3992004,192.2995148,153.4204407
31452,B-20-2-01_masks.tif,178,8595,754.6101731,268.1937295,49.10008591,5.462184526,0.983098589,49.9017302,5355.44619,2159.180221,7957,0.925770797,200.7663727,199.4470215,147.1181335
31453,B-20-2-01_masks.tif,179,7200,558.1837662,224.7279096,42.51994194,5.28523557,0.981937354,-68.58114361,4847.722778,2096.350833,6777,0.94125,211.1636353,204.2967377,167.322113
31454,B-20-2-01_masks.tif,180,6138,456.4264069,153.8782191,52.9415229,2.906569563,0.938951991,52.71945955,5384.41854,2109.966764,5481,0.892961877,197.1902924,195.1882935,137.3554077
31455,B-20-2-01_masks.tif,181,6706,607.4974747,228.6079015,40.45388024,5.651074758,0.984218496,62.29547112,3775.494781,2122.493886,5977,0.891291381,196.3779449,192.2419281,156.5976257
31456,B-20-2-01_masks.tif,182,4530,323.4558441,101.1278605,57.85825335,1.747855399,0.820163152,-32.57901346,2476.592494,2118.971744,3009,0.664238411,201.3509521,193.9860382,132.3403168
31457,B-20-2-01_masks.tif,183,9228,628.0416306,258.5596817,48.38402688,5.343905796,0.98233534,-1.972649128,2206.164608,2225.680754,4257,0.461313394,207.9772186,203.2421875,167.9264679
31458,B-20-2-01_masks.tif,184,12954,1071.722871,387.7126964,49.90118065,7.769609685,0.991682718,54.37395493,3626.238382,2211.107689,6831,0.527327466,195.7392731,190.4000854,139.634903
31459,B-20-2-01_masks.tif,185,8725,688.4680374,261.2506494,44.58090547,5.860146775,0.985332716,57.63229411,3538.884241,2199.264986,7244,0.83025788,199.8960571,193.999588,151.3615417
31460,B-20-2-01_masks.tif,186,7003,518.0416306,208.0147096,44.71875758,4.65162095,0.97661871,-87.74489172,4863.069684,2154.92032,6353,0.907182636,193.8318939,188.6500854,146.4212189
31461,B-20-2-01_masks.tif,187,7564,657.3969696,249.0486824,40.04438663,6.219315699,0.986988739,60.22950062,683.8487573,2194.05037,6547,0.865547329,194.2431641,191.063385,148.6954346
31462,B-20-2-01_masks.tif,188,9147,763.882251,286.5034501,43.96515691,6.516602471,0.988155762,61.22087352,3778.754236,2220.81524,5062,0.553405488,184.7986908,184.1914215,143.2823029
31463,B-20-2-01_masks.tif,189,8685,657.1543289,257.9734865,46.93508337,5.496389225,0.983310074,61.25150761,679.4885435,2231.789752,7521,0.86597582,203.7311554,195.894165,157.5262604
31464,B-20-2-01_masks.tif,190,4924,316.3847763,102.7323321,61.52459295,1.669776705,0.800836928,-5.531440609,2445.771121,2214.335703,91,0.01848091,195.3186798,181.1648407,182.4945068
31465,B-20-2-01_masks.tif,191,6599,584.3259018,220.2989777,40.14150497,5.488059748,0.983258941,59.91563554,636.6749508,2251.310805,3648,0.552811032,211.2620544,205.4618988,175.7094269
31466,B-20-2-01_masks.tif,192,11935,839.2964646,318.2247087,60.26336162,5.280566835,0.981905105,62.29969578,640.4594889,2292.184751,7853,0.657980729,207.672348,202.9754181,171.6591187
31467,B-20-2-01_masks.tif,193,23565,1429.806133,503.6482184,67.38440639,7.474254733,0.991009354,42.44731355,597.048589,2389.639932,12750,0.541056652,195.9719238,187.8344269,142.7317657
31468,B-20-2-01_masks.tif,194,26642,1539.362482,540.8594397,66.56033503,8.125852122,0.992398734,42.97386074,564.1252158,2430.725058,13587,0.509984235,202.1302643,194.118576,156.2003326
31469,B-20-2-01_masks.tif,195,9681,581.6984848,229.5124774,55.30091234,4.150247577,0.970537659,80.69708082,4599.866233,2254.263196,9301,0.960747857,199.3220062,194.0178528,151.711853
31470,B-20-2-01_masks.tif,196,9131,650.627417,258.4626941,48.08811529,5.3747728,0.982539449,-89.68180922,2556.746578,2269.79148,6689,0.732559413,199.9575348,195.4257813,148.4707794
31471,B-20-2-01_masks.tif,197,4545,367.7989899,146.3619078,40.89409026,3.579047898,0.960173657,78.20984746,4893.658526,2281.59912,4399,0.967876788,189.545578,186.0265961,134.9840851
31472,B-20-2-01_masks.tif,198,6124,510.6690476,195.8789373,41.44558857,4.726170964,0.977358999,58.85049571,4847.062704,2316.204278,5898,0.963096016,197.1492004,195.1024017,144.2928162
31473,B-20-2-01_masks.tif,199,12687,733.9827561,264.2960253,65.51783972,4.033955125,0.968786735,62.44485262,4597.063924,2324.131079,9189,0.724284701,204.1797791,197.7584076,149.6598053
31474,B-20-2-01_masks.tif,200,8141,422.2842712,140.9433967,74.41722303,1.893962055,0.849248298,-70.60589636,1767.457192,2319.68935,5977,0.73418499,201.4336548,193.7883606,137.9317322
31475,B-20-2-01_masks.tif,201,10036,667.1543289,255.6533439,51.80210384,4.935192297,0.979256127,62.71170434,4562.462635,2360.258171,9187,0.915404544,204.4274445,194.8497925,150.9239197
31476,B-20-2-01_masks.tif,202,11880,725.1126984,278.8493896,59.57400075,4.680722901,0.976911974,85.86079535,1372.99436,2343.382071,5871,0.494191919,206.5448761,205.1459656,172.652359
31477,B-20-2-01_masks.tif,203,6936,515.0121933,191.0759368,47.00385889,4.065111701,0.96927092,-63.29843795,4217.698674,2355.919839,6483,0.934688581,206.2096252,198.6807098,143.2737885
31478,B-20-2-01_masks.tif,204,15883,1100.752309,401.4863113,52.93845025,7.584020866,0.991268858,25.80717394,1131.132846,2520.835422,9382,0.590694453,194.2312927,187.8132629,143.7082672
31479,B-20-2-01_masks.tif,205,11090,691.1543289,263.3747616,54.99709284,4.788885159,0.977954762,64.67236844,4542.312894,2404.69982,4260,0.384129847,195.1981201,187.1394348,137.9678345
31480,B-20-2-01_masks.tif,206,4824,356.2842712,115.060068,55.80320377,2.061890004,0.87451863,-66.20834959,2413.405265,2376.568201,3886,0.805555556,201.408905,195.0458069,135.2913055
31481,B-20-2-01_masks.tif,207,12202,780.3259018,298.5190748,55.69431744,5.359955711,0.982441916,73.27606248,3327.251926,2397.820603,6519,0.534256679,196.1204224,189.327652,134.2971344
31482,B-20-2-01_masks.tif,208,15455,1038.024387,381.5019918,57.84753398,6.594956874,0.988437168,24.95565234,1091.16603,2542.609123,4301,0.278291815,202.8300323,196.9632568,160.3027191
31483,B-20-2-01_masks.tif,209,7153,377.2132034,129.2829491,70.78007765,1.826544325,0.836817509,-83.29397069,1776.141619,2388.402069,5136,0.718020411,193.8255463,183.4139404,125.1347351
31484,B-20-2-01_masks.tif,210,4973,384.5269119,128.962715,51.11388788,2.523046483,0.918101113,-61.18846264,2323.39453,2425.95375,4098,0.824049869,209.8838501,203.7276764,140.6642303
31485,B-20-2-01_masks.tif,211,2778,280.627417,94.0116636,38.67200746,2.431000348,0.911475983,-60.83349151,4184.356731,2416.87293,0,0,,,
31486,B-20-2-01_masks.tif,212,10324,687.8406204,260.5020775,52.08380285,5.0015948,0.979808912,14.44320338,5153.277606,2511.515401,7564,0.732661759,189.8211212,187.6791382,138.0058136
31487,B-20-2-01_masks.tif,213,7060,496.2842712,188.0209385,51.55046692,3.647317856,0.96168008,79.32589915,4447.968697,2429.833428,6325,0.895892351,197.7108307,191.8864746,139.6037903
31488,B-20-2-01_masks.tif,214,12522,734.5269119,292.1401381,55.47380678,5.266271689,0.981805825,10.76042009,3763.292924,2568.44913,5124,0.409199808,209.6740875,202.7851257,161.4283752
31489,B-20-2-01_masks.tif,215,6559,508.0416306,195.8602332,44.28470658,4.422751064,0.974103257,86.97806421,4442.451441,2470.974386,6064,0.924531179,202.1952515,194.3451538,145.3070526
31490,B-20-2-01_masks.tif,216,15059,798.2253967,299.9596024,65.61552685,4.571472893,0.975781413,-24.99656075,2893.405937,2630.826018,6846,0.45461186,209.1988068,202.0815125,137.8504181
31491,B-20-2-01_masks.tif,217,7676,592.5269119,240.3496119,42.81962346,5.613071588,0.984002333,-12.45394077,5257.808624,2617.875847,4891,0.637180823,198.1061096,193.8869324,146.7205048
31492,B-20-2-01_masks.tif,218,5849,495.1126984,201.7634751,38.40948418,5.252959767,0.981712633,-18.85449537,5297.687639,2620.060181,5618,0.960506069,202.5012512,195.8476257,141.3625793
31493,B-20-2-01_masks.tif,219,11827,758.9116882,296.0855301,55.87658966,5.298919133,0.982031373,21.8696806,2184.0509,2695.842648,5849,0.494546377,198.6223297,191.4923859,153.3282623
31494,B-20-2-01_masks.tif,220,15479,959.2964646,355.3822273,57.85210535,6.14294372,0.986661003,-70.74746863,3097.971962,2626.972996,9953,0.643000194,204.4412689,197.8626556,154.8253784
31495,B-20-2-01_masks.tif,221,5658,527.7401154,206.530017,36.81715402,5.609613847,0.983982444,-41.02399805,3928.398374,2642.704666,5118,0.904559915,207.06604,201.4306335,148.53302
31496,B-20-2-01_masks.tif,222,17026,1010.710678,377.5845185,69.07877018,5.465999431,0.983122375,19.53348925,2763.002643,2755.143486,10888,0.639492541,198.3622284,194.5958862,157.2541351
31497,B-20-2-01_masks.tif,223,11830,812.8111832,291.6852589,53.17603311,5.485276765,0.983241805,67.11336988,4907.996534,2651.664751,10034,0.848182587,200.8802032,195.0991669,147.0261078
31498,B-20-2-01_masks.tif,224,10330,743.3969696,282.8344449,49.64173835,5.697512905,0.984476725,-66.64927569,3112.78606,2682.514037,8262,0.799806389,207.6687317,201.7846832,156.3439789
31499,B-20-2-01_masks.tif,225,11803,761.2964646,274.4777885,59.77814963,4.591607305,0.975995953,60.07972137,5067.994069,2675.18741,10359,0.877658222,187.7594299,182.4828644,133.829422
31500,B-20-2-01_masks.tif,226,5845,478.0832611,179.6969495,43.436459,4.137007336,0.970345886,-45.34338045,3942.129855,2681.236612,5386,0.921471343,207.860199,198.5039063,154.0493927
31501,B-20-2-01_masks.tif,227,10681,746.0832611,278.3068429,54.21304041,5.133577471,0.980843793,17.26731272,2684.240614,2805.867615,6697,0.627001217,194.8352966,190.2973022,153.9832764
31502,B-20-2-01_masks.tif,228,9962,574.9116882,206.8099305,62.24212967,3.322667968,0.953635829,-52.14340552,541.284481,2729.087633,8866,0.889981931,205.1274567,196.6494446,133.1585846
31503,B-20-2-01_masks.tif,229,9432,597.8406204,217.9072679,56.13806165,3.88163149,0.966245344,67.92007463,4991.611111,2736.502651,8042,0.852629347,200.6034546,194.4416809,143.9951477
31504,B-20-2-01_masks.tif,230,9836,609.0121933,235.446938,54.08568258,4.353221162,0.973257951,18.52838671,2736.06771,2817.443676,8411,0.855124034,208.5051727,200.4979248,164.5101624
31505,B-20-2-01_masks.tif,231,8803,633.0538239,228.3558038,50.00193933,4.566938941,0.975732703,-51.79875031,1953.00125,2798.559923,8336,0.946949903,207.4749298,201.7485657,154.5001221
31506,B-20-2-01_masks.tif,232,5696,408.8700577,155.9854733,47.90291528,3.256283513,0.951677713,-68.03939773,549.2480688,2788.403968,5173,0.90818118,204.3210907,196.5694885,152.1420898
31507,B-20-2-01_masks.tif,233,3831,312.2842712,94.55133245,53.25018593,1.775605677,0.826328722,-51.25248475,2027.894283,2798.291308,3685,0.961889846,205.2599792,197.5690613,148.260788
31508,B-20-2-01_masks.tif,234,5505,465.8406204,174.7790066,41.27504535,4.234495811,0.971715247,-53.2981531,566.8192552,2844.299183,4972,0.903178928,208.0132751,203.9209595,155.3513641
31509,B-20-2-01_masks.tif,235,6933,521.2132034,195.4877329,52.38141513,3.732005568,0.963432141,13.12574394,2237.209289,2874.603635,5748,0.829078321,203.9812164,198.9013519,154.6113434
31510,B-20-2-01_masks.tif,236,3907,321.1126984,99.8628414,51.26871428,1.947831983,0.858154631,-43.99953417,1965.017661,2853.517533,3559,0.910929102,210.7086334,206.8777771,156.8609161
31511,B-20-2-01_masks.tif,237,9324,632.7695526,249.6865301,48.09262788,5.191783879,0.981274991,15.03537298,2197.91109,2933.67707,8693,0.932325182,201.5133972,196.1556396,159.4363251
31512,B-20-2-01_masks.tif,238,4532,360.1421356,140.4264759,44.02169069,3.189938271,0.949592924,15.57787913,2140.373786,2889.393204,4115,0.907987643,201.8371735,196.1023102,163.7696228
31513,B-20-2-01_masks.tif,239,10276,645.6396103,234.9440281,57.4975078,4.086160202,0.969591638,-37.86307111,2865.057415,2905.450272,8096,0.787855197,208.9823303,202.0889282,142.1624298
31514,B-20-2-01_masks.tif,240,5796,498.6690476,184.6437211,41.06456265,4.496424877,0.974955755,56.76596154,3955.477743,2873.507074,5499,0.948757764,195.6652069,188.8612518,151.5557404
31515,B-20-2-01_masks.tif,241,5757,443.2132034,181.4418391,41.33342166,4.389712532,0.973706692,-7.877810143,649.5419489,2915.786347,4918,0.854264374,206.1067505,201.5679169,164.0481873
31516,B-20-2-01_masks.tif,242,6647,519.2132034,227.3283879,39.58706048,5.742492247,0.984720831,-4.635034578,704.9515571,2939.618174,6009,0.90401685,208.0888672,200.6285553,159.9680481
31517,B-20-2-01_masks.tif,243,10564,728.9533188,241.1005232,58.11542176,4.148649634,0.970514614,-40.81764096,2912.075445,2937.600435,6760,0.639909125,203.2726288,195.5720367,126.6784058
31518,B-20-2-01_masks.tif,244,5820,468.9705627,193.3001647,39.51029402,4.892400057,0.978887731,-3.846083872,736.6860825,2973.216495,4890,0.840206186,200.5961151,190.1791382,145.5533752
31519,B-20-2-01_masks.tif,245,15102,858.6690476,344.7884744,57.24244382,6.023301092,0.986122063,-76.72216997,1076.58873,2931.156072,6497,0.430207919,200.6352234,194.550415,135.9729156
31520,B-20-2-01_masks.tif,246,10966,634.1837662,252.5598312,58.23877075,4.336627095,0.973050064,73.32611432,1581.802572,2928.901149,9906,0.903337589,195.034729,188.876236,141.2383423
31521,B-20-2-01_masks.tif,247,18306,1292.693434,443.3623845,66.46652184,6.670461643,0.98869894,51.91995175,999.2082377,3078.220474,11227,0.613296187,190.5596313,184.639801,148.0890656
31522,B-20-2-01_masks.tif,248,4940,399.4558441,146.2677032,45.18358495,3.237186765,0.95109121,22.67735508,2173.52247,3002.623279,3578,0.724291498,205.1204529,198.7272186,162.7596436
31523,B-20-2-01_masks.tif,249,10082,630.4264069,245.2668308,53.79403264,4.559368739,0.975651045,73.71179785,1613.743206,2996.296568,9021,0.894762944,193.4483948,187.0670624,136.812439
31524,B-20-2-01_masks.tif,250,6086,466.0416306,187.548288,42.24419836,4.439622369,0.974302298,-8.929816601,818.4028919,3050.741045,5190,0.852776865,199.1524048,193.4942169,148.136795
31525,B-20-2-01_masks.tif,251,6132,422.627417,166.956424,48.28781292,3.457527145,0.957261432,82.57611256,1949.71608,2986.127528,5786,0.94357469,200.0907288,194.4955139,157.6845856
31526,B-20-2-01_masks.tif,252,9359,689.4974747,250.2652431,49.35031206,5.071198796,0.980364882,23.66403852,1298.902447,3093.462015,8314,0.888342772,195.7694244,189.9959106,153.6118622
31527,B-20-2-01_masks.tif,253,6130,424.9705627,175.7283553,45.2919382,3.879903627,0.966214747,-4.776719287,764.3588907,3062.627406,5327,0.869004894,200.8843689,194.4711914,151.7276154
31528,B-20-2-01_masks.tif,254,4817,447.3553391,177.0326127,36.3458966,4.870773025,0.978697786,-65.24894047,3840.474777,3016.083039,4420,0.917583558,199.1558838,191.588913,141.1088257
31529,B-20-2-01_masks.tif,255,5465,399.2132034,154.1069383,47.78925286,3.224719557,0.950702481,85.16437192,1942.644099,3029.26258,4810,0.880146386,201.3241119,196.5243225,155.0792084
31530,B-20-2-01_masks.tif,256,6997,563.4974747,203.9526814,47.97740549,4.251015228,0.971937816,-59.78433845,3867.869373,3068.799343,6276,0.896955838,204.5543365,200.1481781,162.2283325
31531,B-20-2-01_masks.tif,257,8798,608.0832611,205.377605,55.56281793,3.696313699,0.962708789,25.33709506,1259.236076,3116.999318,6372,0.724255513,201.1136169,193.8294067,151.7355652
31532,B-20-2-01_masks.tif,258,10770,724.9533188,252.9554133,56.62694456,4.467050365,0.974620997,54.87367641,1753.520613,3111.54234,5622,0.522005571,187.3760223,178.5896454,142.2228699
31533,B-20-2-01_masks.tif,259,4756,392.7695526,132.224841,47.06979032,2.809123222,0.934492446,-55.89437368,3724.198907,3086.513667,4550,0.956686291,208.3070374,201.1498871,155.1035156
31534,B-20-2-01_masks.tif,260,6895,423.5563492,175.3166201,50.90430698,3.444042959,0.956918568,84.34960884,2023.540102,3090.778535,5916,0.858013053,194.6555176,190.0742035,145.0310974
31535,B-20-2-01_masks.tif,261,9663,603.1543289,226.3951603,55.55999578,4.074787212,0.969418977,57.00506723,1713.439615,3151.251889,4803,0.497050605,204.7307892,196.6077423,153.550705
31536,B-20-2-01_masks.tif,262,13320,866.6101731,313.7280303,56.35817118,5.566682234,0.983732379,57.16004089,1682.989264,3190.789414,5470,0.410660661,191.9025574,182.9897614,146.505661
31537,B-20-2-01_masks.tif,263,10610,729.8406204,291.4684869,48.04758432,6.066246431,0.98631922,-73.13441311,3837.964844,3149.593497,9839,0.927332705,201.8326111,193.8511047,152.2642517
31538,B-20-2-01_masks.tif,264,13434,766.8700577,327.3111395,54.04922115,6.055797521,0.98627164,6.767171092,1428.73969,3290.709766,8599,0.640092303,196.9272003,190.0982666,141.2824707
31539,B-20-2-01_masks.tif,265,8978,720.2253967,262.0643332,50.15994465,5.224573812,0.981511501,56.34820612,1639.487636,3232.0137,7294,0.812430385,192.2868042,187.2332001,151.604599
31540,B-20-2-01_masks.tif,266,10199,600.8111832,210.9919621,63.16906613,3.340115265,0.954130552,41.69702927,1933.608099,3225.467203,6771,0.663888617,196.6535187,190.2168121,132.4495697
31541,B-20-2-01_masks.tif,267,9203,593.1543289,221.9003936,53.94188878,4.113693433,0.9700036,-55.9905667,3912.155058,3232.214713,7640,0.830164077,200.7611237,193.3277435,126.9655762
31542,B-20-2-01_masks.tif,268,11117,809.6984848,317.5420181,47.21040376,6.72610257,0.988886187,88.6139161,1022.361069,3201.228749,6468,0.58181164,202.4491272,199.7645264,165.0120544
31543,B-20-2-01_masks.tif,269,5066,369.7989899,137.0544876,48.42601315,2.830183175,0.935497231,-81.97900402,3802.807738,3206.502171,4485,0.885313857,206.0706787,196.6118164,150.696991
31544,B-20-2-01_masks.tif,270,11527,790.9116882,314.9737635,48.40402075,6.507181813,0.988121236,70.23510862,990.67112,3288.802984,5451,0.472889737,193.7011566,188.7838898,147.7092285
31545,B-20-2-01_masks.tif,271,11557,840.2253967,319.0917731,51.53228197,6.192075353,0.986873245,67.23692638,1695.115341,3316.498832,5022,0.434541836,208.0637207,202.9301147,180.6929474
31546,B-20-2-01_masks.tif,272,7323,508.0416306,199.0683575,53.76407225,3.702627966,0.962838322,83.03540275,74.35886932,3302.119077,976,0.133278711,187.8432312,178.9549255,128.2397614
31547,B-20-2-01_masks.tif,273,16990,1005.4386,367.2975374,61.67085669,5.955771609,0.98580329,67.22252795,878.210359,3354.565509,9851,0.579811654,199.7594147,192.8601227,150.5591278
31548,B-20-2-01_masks.tif,274,11214,869.7401154,328.7746084,45.52186304,7.222345187,0.990368141,73.24032942,976.7964152,3329.248885,5724,0.510433387,206.5031433,199.335434,161.1000977
31549,B-20-2-01_masks.tif,275,9942,830.509668,309.8085812,44.39569056,6.978348063,0.98967924,40.06645885,3742.916113,3428.892778,6473,0.651076242,189.5447235,183.5377655,145.0928497
31550,B-20-2-01_masks.tif,276,5738,388.627417,140.4197403,53.66959469,2.616374151,0.924076182,-81.74325737,4158.794528,3324.655803,5501,0.95869641,196.8516693,191.1585236,130.8496704
31551,B-20-2-01_masks.tif,277,9514,608.9116882,223.3862504,55.17999894,4.048319222,0.969011377,65.40501919,1673.402039,3356.768972,6398,0.672482657,202.7361603,195.432785,164.7255402
31552,B-20-2-01_masks.tif,278,6828,562.0832611,216.1691423,41.39690296,5.221867504,0.981492151,27.7535273,3811.94464,3410.263327,6117,0.895869947,186.991333,182.8409424,143.3828735
31553,B-20-2-01_masks.tif,279,7805,421.4558441,150.7963653,66.64631603,2.26263617,0.897033601,-13.60153917,3933.081614,3386.566432,6622,0.848430493,193.5566254,185.9447327,115.2712173
31554,B-20-2-01_masks.tif,280,4789,391.7989899,147.6052634,45.01035565,3.2793623,0.952372418,-79.05542366,58.24263938,3344.968052,201,0.041971184,215.6517487,206.8407898,200.592041
31555,B-20-2-01_masks.tif,281,15706,924.2253967,351.1732586,60.00930669,5.851979933,0.985291443,72.79863873,846.6868076,3400.549726,8584,0.546542723,203.4777527,194.2759857,148.6408386
31556,B-20-2-01_masks.tif,282,5345,437.0121933,158.9759506,44.17898721,3.598451676,0.960610791,55.06604026,3623.023199,3397.599065,5219,0.976426567,191.8513184,187.5723267,153.2096252
31557,B-20-2-01_masks.tif,283,10632,672.2842712,273.3714537,54.20690984,5.043110824,0.980143333,-83.55425917,119.1620579,3380.505455,4397,0.413562829,196.6602173,190.9242706,150.0154724
31558,B-20-2-01_masks.tif,284,7433,461.9411255,150.6319428,63.91945073,2.356590068,0.905502026,64.60029328,1636.760796,3399.944841,0,0,,,
31559,B-20-2-01_masks.tif,285,7305,569.9411255,227.4873359,45.05501264,5.049101588,0.980190901,15.03370137,3448.882546,3482.983025,6948,0.951129363,198.4395447,193.1790466,148.7606506
31560,B-20-2-01_masks.tif,286,7344,519.4974747,188.3758396,50.65947099,3.718472301,0.963160382,-36.66168234,1904.141885,3467.462963,6156,0.838235294,207.0068207,203.1457062,145.870697
31561,B-20-2-01_masks.tif,287,4686,403.0121933,140.442847,43.56236467,3.223949115,0.950678305,49.82905677,3615.031797,3443.534998,4348,0.927870252,197.9057007,190.1048737,149.34729
31562,B-20-2-01_masks.tif,288,5617,459.3553391,174.883049,43.24722332,4.043798321,0.968940938,-23.7573195,3970.76037,3469.189425,5089,0.905999644,203.7079926,198.0076599,140.5594482
31563,B-20-2-01_masks.tif,289,6019,447.5979797,155.7270543,51.20706863,3.041124174,0.944390604,-34.77134236,4098.91776,3462.741319,5420,0.900481808,199.957016,192.7627258,132.2474213
31564,B-20-2-01_masks.tif,290,4544,364.5269119,120.1580112,51.20473669,2.346619062,0.904654869,-34.70710067,2429.244278,3455.81294,3729,0.820642606,203.1622467,195.3939362,134.6449432
31565,B-20-2-01_masks.tif,291,8113,633.5979797,251.4633354,42.34403702,5.938577262,0.985720366,19.13018679,3519.280907,3537.326636,6994,0.862073216,200.3651733,195.9884186,159.0010071
31566,B-20-2-01_masks.tif,292,7735,581.3969696,205.2310499,49.23119022,4.168720053,0.970802107,-47.15142221,1985.397802,3500.79108,6267,0.810213316,205.8428345,200.5107727,144.7732544
31567,B-20-2-01_masks.tif,293,5943,485.4974747,174.5026743,44.5115909,3.92038727,0.966920785,-34.99832076,2471.235571,3500.558304,5240,0.881709574,205.385498,199.8020935,151.1562958
31568,B-20-2-01_masks.tif,294,5310,442.8700577,179.1126986,39.5420409,4.529677641,0.975326744,-14.15602074,4000.241808,3514.141808,4534,0.85386064,205.8500214,200.0227203,144.0357361
31569,B-20-2-01_masks.tif,295,6560,562.9116882,215.5740655,43.35794275,4.971962501,0.979565005,34.78177875,3571.35061,3529.974848,4103,0.625457317,201.4199371,194.7279968,163.1050415
31570,B-20-2-01_masks.tif,296,5467,459.5979797,168.3628957,43.08609767,3.907592119,0.966700063,31.49879418,3600.803549,3512.609109,5327,0.974391805,193.1685791,186.3581696,147.2477875
31571,B-20-2-01_masks.tif,297,6521,454.3847763,187.9508644,46.01277485,4.084753963,0.969570369,0.24768745,3411.500077,3563.394265,6109,0.936819506,197.2989044,192.3894196,150.4503174
31572,B-20-2-01_masks.tif,298,4994,426.1837662,154.8282938,42.14471889,3.673729422,0.962239862,-30.01705466,2358.617341,3549.757309,4521,0.905286344,212.1229858,206.5129395,151.4998932
31573,B-20-2-01_masks.tif,299,5453,392.9705627,158.0365798,44.99194158,3.512553009,0.958618681,-4.925503916,3368.128003,3575.456079,4769,0.87456446,199.9178009,194.8553162,156.3772278
31574,B-20-2-02_masks.tif,1,13141,855.4386002,318.045311,55.12024913,5.770026733,0.984867425,56.96798808,225.4549882,77.78030591,7700,0.585952363,184.003891,181.7812958,124.7809067
31575,B-20-2-02_masks.tif,2,12021,702.1837662,258.7573013,66.49109373,3.891608437,0.966421199,-15.62003749,528.4183512,96.40437568,6559,0.545628483,197.8301544,188.8053131,127.4781189
31576,B-20-2-02_masks.tif,3,11567,809.0954544,294.2503306,52.55102116,5.5993266,0.983923053,40.22245716,1638.869197,100.5658338,7231,0.625140486,185.0656891,181.3891602,144.9616852
31577,B-20-2-02_masks.tif,4,9926,779.7817459,271.8723093,49.29522812,5.515185134,0.983424596,36.75013958,1689.806266,93.45980254,8109,0.816945396,203.4942627,198.1239319,161.1372528
31578,B-20-2-02_masks.tif,5,7918,573.7401154,205.6694748,51.62236907,3.984115385,0.96798793,36.04809618,1727.937232,69.64258651,6391,0.80714827,203.3019867,196.5625153,147.1273651
31579,B-20-2-02_masks.tif,6,6647,451.6984848,167.4559735,54.36292767,3.080333982,0.945837614,27.73211572,1775.37626,59.94794644,5106,0.76816609,196.9024658,190.4815979,138.0810852
31580,B-20-2-02_masks.tif,7,5064,420.8700577,160.8806569,43.30870371,3.714741913,0.963084937,21.63222626,3112.076422,65.39889415,2638,0.52093207,187.780899,189.2062225,130.257019
31581,B-20-2-02_masks.tif,8,9366,569.4558441,235.7932907,51.24187439,4.60157427,0.976101097,-85.0587011,3356.356609,31.49786462,6971,0.74428785,197.0823364,194.8687439,121.0259628
31582,B-20-2-02_masks.tif,9,13126,745.1126984,292.6256083,59.19771222,4.94319117,0.979323915,2.100267656,1541.738229,160.9134542,5576,0.424805729,201.3629913,195.3990326,144.1868744
31583,B-20-2-02_masks.tif,10,12973,687.9411255,278.3781547,61.7331613,4.509377923,0.97510126,7.265469782,1390.055192,179.1351268,10413,0.802667078,195.1043854,187.4910278,141.2381592
31584,B-20-2-02_masks.tif,11,5260,433.8406204,155.8003289,44.63673154,3.490406299,0.958080362,-50.38245471,3405.00038,105.6678707,4803,0.913117871,208.0489349,197.7597351,147.247345
31585,B-20-2-02_masks.tif,12,6690,435.7989899,170.9911932,51.60347006,3.313559979,0.953374356,10.08604165,1433.972945,154.3615845,4717,0.705082212,201.9279175,197.5986786,149.6919708
31586,B-20-2-02_masks.tif,13,10272,691.7401154,260.1785996,53.37854902,4.874216411,0.9787282,66.68510577,164.34044,137.3512461,5762,0.560942368,180.8052826,180.0314178,131.1506348
31587,B-20-2-02_masks.tif,14,5742,414.4264069,141.2301718,52.47896234,2.691176912,0.928399083,-45.68414419,3432.508359,143.0210728,5561,0.968477882,206.3864441,198.8847351,144.8156738
31588,B-20-2-02_masks.tif,15,11649,826.4680374,299.7522603,53.66646418,5.585466918,0.983842512,26.74446136,3742.527341,221.1022405,8432,0.723838956,191.0175476,187.2447815,145.7619781
31589,B-20-2-02_masks.tif,16,4621,445.254834,158.0921807,39.64024358,3.988173796,0.968054123,-50.54217825,3301.274183,190.7619563,4325,0.935944601,214.4104004,205.2510986,146.8841553
31590,B-20-2-02_masks.tif,17,11765,777.1543289,277.3512818,57.14502695,4.853463138,0.978543897,21.19377852,3703.714152,262.521377,8966,0.762090948,206.0830841,199.8759766,156.2736969
31591,B-20-2-02_masks.tif,18,3331,314.3847763,110.0091962,45.34215211,2.426201472,0.91110835,-67.85359593,3923.683278,172.7069949,2376,0.71329931,194.8695221,192.567337,139.0913239
31592,B-20-2-02_masks.tif,19,9882,576.0832611,211.7428857,59.97054521,3.530781402,0.959053957,-59.05473715,3093.768772,213.6526007,8271,0.836976321,206.6389771,196.7651978,140.4260712
31593,B-20-2-02_masks.tif,20,5249,516.9116882,193.8531444,37.36922772,5.187507374,0.98124381,-58.00974514,3185.508668,210.9236045,4561,0.868927415,206.482132,198.6706848,143.0743256
31594,B-20-2-02_masks.tif,21,6360,441.4558441,170.4781596,48.42899173,3.520167436,0.958801352,-12.91431335,3517.242138,231.5342767,5071,0.797327044,202.08992,194.7327881,144.2593231
31595,B-20-2-02_masks.tif,22,3167,292.9705627,102.9808152,42.19841352,2.440395423,0.91218903,70.2712146,3846.192296,176.2879697,2167,0.684243764,197.1573639,197.7978821,143.0526123
31596,B-20-2-02_masks.tif,23,11120,617.4558441,256.0824352,58.02799796,4.413084101,0.973988162,5.484964681,3644.75,282.8388489,10285,0.924910072,205.6647491,198.7202759,153.4433594
31597,B-20-2-02_masks.tif,24,7255,506.2842712,199.9985164,47.19622994,4.237595179,0.971757208,-12.6631514,3554.336871,257.0232943,6458,0.890144728,204.725296,196.8075256,149.1878357
31598,B-20-2-02_masks.tif,25,4404,416.1837662,145.1125756,41.48549256,3.497911358,0.958263967,-55.59972936,3336.516803,226.5476839,3725,0.84582198,212.909256,206.3795929,140.5599976
31599,B-20-2-02_masks.tif,26,11928,732.5269119,313.5951688,49.30798541,6.359926616,0.987561292,-10.73193383,1895.875587,374.994886,0,0,,,
31600,B-20-2-02_masks.tif,27,10751,741.0121933,302.101944,51.85864019,5.825489117,0.985156357,-11.52341624,1935.358385,385.0149754,0,0,,,
31601,B-20-2-02_masks.tif,28,6006,389.2132034,142.0197564,56.71320804,2.504174271,0.916805853,-10.41172242,1834.003164,315.7246087,4108,0.683982684,198.7127533,191.6903534,153.9737091
31602,B-20-2-02_masks.tif,29,5418,414.1837662,139.115857,53.03606229,2.623042719,0.924477486,-53.2825337,3080.951643,293.0308232,4744,0.875599852,211.0973816,205.0790405,147.3052216
31603,B-20-2-02_masks.tif,30,5370,441.1126984,172.1855853,42.53659909,4.047939632,0.969005472,-26.61101252,3345.307263,324.5003724,4771,0.888454376,210.2961578,205.5057678,154.8815765
31604,B-20-2-02_masks.tif,31,15626,822.0416306,361.5874599,59.35251597,6.092201046,0.98643634,0.707258916,4192.615257,438.9207731,8524,0.545501088,203.4340668,199.5172424,144.136673
31605,B-20-2-02_masks.tif,32,4385,435.8406204,165.154529,35.1565842,4.697684169,0.977080346,-41.35268039,3391.02919,340.8877993,3912,0.892132269,209.4493866,203.4624176,148.7193298
31606,B-20-2-02_masks.tif,33,12455,734.2842712,307.6432594,56.03195025,5.490497082,0.983273928,-84.58121498,3141.995745,360.362505,7162,0.575030108,203.7292633,195.0272217,151.2249298
31607,B-20-2-02_masks.tif,34,15013,921.4558441,417.7198744,47.90483108,8.719785979,0.993402287,-4.26290703,791.4546726,562.7313661,4602,0.306534337,194.868103,188.6840515,137.9374237
31608,B-20-2-02_masks.tif,35,6944,433.2132034,156.3923202,60.58186686,2.581503811,0.92192387,-7.136134108,1812.382632,434.6198157,4742,0.682891705,200.6482544,191.7102509,124.9120636
31609,B-20-2-02_masks.tif,36,11853,1009.965512,360.3788945,42.97532752,8.385716068,0.992864211,40.50262759,2156.903906,507.4600523,5316,0.448494052,190.9808197,186.4849548,143.4337921
31610,B-20-2-02_masks.tif,37,9679,725.4558441,316.6236273,44.80991046,7.065928586,0.989934794,-81.4055988,3106.055688,406.8512243,7412,0.765781589,197.9071808,196.035614,142.3900452
31611,B-20-2-02_masks.tif,38,14585,860.7523087,315.9217174,60.243963,5.244039431,0.981649783,42.77537974,3572.874117,554.8723346,7448,0.510661639,186.2697296,183.2301331,132.2446289
31612,B-20-2-02_masks.tif,39,5269,344.627417,118.0989615,57.57520831,2.051212058,0.873113699,-15.13410154,3300.472006,500.067565,3875,0.735433669,203.0918732,192.4105835,137.631485
31613,B-20-2-02_masks.tif,40,12591,755.9411255,292.7444162,61.47896687,4.76170032,0.977699449,7.10429475,2901.485029,621.1187356,5349,0.424827258,201.8424072,199.0366364,132.7818298
31614,B-20-2-02_masks.tif,41,8317,485.4558441,188.2512799,57.11845854,3.295804627,0.952858177,3.65244789,3034.183359,555.0561501,6662,0.80100998,204.825882,197.8125153,145.0749054
31615,B-20-2-02_masks.tif,42,5528,365.1126984,115.8106274,61.38903807,1.886503373,0.847946877,-33.45085265,3352.320007,523.4678003,4705,0.851121563,208.03125,199.1207275,140.2382507
31616,B-20-2-02_masks.tif,43,8414,569.1126984,230.7150002,48.1137397,4.795199908,0.978013438,-12.61608469,3416.736629,580.128001,4132,0.491086285,197.3664093,187.6495667,134.8852844
31617,B-20-2-02_masks.tif,44,9285,534.4264069,195.0367738,61.51355582,3.170630785,0.948960596,-25.76127314,3105.687776,584.9451804,6491,0.699084545,213.2181549,206.3521729,151.7715302
31618,B-20-2-02_masks.tif,45,12600,709.5979797,277.0814059,60.65972472,4.567798605,0.97574195,12.39648118,2986.827222,640.6015873,10565,0.838492063,201.9300537,194.4773254,146.8555603
31619,B-20-2-02_masks.tif,46,10742,733.9827561,262.3415202,56.44777127,4.647508915,0.976576821,-64.59699435,4648.305157,617.0298827,4299,0.400204804,200.6850433,193.7978668,132.5278015
31620,B-20-2-02_masks.tif,47,6960,491.0121933,176.6791218,53.99265327,3.272280785,0.95216087,-35.48073595,3163.564368,612.7670977,5360,0.770114943,213.4910431,205.5449677,153.5190277
31621,B-20-2-02_masks.tif,48,5721,445.8406204,155.6023047,48.37938385,3.216293643,0.950437105,-42.67992516,3195.924314,644.9945814,4767,0.833245936,211.5200348,205.0581055,145.5944977
31622,B-20-2-02_masks.tif,49,7115,491.9411255,191.8542621,49.23067574,3.897047099,0.966516481,-16.4933589,3412.981869,718.5429375,5267,0.740267041,211.3888397,204.6605225,153.0273438
31623,B-20-2-02_masks.tif,50,6980,527.1126984,212.180929,43.1249204,4.920146565,0.97912771,-17.48768047,3462.132378,731.5054441,5958,0.853581662,205.1601257,198.269043,153.5735168
31624,B-20-2-02_masks.tif,51,4928,400.627417,156.8891056,41.50096316,3.780372639,0.964379051,14.12892553,3320.617695,711.6785714,2838,0.575892857,197.0310059,191.0842133,151.5894928
31625,B-20-2-02_masks.tif,52,5333,368.0416306,132.7184509,52.32460092,2.53644459,0.919002094,10.25611472,3277.677105,718.2619539,4164,0.7807988,204.18396,200.0098419,147.0679626
31626,B-20-2-02_masks.tif,53,15894,840.5269119,343.5225276,61.77082993,5.5612419,0.983700271,2.306074285,2252.68938,837.6847238,6609,0.41581729,196.9645996,189.9490051,139.7748566
31627,B-20-2-02_masks.tif,54,22535,1058.183766,467.1942425,63.41859055,7.366834211,0.990744012,7.041570708,4395.991036,888.776836,9844,0.436831595,199.9934998,194.2353668,137.3031311
31628,B-20-2-02_masks.tif,55,9062,719.5979797,287.0718333,47.96906996,5.984519475,0.985940326,11.8842595,625.3316045,827.2038181,5064,0.558817038,191.5209351,185.594986,136.3418274
31629,B-20-2-02_masks.tif,56,10972,855.4558441,342.8827971,42.99324931,7.975270597,0.992107832,4.412154801,593.3686657,876.7919249,5143,0.468738607,205.0526886,196.1738281,154.2656097
31630,B-20-2-02_masks.tif,57,9486,627.4558441,258.5602077,48.41526754,5.340468426,0.982312388,7.057978217,2300.098039,795.8494624,6645,0.700506009,210.3598175,204.5705109,174.7724609
31631,B-20-2-02_masks.tif,58,16827,1108.752309,372.8308671,63.73387524,5.849806963,0.985280432,62.09869231,2562.975278,767.3991799,6912,0.410768408,185.8298645,182.7544861,148.2478333
31632,B-20-2-02_masks.tif,59,8823,639.7989899,282.4269228,41.45254012,6.813259742,0.989170257,4.010797931,2341.246175,814.5592202,5198,0.589142015,199.5259705,194.9053497,152.9290161
31633,B-20-2-02_masks.tif,60,13024,919.5391052,309.5778587,61.52210168,5.031977944,0.980054478,63.3633157,2561.124155,826.2863176,5641,0.433123464,204.7151184,200.6323395,145.1691132
31634,B-20-2-02_masks.tif,61,11188,860.3259018,324.6988273,56.67159591,5.729480917,0.984650814,-12.08365912,441.0581873,876.503039,6740,0.602431176,201.4023743,193.9725494,150.6056366
31635,B-20-2-02_masks.tif,62,7863,663.8406204,247.4920716,46.70774359,5.298737482,0.98203013,-17.04685904,486.4488109,867.2441816,6534,0.830980542,200.0457611,191.5059662,146.3744965
31636,B-20-2-02_masks.tif,63,14103,787.9411255,329.3960662,57.56589267,5.722069978,0.984610719,-5.995000001,2764.480252,955.6093739,6460,0.458058569,199.4684143,191.3482971,132.076004
31637,B-20-2-02_masks.tif,64,16515,927.5979797,393.1107411,59.8159779,6.572002247,0.988355777,85.75486689,4903.143627,877.1373903,6386,0.386678777,190.7632294,187.6877594,141.1951141
31638,B-20-2-02_masks.tif,65,19223,1050.083261,425.3985631,62.97342877,6.755207258,0.98898228,-80.34787927,3453.044322,931.4755761,7627,0.396764293,201.4153595,193.6495361,125.297493
31639,B-20-2-02_masks.tif,66,6228,647.7401154,261.4296405,33.54458461,7.793497624,0.991733839,-63.42780775,2423.396275,954.1868979,5785,0.928869621,197.9458923,191.5289612,140.9605865
31640,B-20-2-02_masks.tif,67,7315,481.1126984,159.5558352,61.06475631,2.612895635,0.923865561,79.30193667,85.26110731,942.9428571,5331,0.728776487,195.3882904,190.8855743,145.2331696
31641,B-20-2-02_masks.tif,68,13001,843.1543289,321.9794556,52.7572478,6.103037385,0.986484793,16.27486168,2627.92116,1070.266441,10156,0.781170679,202.8621521,196.886673,161.4230957
31642,B-20-2-02_masks.tif,69,2820,281.2132034,101.4060623,36.05646078,2.812424184,0.934651502,-63.74382717,2448.63227,969.8716312,91,0.032269504,205.7142792,178.3516541,155.4945068
31643,B-20-2-02_masks.tif,70,11573,759.8406204,301.8363577,52.89045833,5.70682061,0.984527717,16.79370798,2683.785708,1086.883781,8786,0.759180852,199.0534973,193.1212158,152.3400879
31644,B-20-2-02_masks.tif,71,7315,480.3847763,184.0910365,57.17277038,3.219907576,0.950551191,88.78097218,71.57990431,997.925769,539,0.073684211,227.864563,210.4990692,214.1576996
31645,B-20-2-02_masks.tif,72,5682,475.4974747,172.3995016,43.35400384,3.976553175,0.967864037,-52.837667,2103.718761,1035.066878,4918,0.865540303,207.2472534,201.1360321,148.664093
31646,B-20-2-02_masks.tif,73,19971,1081.137085,395.4729603,71.07314251,5.564309475,0.983718387,-42.11161828,4473.24796,1129.913825,7847,0.392919734,205.7178497,197.5581818,134.4664154
31647,B-20-2-02_masks.tif,74,18826,1183.23759,469.8467441,53.4956839,8.782890691,0.993497065,29.48381996,5267.273345,1190.861149,5590,0.296929778,187.0114441,186.8373871,145.5007172
31648,B-20-2-02_masks.tif,75,7016,499.7989899,207.3940555,44.32047505,4.679418605,0.976898949,-85.60011604,103.0246579,1037.413769,2406,0.342930445,196.2169647,191.3873596,158.8532867
31649,B-20-2-02_masks.tif,76,7151,444.627417,172.1487461,54.54519177,3.156075549,0.948475929,-1.421507964,1893.086561,1098.673193,6345,0.887288491,201.7353821,195.0731354,149.9595032
31650,B-20-2-02_masks.tif,77,11220,795.2964646,296.5375347,53.8469552,5.507043688,0.983375136,29.50012042,3762.337522,1168.398128,5089,0.453565062,192.9265137,186.6991577,153.4554901
31651,B-20-2-02_masks.tif,78,6995,445.2132034,178.6985706,50.93748297,3.508193969,0.958513555,-6.15036625,1843.082916,1119.583989,5820,0.832022873,200.4247437,193.2587585,149.8951874
31652,B-20-2-02_masks.tif,79,8116,496.8700577,194.3434881,55.10261945,3.526937377,0.958962743,-76.06216032,81.86101528,1088.762198,6587,0.811606703,203.3517609,198.7554321,159.7964172
31653,B-20-2-02_masks.tif,80,16285,1057.254834,428.1347773,54.78946218,7.814181055,0.991777721,-9.876046529,562.6267117,1277.193798,6560,0.402824685,193.0614319,183.2992401,126.509758
31654,B-20-2-02_masks.tif,81,10237,918.2670273,334.5298719,44.69556682,7.48463205,0.99103438,29.8798093,5249.026668,1238.201817,6132,0.599003614,196.1457977,193.5652313,153.5533295
31655,B-20-2-02_masks.tif,82,5096,376.2842712,126.2187441,54.07106201,2.334312282,0.903593135,-19.87595471,2130.387166,1144.899922,4258,0.8355573,207.3771667,201.8696594,154.9072266
31656,B-20-2-02_masks.tif,83,11833,996.3259018,348.0257612,52.09431795,6.680685628,0.9887337,-3.343096661,3603.955971,1278.710555,6724,0.568241359,204.9244537,200.4891357,153.7254639
31657,B-20-2-02_masks.tif,84,5960,482.5269119,183.5599291,43.7289432,4.197675857,0.971209486,-72.87048502,89.9466443,1135.764094,5137,0.861912752,199.5962677,196.6092987,147.7800293
31658,B-20-2-02_masks.tif,85,19197,947.9411255,409.8066657,64.61319361,6.34246108,0.987492257,-5.643075977,4493.151274,1326.044434,7778,0.405167474,194.5799713,187.059906,134.0487213
31659,B-20-2-02_masks.tif,86,17738,950.7695526,417.851838,65.55173076,6.374382998,0.987618001,-4.93225688,4586.579434,1335.563761,5317,0.299751945,202.6229095,199.9909668,163.0297089
31660,B-20-2-02_masks.tif,87,9019,739.2964646,292.5290001,42.14262189,6.941404852,0.98956851,-31.52011097,2235.371105,1271.495288,4110,0.455704624,214.3527985,207.2732391,163.171051
31661,B-20-2-02_masks.tif,88,7681,584.3259018,228.1982408,44.86891568,5.08588713,0.980479261,-30.87538223,2161.161568,1237.718005,206,0.026819425,221.970871,207.8495178,210.5
31662,B-20-2-02_masks.tif,89,8815,643.6396103,241.5226493,48.34831018,4.995472405,0.979758878,-34.16911413,2203.595009,1247.87612,7932,0.899829836,210.5339203,202.4184265,160.7274323
31663,B-20-2-02_masks.tif,90,10523,733.1126984,297.1595397,45.91028246,6.472614059,0.987993244,2.960709067,3646.211917,1315.118882,7753,0.736767082,198.6532898,192.0639801,148.2297211
31664,B-20-2-02_masks.tif,91,6172,463.1126984,171.7590689,47.91932166,3.584338486,0.960293569,-16.00006536,2087.723266,1259.547959,5007,0.811244329,212.460556,206.8817596,161.2280731
31665,B-20-2-02_masks.tif,92,10990,728.4264069,282.8851018,56.10888839,5.041716383,0.980132236,78.46636073,900.233485,1247.470428,6125,0.557324841,197.7549438,193.8114319,143.7937927
31666,B-20-2-02_masks.tif,93,10622,646.5269119,237.3939446,62.83394806,3.778116002,0.964335699,-10.05568861,305.8051214,1333.24647,5929,0.558181133,197.4727631,186.6962433,131.8062134
31667,B-20-2-02_masks.tif,94,11509,808.1837662,337.7618935,46.79082989,7.218548897,0.990357958,80.21199282,882.8561126,1294.14215,6403,0.556347207,199.2862701,194.0977631,153.2825165
31668,B-20-2-02_masks.tif,95,6718,567.3553391,218.3131061,43.61945483,5.004948065,0.979836237,-71.28677313,4135.421256,1292.734594,3595,0.535129503,202.9841461,197.4294891,147.0809479
31669,B-20-2-02_masks.tif,96,14073,997.8233765,365.6824377,50.86593976,7.189141485,0.990278527,35.50446755,1198.190791,1440.010019,7511,0.533717047,193.1178284,186.1813354,148.1927795
31670,B-20-2-02_masks.tif,97,10429,887.8233765,337.8861279,43.61769809,7.746537363,0.99163289,47.93750798,1249.594592,1403.774667,4861,0.466104133,191.4542236,186.3468475,140.9150391
31671,B-20-2-02_masks.tif,98,9445,613.3969696,203.4790856,62.88454352,3.235756741,0.951046858,-60.80127207,3983.336368,1366.409846,7975,0.844362096,207.958252,198.9972382,136.4550476
31672,B-20-2-02_masks.tif,99,11231,894.509668,326.0594085,49.36566471,6.604983653,0.988472452,34.24039448,180.0896625,1501.007212,4003,0.356424183,179.8043976,177.9045715,146.335495
31673,B-20-2-02_masks.tif,100,7284,481.3553391,173.2701431,54.60739798,3.173015919,0.949039358,23.89114713,1099.359967,1429.337727,4992,0.685337727,193.8459473,186.0476837,140.1396179
31674,B-20-2-02_masks.tif,101,13785,884.2253967,334.3480855,53.30032125,6.272909386,0.987211551,-21.68898209,872.2120421,1521.962568,6312,0.45788901,204.823349,197.481781,136.0861816
31675,B-20-2-02_masks.tif,102,8116,565.4558441,229.4142034,47.30261875,4.84992606,0.978512246,-9.511862423,314.994209,1495.177427,3548,0.437161163,191.0535583,184.8204651,144.3568268
31676,B-20-2-02_masks.tif,103,14345,913.3380951,336.8156548,60.62256825,5.555944997,0.983668919,39.57536882,2878.206065,1538.293831,8270,0.576507494,192.3760529,188.5703735,154.4079742
31677,B-20-2-02_masks.tif,104,9282,597.8406204,230.8865333,52.15247434,4.427144372,0.974155311,-22.69470297,1512.386878,1557.968003,6281,0.676686059,203.1052399,195.668045,133.7182007
31678,B-20-2-02_masks.tif,105,11599,748.3675324,261.8978388,58.60488488,4.468873872,0.974641974,40.40439551,2858.16829,1585.685749,7914,0.682300198,196.4317627,188.7257996,145.0554657
31679,B-20-2-02_masks.tif,106,6634,562.8700577,223.2662048,43.56279853,5.125157527,0.980780182,82.25739855,3905.326198,1519.658276,4615,0.695658728,204.0502777,199.2871094,167.3802795
31680,B-20-2-02_masks.tif,107,4472,404.7279221,176.3611051,33.75855083,5.224190634,0.981508763,85.22086929,3870.35398,1554.551655,3999,0.894230769,206.5956421,201.5146332,161.1860504
31681,B-20-2-02_masks.tif,108,5185,413.0121933,138.4400846,50.27752865,2.753518089,0.931722209,-36.08745298,2036.236644,1616.871938,5124,0.988235294,203.0041046,195.7847443,144.1701813
31682,B-20-2-02_masks.tif,109,6706,538.5685425,204.431427,43.38342318,4.712201389,0.977222993,-41.34859368,1902.834178,1647.995228,5626,0.838950194,206.2090302,199.8757629,144.1420135
31683,B-20-2-02_masks.tif,110,19019,1341.764502,490.2954568,70.72158163,6.932755822,0.989542328,45.70195683,2758.972501,1730.558284,6669,0.350649351,208.7055054,202.1662903,172.1216125
31684,B-20-2-02_masks.tif,111,15890,1009.154329,407.4678818,53.29424841,7.645625823,0.991409601,14.41892914,3768.85085,1797.103902,8822,0.555191945,195.9579468,190.8251038,145.3535461
31685,B-20-2-02_masks.tif,112,13901,1107.279221,390.4972413,46.85477994,8.334202865,0.992775405,44.27775936,2738.889217,1763.14927,8714,0.626861377,204.2404175,197.5036774,169.7081757
31686,B-20-2-02_masks.tif,113,5909,498.0416306,216.3582443,36.71498818,5.892913358,0.985496569,-11.47284998,2090.043324,1721.238619,5175,0.875782704,207.4110107,200.0110168,145.3203888
31687,B-20-2-02_masks.tif,114,4796,353.6984848,111.7436653,58.01276163,1.926191102,0.854677503,-26.25596983,1974.963303,1696.75563,3745,0.780859049,204.3922577,195.7353821,132.8387146
31688,B-20-2-02_masks.tif,115,9868,746.6101731,278.6442887,46.59678024,5.979904347,0.985918461,-45.6623721,797.5752939,1756.070835,8529,0.864308877,203.8589478,198.1130219,137.3046112
31689,B-20-2-02_masks.tif,116,7110,508.0416306,208.5575298,44.32183281,4.705525846,0.977157565,-8.741543111,2045.647117,1763.264979,5556,0.781434599,205.6839447,198.2994995,154.1488495
31690,B-20-2-02_masks.tif,117,11508,890.1665222,313.8958173,52.34334424,5.996862102,0.985998552,42.28356277,2666.176399,1800.90789,2742,0.23826903,190.4963531,180.4989014,155.7742462
31691,B-20-2-02_masks.tif,118,9285,617.254834,242.1440378,49.67049338,4.875007701,0.97873518,-66.9539223,2409.283253,1745.657512,7640,0.822832526,204.774353,199.4390106,150.9633484
31692,B-20-2-02_masks.tif,119,11970,816.6690476,323.5079425,50.19144092,6.445480277,0.98789132,-13.8530092,4705.552632,1875.537343,6773,0.565831245,196.1879578,190.8560486,141.6307373
31693,B-20-2-02_masks.tif,120,16354,1047.338095,393.9027966,59.70599643,6.597374136,0.988445689,-59.99351727,3229.883454,1810.422649,6117,0.374036933,199.0766754,190.819519,117.1881638
31694,B-20-2-02_masks.tif,121,8015,534.1837662,203.1207867,51.95863678,3.909278596,0.966729282,-67.51912765,2447.35471,1777.82121,3306,0.412476606,203.6703033,196.5359955,148.2353363
31695,B-20-2-02_masks.tif,122,12963,808.7695526,294.9275368,66.12111151,4.460414081,0.974544436,-5.059408705,1834.031011,1893.028311,8825,0.680783769,200.5112762,191.2958679,144.592865
31696,B-20-2-02_masks.tif,123,11504,819.3969696,307.4585036,50.46053946,6.093048288,0.986440138,-19.84620781,1947.312761,1942.454798,7214,0.627086231,204.6473541,198.3690033,140.2492371
31697,B-20-2-02_masks.tif,124,10411,780.3675324,290.4450199,47.27926443,6.143179751,0.986662035,-33.09081674,2064.362501,1935.931515,8557,0.821919124,207.4452515,197.3860016,150.5678406
31698,B-20-2-02_masks.tif,125,5048,441.4558441,157.1476473,44.02970218,3.569128101,0.959947344,17.39049879,25.66382726,1920.993265,3792,0.75118859,175.0453644,169.2288971,130.0756836
31699,B-20-2-02_masks.tif,126,13906,851.0538239,324.1674463,56.35341362,5.752401237,0.984773831,23.42784273,2369.442039,2024.10837,11058,0.795196318,199.5809326,194.5935059,148.5676422
31700,B-20-2-02_masks.tif,127,15940,926.1248917,332.0092649,68.69594927,4.833025359,0.978360037,24.23903415,2872.491907,2053.009222,9760,0.61229611,197.477356,188.3987732,148.9506073
31701,B-20-2-02_masks.tif,128,14406,816.4680374,305.6184086,66.11165959,4.622761106,0.97632231,-24.44021631,2136.363529,2015.492503,11497,0.798070249,206.1369019,199.3729706,153.4296722
31702,B-20-2-02_masks.tif,129,10869,687.6396103,256.1453365,55.53853605,4.612028957,0.976210642,-35.31925092,2068.400405,2008.673199,880,0.08096421,228.7284088,216.0318146,199.9590912
31703,B-20-2-02_masks.tif,130,8186,499.2132034,201.679168,52.83661877,3.817033956,0.965072347,-5.851473247,1729.925238,2004.566944,7515,0.918030784,208.6122437,203.1338654,165.0755768
31704,B-20-2-02_masks.tif,131,9603,681.1543289,263.0581423,48.14322332,5.464074155,0.983110377,27.69657215,2910.181089,2024.542851,6316,0.657711132,200.7431946,195.2454071,167.0258026
31705,B-20-2-02_masks.tif,132,14323,757.1126984,314.0632036,62.73502151,5.006186274,0.979846313,-2.699059948,2228.562452,2065.423654,10134,0.707533338,201.8058014,194.5938416,145.7480774
31706,B-20-2-02_masks.tif,133,9323,594.8700577,228.4183268,53.59341337,4.26205969,0.972085151,-6.58738401,1678.5938,2035.275877,6523,0.699667489,205.1316833,198.6539917,160.2837677
31707,B-20-2-02_masks.tif,134,10288,812.8700577,347.436389,44.29287581,7.844069337,0.991840518,4.166119135,1785.53334,2077.308126,6282,0.610614308,197.2583618,190.7753906,141.4732513
31708,B-20-2-02_masks.tif,135,8237,559.1126984,216.1799372,49.5029891,4.367007752,0.973428834,10.56873076,2293.199344,2100.731577,7166,0.869976933,200.8032379,195.5904236,152.3497009
31709,B-20-2-02_masks.tif,136,10732,697.254834,270.8078507,53.32933394,5.078027996,0.980418186,17.33089383,2354.666511,2125.613865,6689,0.623276183,199.8062439,194.7156525,162.4487915
31710,B-20-2-02_masks.tif,137,9104,731.254834,265.5576038,47.71162228,5.565889213,0.983727704,72.10970039,108.0623902,2119.675088,7676,0.84314587,189.5046844,184.4953156,137.4403381
31711,B-20-2-02_masks.tif,138,16408,917.9411255,387.8098241,55.34511602,7.007119182,0.989764257,-2.857279021,2906.210751,2414.446246,11251,0.685702097,204.0019531,197.6365662,152.2621918
31712,B-20-2-02_masks.tif,139,12736,734.1837662,290.8014091,61.7503192,4.709310217,0.977194691,1.529325504,1910.495682,2361.307318,6711,0.526931533,202.460144,195.2488403,154.1190643
31713,B-20-2-02_masks.tif,140,14658,846.1248917,302.996824,63.50068615,4.771551968,0.977792485,-62.91083823,1307.123209,2341.955724,10287,0.701801064,207.0282898,200.2776337,141.9780273
31714,B-20-2-02_masks.tif,141,15182,954.6690476,358.0982247,63.47550774,5.641518082,0.984164552,-82.46459865,3533.462456,2319.76762,9798,0.645369517,199.1672821,191.7903595,149.9536591
31715,B-20-2-02_masks.tif,142,9435,585.254834,210.1041601,61.13400429,3.436780603,0.956732182,-59.30481452,2234.168521,2355.20053,7082,0.750609433,205.6875153,199.1130981,149.3102264
31716,B-20-2-02_masks.tif,143,11790,1043.63961,388.6377109,61.25451906,6.344637373,0.987500891,-13.07100897,3036.93011,2486.988634,6110,0.518235793,206.0171814,200.1787262,153.8864136
31717,B-20-2-02_masks.tif,144,9511,773.254834,284.6236021,44.50633129,6.395126129,0.987698694,-13.90129285,3079.388287,2472.342656,5355,0.563032278,204.6078491,199.4754486,156.3200684
31718,B-20-2-02_masks.tif,145,8581,639.4974747,254.2427788,48.10608197,5.285044394,0.981936035,-68.56348951,1322.520802,2398.041254,8168,0.951870411,205.7033539,198.5513,145.5726013
31719,B-20-2-02_masks.tif,146,9898,648.9116882,248.144427,51.97296156,4.774490804,0.977820125,-63.98232085,1539.88725,2399.111336,5059,0.511113356,204.7888947,201.1154327,153.6252289
31720,B-20-2-02_masks.tif,147,8860,625.1543289,229.8708502,50.96997329,4.509926833,0.975107398,-60.756004,2229.935214,2415.543792,7690,0.867945824,208.7149506,201.9452515,154.9262695
31721,B-20-2-02_masks.tif,148,8881,569.3553391,214.5362031,54.73423279,3.91959825,0.966907238,-15.39222155,3233.488909,2448.749127,5735,0.645760613,204.59198,197.963028,148.3419342
31722,B-20-2-02_masks.tif,149,8386,699.0538239,267.5327349,41.15490902,6.500627537,0.988097126,-60.39736402,1575.940496,2430.461841,3782,0.450989745,205.8384399,197.9693298,139.2696991
31723,B-20-2-02_masks.tif,150,6392,449.1126984,166.7357417,49.99052579,3.33534683,0.953996138,-19.94957126,3283.294587,2446.754537,5037,0.78801627,199.9332886,190.4681396,139.863205
31724,B-20-2-02_masks.tif,151,7191,560.0416306,242.1915807,40.008469,6.053507838,0.98626118,-85.88380041,959.4099569,2408.591573,6425,0.893477959,193.7378998,189.3347931,135.0969696
31725,B-20-2-02_masks.tif,152,3537,379.7989899,154.5757017,30.65771905,5.041983111,0.98013436,14.97030122,1952.888041,2476.838281,3210,0.90754877,189.6121521,182.6339569,141.4445496
31726,B-20-2-02_masks.tif,153,9647,550.2842712,217.0413086,57.34058234,3.785125642,0.964470101,-80.45354468,1313.289727,2456.076915,8749,0.906914067,202.2628937,193.9233093,135.3158112
31727,B-20-2-02_masks.tif,154,12948,905.3553391,345.1586014,55.51308469,6.217608035,0.986981544,-2.945220769,2369.463238,2646.128514,10440,0.806302132,203.2714539,196.5011444,159.3040161
31728,B-20-2-02_masks.tif,155,8391,620.6690476,234.0210651,46.47345903,5.035585255,0.980083335,-66.2119473,547.6955071,2511.412823,7565,0.901561197,202.6744232,200.5717163,145.6112366
31729,B-20-2-02_masks.tif,156,11518,814.3675324,301.1511363,52.09063679,5.781291127,0.984926787,33.88782264,914.7978816,2641.089078,5545,0.481420385,204.9900818,198.4270477,167.5210114
31730,B-20-2-02_masks.tif,157,12995,817.254834,305.4193763,58.60572001,5.211426056,0.98141721,78.82870435,1337.981839,2567.157984,8365,0.643709119,190.2425537,183.1666412,141.7152405
31731,B-20-2-02_masks.tif,158,14010,843.3969696,307.6088322,59.71466346,5.151311493,0.980976738,21.89776272,3205.23419,2683.757316,6604,0.471377587,196.4076385,187.2060852,129.1093292
31732,B-20-2-02_masks.tif,159,8693,647.7401154,247.2218898,49.98150743,4.94626718,0.979349894,30.62026814,965.1555274,2628.243759,121,0.013919245,237.5371857,235.6859436,221.4793396
31733,B-20-2-02_masks.tif,160,7712,633.0538239,238.2333723,42.99293897,5.541220908,0.983581289,-49.35168692,1596.514912,2602.384077,7487,0.970824689,206.6138611,198.9113159,150.1251526
31734,B-20-2-02_masks.tif,161,6001,455.7989899,192.9633842,40.56301061,4.757126785,0.977656059,-8.550662985,2297.698717,2620.328279,3745,0.624062656,207.0200195,199.9399261,157.4347076
31735,B-20-2-02_masks.tif,162,6593,488.6690476,177.8415369,49.07343249,3.62398813,0.961175123,39.1003767,1049.270742,2602.623995,6264,0.950098589,191.1460724,186.8232727,145.9853058
31736,B-20-2-02_masks.tif,163,8003,611.0538239,228.2598614,45.854618,4.977903455,0.97961426,-44.32391867,1712.026365,2623.203924,7610,0.950893415,211.4670105,204.6830444,166.9160309
31737,B-20-2-02_masks.tif,164,8798,572.2842712,219.8189542,53.46378663,4.111548546,0.969971811,1.534259889,3276.741419,2671.5599,5530,0.628551944,200.8938446,194.5495453,141.4455719
31738,B-20-2-02_masks.tif,165,13683,801.5391052,292.8407438,62.914293,4.654598023,0.976648967,31.61783673,827.052547,2699.725206,10088,0.73726522,199.7100525,189.9006805,152.9895935
31739,B-20-2-02_masks.tif,166,11999,729.6396103,273.7748511,58.16485868,4.706877268,0.977170833,30.7291811,878.1764314,2677.794733,11350,0.945912159,204.1311951,196.4237061,159.7232666
31740,B-20-2-02_masks.tif,167,8320,671.5391052,243.3624564,45.38714205,5.361925106,0.982454927,-42.79129454,1737.5,2655.263462,7124,0.85625,208.6236725,199.7828522,146.5353699
31741,B-20-2-02_masks.tif,168,7041,497.2132034,211.4290286,43.51864354,4.85835521,0.978587558,-6.540995741,2256.350376,2660.67178,0,0,,,
31742,B-20-2-02_masks.tif,169,6328,510.0832611,191.7821489,43.09673771,4.45003866,0.974424037,36.35902938,1027.030341,2638.909924,5942,0.939001264,201.7396545,195.2007751,154.6450653
31743,B-20-2-02_masks.tif,170,14511,858.3259018,327.4713475,67.56783289,4.846556912,0.978482032,-17.60174003,3330.709531,2750.816966,8996,0.619943491,205.1670685,199.7887878,151.8967285
31744,B-20-2-02_masks.tif,171,7203,540.0416306,219.6278199,43.21251893,5.082504454,0.980453009,-7.883583339,2327.86228,2681.007913,5465,0.758711648,212.5085144,207.023056,174.6020203
31745,B-20-2-02_masks.tif,172,11721,928.2253967,354.8570021,43.94623403,8.074798897,0.992301938,-71.06475814,3823.559509,2636.806331,7605,0.648835424,194.3652802,184.8716583,135.480072
31746,B-20-2-02_masks.tif,173,9139,677.0538239,250.0790186,48.60532479,5.145095105,0.980930294,-58.19948195,1600.688478,2658.445016,8576,0.938395886,210.7250519,204.5548096,164.7966461
31747,B-20-2-02_masks.tif,174,18066,1085.195959,405.0481277,59.93169306,6.758496332,0.988993061,-68.96089018,3853.597365,2687.919407,10526,0.582641426,206.3557892,199.1526642,153.3047638
31748,B-20-2-02_masks.tif,175,6840,446.3847763,181.0456249,48.94282791,3.699124726,0.962766539,3.988262774,1166.718713,2709.713596,5831,0.85248538,195.4980316,189.7924957,145.5501556
31749,B-20-2-02_masks.tif,176,5993,381.5563492,151.2696636,51.55091894,2.934373756,0.940140091,0.68507144,1866.885033,2698.673619,3703,0.617887535,201.9805603,196.0464478,140.3011017
31750,B-20-2-02_masks.tif,177,19756,1088.769553,469.9319805,55.62916344,8.447583093,0.992968717,-6.536687059,3596.901802,2874.114396,8934,0.452217048,197.693985,191.6418152,142.178421
31751,B-20-2-02_masks.tif,178,11064,601.3553391,230.0517864,62.21416637,3.697739595,0.9627381,-12.27682319,1934.866956,2794.441432,9455,0.854573391,202.1501923,193.2136383,141.3643646
31752,B-20-2-02_masks.tif,179,6510,431.7989899,170.3398944,49.36485282,3.45063106,0.957086602,84.01589297,644.9781874,2734.03318,5624,0.86390169,196.3369446,191.2835999,154.7375488
31753,B-20-2-02_masks.tif,180,6259,456.9705627,183.2896805,47.36488081,3.869738029,0.966033885,0.52986343,3130.009906,2857.663684,4232,0.676146349,198.817337,190.842865,151.4707031
31754,B-20-2-02_masks.tif,181,5621,393.5563492,161.556339,44.84895967,3.602231583,0.960695102,84.16670231,639.8466465,2787.001957,5293,0.941647394,194.8877716,189.2189636,145.0345764
31755,B-20-2-02_masks.tif,182,6246,545.2132034,221.2555017,43.55669257,5.079713096,0.980431306,4.107372215,3181.936119,2907.100544,4936,0.79026577,188.7013702,182.0320129,136.8259735
31756,B-20-2-02_masks.tif,183,5213,601.9827561,239.3517624,29.86256419,8.015110857,0.992186404,32.52407384,1577.948974,2917.249952,4588,0.880107424,189.0095978,179.5843506,146.655838
31757,B-20-2-02_masks.tif,184,6584,552.3259018,202.4626675,42.44687303,4.76978993,0.977775888,33.96531866,1680.956865,2903.286452,5608,0.851761847,194.5670471,187.4554138,150.2335968
31758,B-20-2-02_masks.tif,185,5920,566.0832611,213.5300692,36.34893969,5.874451111,0.985404587,26.41023858,1648.67652,2920.853378,5217,0.88125,199.559906,190.56604,152.5802155
31759,B-20-2-02_masks.tif,186,13361,775.254834,297.0642854,58.99577418,5.035348541,0.980081443,-12.88752582,1812.068258,2972.972981,7791,0.583115036,204.0385132,197.9938354,138.6450958
31760,B-20-2-02_masks.tif,187,7687,579.3969696,209.2828889,49.16109569,4.257083492,0.972018913,35.96398624,1551.78223,2938.555874,3912,0.508911149,202.2124176,192.3402405,154.6889038
31761,B-20-2-02_masks.tif,188,6067,464.627417,192.3882402,41.77514424,4.605327969,0.976140516,77.75989808,1410.849843,2973.662931,5462,0.900280204,191.53479,185.7433167,152.2912903
31762,B-20-2-02_masks.tif,189,4532,413.5563492,175.4598819,34.58966866,5.072609501,0.980375911,8.828995669,3129.390777,3025.802295,2305,0.508605472,197.6698456,192.059433,161.6121521
31763,B-20-2-02_masks.tif,190,10382,591.6984848,240.7004011,58.11333825,4.14191317,0.970417162,9.691102584,1214.573107,3073.769409,7181,0.691677904,196.4344788,189.4372711,144.1173859
31764,B-20-2-02_masks.tif,191,7897,526.2842712,214.7771442,47.6857438,4.504011621,0.975041134,80.61710523,1463.292896,3033.062555,6256,0.792199569,193.895462,187.8443146,153.3016357
31765,B-20-2-02_masks.tif,192,4780,439.6984848,176.8993898,36.32296085,4.87018089,0.978692549,-20.42296517,881.0460251,3116.572803,4372,0.914644351,204.0610657,195.649353,137.8286896
31766,B-20-2-02_masks.tif,193,12805,909.7817459,342.2289182,50.58280363,6.765716679,0.989016672,-60.76753945,3235.545256,3140.493635,8877,0.693244826,201.6125946,195.791153,143.8482666
31767,B-20-2-02_masks.tif,194,9579,640.8700577,252.2761149,50.01024873,5.044488307,0.980154286,82.12144386,1464.643387,3090.510283,6122,0.639106379,194.5614166,187.3340454,157.4429932
31768,B-20-2-02_masks.tif,195,8114,561.6984848,220.1779259,48.26814179,4.56155795,0.975674702,-78.94165089,3240.992975,3201.680675,897,0.110549667,228.855072,224.5496063,185.3400269
31769,B-20-2-02_masks.tif,196,8934,703.8406204,285.7901748,43.55473861,6.561632188,0.988318725,-16.84804676,1592.541751,3322.284307,8081,0.904522051,202.7653809,196.3969879,158.5293884
31770,B-20-2-02_masks.tif,197,4333,370.1421356,159.0578246,37.20098876,4.275634327,0.972264647,0.235378332,725.0470805,3273.473344,3919,0.904454189,201.35289,195.2679291,163.367691
31771,B-20-2-02_masks.tif,198,3306,318.1421356,133.2139508,34.67322927,3.841982809,0.965532569,3.45177152,679.4788264,3276.387477,3114,0.941923775,196.3564606,188.4730225,144.8734741
31772,B-20-2-02_masks.tif,199,7929,567.8406204,210.9645321,48.68468411,4.333283372,0.97300788,-24.1937873,1547.089292,3311.654055,7032,0.88687098,208.1985168,201.3596344,154.4116821
31773,B-20-2-02_masks.tif,200,7019,582.5269119,236.5047044,42.49766697,5.56512207,0.983723181,-10.47984534,4153.578572,3347.23992,6331,0.901980339,193.2555695,187.1846466,136.719635
31774,B-20-2-02_masks.tif,201,13311,716.0416306,303.2504834,58.48589826,5.185018823,0.981225629,3.602573464,3513.658854,3405.94005,7751,0.582300353,196.8694305,190.6862335,142.3226624
31775,B-20-2-02_masks.tif,202,14512,907.9827561,325.349361,64.01794428,5.082158833,0.980450323,15.84315472,2031.659799,3432.15911,9086,0.626102536,199.439682,190.4626923,142.3666077
31776,B-20-2-02_masks.tif,203,13280,790.8700577,329.0968212,54.52089077,6.036160022,0.986181542,-86.77961872,3246.133283,3298.737726,7462,0.56189759,199.5033569,191.1704712,146.8260498
31777,B-20-2-02_masks.tif,204,4263,311.4558441,91.72702589,59.88196709,1.531797139,0.757506209,-25.99871065,2458.449449,3330.660099,3055,0.71663148,189.6952515,178.5230713,121.0546646
31778,B-20-2-02_masks.tif,205,10401,694.7106781,257.592271,53.85187787,4.783347976,0.977903116,-48.85429079,804.4891837,3384.457168,8832,0.84914912,202.2303009,197.788269,148.9583282
31779,B-20-2-02_masks.tif,206,5739,454.0832611,165.0541704,45.7321747,3.60914764,0.96084866,46.52689399,1346.637219,3354.704827,5146,0.896671894,195.62146,188.1350555,155.4333496
31780,B-20-2-02_masks.tif,207,4781,481.5979797,189.9582552,33.78072674,5.623273195,0.984060795,-26.98492271,2512.631667,3378.699226,3895,0.814683121,205.1961517,196.7024384,155.8190002
31781,B-20-2-02_masks.tif,208,5068,438.7695526,163.8694822,40.93161667,4.003494011,0.968302145,-26.92999849,2542.094909,3390.738753,4171,0.823007103,207.0167847,199.8839569,155.6559601
31782,B-20-2-02_masks.tif,209,16258,997.4802307,360.6904259,58.79277657,6.134944578,0.98662596,-39.69848723,3999.473182,3468.836265,6987,0.429757658,198.6218719,190.8965149,133.4217834
31783,B-20-2-02_masks.tif,210,7313,496.9116882,176.6025596,54.23472225,3.256263742,0.951677112,49.13585245,1329.021058,3400.580747,5681,0.776835772,194.771698,186.2144012,150.037674
31784,B-20-2-02_masks.tif,211,10822,698.6690476,248.3194195,60.48921022,4.105185347,0.969877202,17.05582235,1987.950841,3461.059046,7500,0.693032711,205.858139,197.6360016,148.2373352
31785,B-20-2-02_masks.tif,212,10807,786.7695526,319.3683766,47.07903311,6.783664732,0.989075034,-77.89044897,3256.506338,3383.084667,7063,0.653557879,197.8017883,192.5109711,145.4728851
31786,B-20-2-02_masks.tif,213,6758,463.2132034,188.3146834,46.53673213,4.046581589,0.968984332,-9.381322867,1600.858982,3458.05327,5219,0.772269902,203.5127411,198.2119141,153.4240265
31787,B-20-2-02_masks.tif,214,8072,618.9116882,239.1703489,44.41967864,5.384333166,0.982601948,-25.47504639,968.0812686,3505.070243,7020,0.869672944,202.6826172,196.6277771,143.4531403
31788,B-20-2-02_masks.tif,215,6970,456.627417,182.8769426,49.19330729,3.717516725,0.963141078,-5.987216516,2381.004304,3491.858106,4285,0.614777618,187.6452789,178.8835449,133.4555359
31789,B-20-2-02_masks.tif,216,5289,417.3553391,145.6198712,49.68299426,2.930980175,0.939996969,-26.09064347,1160.717716,3480.553224,4736,0.895443373,202.9550323,199.087204,164.5848846
31790,B-20-2-02_masks.tif,217,3165,289.4558441,97.08605377,42.61528203,2.278198082,0.898514717,-35.29999675,1072.734913,3459.053712,2442,0.771563981,203.246933,198.2645416,169.5778046
31791,B-20-2-02_masks.tif,218,8167,647.1543289,247.3551988,46.79140236,5.28633865,0.98194496,28.41789356,1266.008694,3548.481327,6585,0.806293621,185.7503357,177.7214813,143.0271759
31792,B-20-2-02_masks.tif,219,8195,595.7401154,221.0797667,49.48723557,4.467409911,0.974625135,51.34450486,3001.975229,3499.008786,6619,0.807687614,193.951355,189.5393524,157.7256317
31793,B-20-2-02_masks.tif,220,7637,583.7401154,219.3661227,45.95396238,4.773606264,0.977811812,-30.29673167,1075.566584,3532.961503,7238,0.947754354,207.5592651,200.6689758,162.7905426
31794,B-20-2-02_masks.tif,221,3946,382.1837662,136.1802339,37.5974858,3.622056926,0.961132873,-45.26607889,3274.776483,3496.080335,3373,0.85478966,201.5707092,197.2644501,165.6697235
31795,B-20-2-02_masks.tif,222,9122,605.7401154,226.5504121,52.28804144,4.332738536,0.973000997,-31.18505267,1756.042096,3549.228239,7514,0.823722868,207.2611084,203.5817108,154.4842987
31796,B-20-2-02_masks.tif,223,8429,706.3675324,257.6110978,43.88184936,5.870561554,0.985385097,-51.29644867,3279.746471,3542.317119,7340,0.870803179,202.9429169,195.1772461,151.7001343
31797,B-20-2-02_masks.tif,224,3125,278.0416306,90.10045574,44.93004995,2.005349556,0.866794118,-45.87706175,1025.68096,3528.49376,2360,0.7552,207.5059357,204.4601746,172.2983093
31798,B-20-2-02_masks.tif,225,5098,437.0121933,140.9321229,50.92507109,2.767440867,0.93243232,-38.61826297,1097.653001,3575.889957,4918,0.964692036,208.9570923,202.9857635,157.0231781
31799,B-20-2-02_masks.tif,226,6009,438.7695526,155.3470074,51.404652,3.022041807,0.943665087,-29.00659815,1820.880513,3587.77101,4717,0.784989183,202.722702,195.2624512,146.037735
31800,B-20-2-02_masks.tif,227,4620,405.5979797,147.2400058,40.88444299,3.601369985,0.960675908,55.05176467,3014.492424,3568.849134,4258,0.921645022,191.291687,184.9931946,153.8651886
31801,B-20-2-02_masks.tif,228,7721,544.7695526,210.5350424,47.49594969,4.432694657,0.974220848,72.31399764,2912.440098,3581.860251,5456,0.706644217,183.9087219,178.172287,139.3966217
31802,B-20-2-02_masks.tif,229,5490,568.6690476,180.3533735,40.69118868,4.432246374,0.974215564,58.87381925,4208.661566,3587.973588,4515,0.822404372,194.1995544,186.9357758,142.5096283
31803,B-20-2-02_masks.tif,230,3655,343.6984848,117.3743847,41.82866484,2.806075335,0.934345062,-44.60037844,195.6763338,3608.123666,3172,0.867852257,201.4394684,196.0375214,142.8266144
31804,B-20-2-02_masks.tif,231,8366,488.627417,195.0199991,55.80957717,3.494382308,0.958177784,79.30919222,1512.715157,3593.294884,5985,0.715395649,193.5363464,187.1552277,143.1241455
31805,B-20-2-02_masks.tif,232,7180,548.5269119,217.01178,43.28070656,5.01405354,0.979910155,-76.14010359,3303.612117,3609.62117,5713,0.795682451,195.4228973,185.4619293,140.7507477
31806,B-20-2-02_masks.tif,233,3210,291.2132034,95.8102851,45.85006132,2.089643554,0.878060023,39.89715909,4091.230218,3612.864486,2321,0.72305296,190.8810883,182.4373169,141.1512299
31807,B-20-2-02_masks.tif,234,1651,218.1421356,75.50952836,33.73138329,2.238554159,0.894675361,27.41328395,3991.1702,3617.557844,1012,0.612961841,191.5296478,185.1630402,144.0395203
31808,B-20-2-02_masks.tif,235,2772,299.4558441,94.41754727,40.21361693,2.347899902,0.904764341,47.09183836,4141.748557,3612.378427,2687,0.969336219,191.8276825,185.0308838,143.1950073
31809,B-20-2-03_masks.tif,1,10182,637.4974747,243.0801332,58.15335899,4.179984398,0.970961611,26.28900965,1306.264781,93.96051856,4390,0.431153015,194.9599152,192.1533051,134.7109375
31810,B-20-2-03_masks.tif,2,14052,973.4386002,363.8843148,65.45948391,5.558924284,0.983686564,30.77757512,3203.064902,136.0123826,9674,0.688442926,189.4072723,184.1575317,147.3872223
31811,B-20-2-03_masks.tif,3,3384,335.5563492,127.6774913,39.79202279,3.20862028,0.950193544,10.11114692,4655.762116,51.95065012,2322,0.686170213,192.1520233,193.6330719,138.1279144
31812,B-20-2-03_masks.tif,4,2070,312.0416306,105.5284403,31.89229683,3.308900604,0.95323973,37.11089029,4838.001449,36.75652174,1204,0.581642512,190.9352112,190.4742584,156.6071472
31813,B-20-2-03_masks.tif,5,4846,365.4558441,132.33011,47.62397405,2.778644845,0.932995643,-22.61283071,4955.896409,62.35369377,3624,0.747833265,205.0435944,201.4674377,149.8821716
31814,B-20-2-03_masks.tif,6,4763,424.4264069,151.4422021,41.06002086,3.688312839,0.962543675,-32.51258757,5266.73819,66.71530548,4516,0.948141927,198.5637665,190.3458862,126.359169
31815,B-20-2-03_masks.tif,7,7013,548.5269119,211.7192084,43.44655899,4.873094976,0.978718302,-17.43746431,4987.728647,109.315129,5265,0.75074861,203.6284943,198.958786,152.684906
31816,B-20-2-03_masks.tif,8,15933,873.5979797,357.4968322,59.57703311,6.000581324,0.986016026,-11.02781801,3028.804431,210.3627063,7780,0.488294734,203.8649139,193.3861237,144.1728821
31817,B-20-2-03_masks.tif,9,4602,358.3847763,130.0301794,46.18322649,2.815528261,0.934800537,-0.862817826,5352.019557,149.2201217,4511,0.980225989,203.3981323,199.6337891,158.3697662
31818,B-20-2-03_masks.tif,10,8530,533.4558441,205.3933279,56.1554754,3.65758328,0.961899131,-7.33643913,2207.290973,196.3494725,6029,0.706799531,199.6946411,193.5964508,146.9401245
31819,B-20-2-03_masks.tif,11,11117,748.2842712,289.652059,55.44657529,5.223984665,0.981507291,83.20046986,3525.865251,135.8039939,5078,0.456777908,196.9358063,196.4726257,130.2888947
31820,B-20-2-03_masks.tif,12,7139,498.3847763,213.0937925,44.62051369,4.775691153,0.9778314,5.739791945,5405.492506,196.0568707,6556,0.918335901,194.181366,189.7315369,142.8425903
31821,B-20-2-03_masks.tif,13,6782,480.1837662,183.6520636,48.73412849,3.768448709,0.964149077,-25.15485793,5248.75258,178.7167502,5951,0.877469773,206.671814,201.8843842,155.2651672
31822,B-20-2-03_masks.tif,14,4132,361.5979797,114.6418719,47.84864806,2.395927086,0.908734358,-45.92605757,5194.57212,157.1268151,3586,0.8678606,203.0292816,195.6935272,121.0836563
31823,B-20-2-03_masks.tif,15,6430,471.9411255,182.009074,46.26802877,3.933797891,0.967149764,-21.54297266,5284.575739,200.7283048,5949,0.925194401,205.1490936,200.2099457,151.6912079
31824,B-20-2-03_masks.tif,16,12986,765.9411255,308.294815,55.23444005,5.581568578,0.983819749,-7.546569254,3070.318959,277.7425689,10262,0.790235638,201.8845215,195.1947937,148.0385895
31825,B-20-2-03_masks.tif,17,6218,559.5979797,207.7163579,39.52889403,5.254798117,0.981725546,21.4467607,3171.752654,239.0689932,5486,0.88227726,193.8375854,190.9774017,153.2211151
31826,B-20-2-03_masks.tif,18,5924,450.2842712,169.4046319,45.89329326,3.691272076,0.962604873,15.69162015,3143.066509,273.1132681,5300,0.894665766,203.2494354,197.4705658,151.5516968
31827,B-20-2-03_masks.tif,19,24146,1400.149278,485.9383309,66.6847307,7.287100447,0.990539377,39.70086107,1464.458005,402.3780336,15257,0.631864491,188.6793671,182.8939514,145.0987701
31828,B-20-2-03_masks.tif,20,9753,677.0538239,228.0484438,57.72167689,3.950828459,0.967437121,-53.80795455,4381.89798,316.444171,8277,0.84866195,205.6963806,196.2854919,139.0305634
31829,B-20-2-03_masks.tif,21,11743,634.2842712,254.7386658,61.00660114,4.175591839,0.970899569,87.62760638,1641.348378,310.2943881,7555,0.643362003,202.1860962,198.4483185,144.2260742
31830,B-20-2-03_masks.tif,22,8694,650.8700577,266.8717575,49.93423814,5.344464388,0.982339065,3.949682301,1291.981942,448.2809984,7971,0.916839199,197.6923828,190.4981842,152.5911407
31831,B-20-2-03_masks.tif,23,10987,671.1543289,244.2301278,58.2765047,4.190884972,0.971114718,-63.20705332,4391.151634,382.3817239,7904,0.719395649,208.674469,200.8658905,140.158783
31832,B-20-2-03_masks.tif,24,9494,628.8700577,267.4986973,48.02634593,5.569832393,0.983750926,-3.581938461,1349.856962,450.269644,8083,0.851379819,195.7617188,187.5621643,149.966095
31833,B-20-2-03_masks.tif,25,8509,556.1421356,249.1869188,44.66919291,5.578496108,0.983801774,2.196363598,1255.730168,458.1366788,6983,0.820660477,206.9859619,199.2689362,163.982666
31834,B-20-2-03_masks.tif,26,7375,560.9116882,199.6318244,49.68564045,4.017897778,0.968532691,52.57526014,5365.623186,405.931661,6576,0.891661017,193.7919769,188.5469818,144.6618042
31835,B-20-2-03_masks.tif,27,14139,935.3380951,336.5345657,55.66614203,6.045588098,0.986224909,32.23856801,3363.745809,489.9382559,10485,0.741565882,200.3674774,194.1051941,146.6162109
31836,B-20-2-03_masks.tif,28,9191,670.3259018,262.8755902,45.37120498,5.793886019,0.984992748,-22.98186525,5005.015994,477.9848765,5043,0.548688935,210.6539764,204.7442017,156.2284393
31837,B-20-2-03_masks.tif,29,9930,617.254834,231.197402,55.47316609,4.167734029,0.970788081,24.1447388,5171.068983,473.1422961,8864,0.89264854,194.9763031,191.0262909,138.0424194
31838,B-20-2-03_masks.tif,30,19450,1167.622366,419.7413242,60.68466273,6.916761259,0.98949365,52.78311147,2167.679949,500.5260154,7288,0.37470437,187.6186829,178.9124603,117.8854294
31839,B-20-2-03_masks.tif,31,9479,640.9116882,241.708234,53.28781255,4.535900845,0.975395254,-24.09621994,5054.150227,479.696065,7812,0.824137567,206.5377655,197.2866058,141.7524261
31840,B-20-2-03_masks.tif,32,7459,581.6396103,189.3241495,53.38638278,3.546300379,0.959419105,45.08511003,5328.565491,436.4326317,6532,0.875720606,204.0215912,198.0907898,157.3994141
31841,B-20-2-03_masks.tif,33,16870,997.7817459,376.941914,59.8765761,6.295315106,0.987303005,23.12615119,1463.164493,562.5365738,10581,0.627208062,194.2901459,188.0419617,146.810318
31842,B-20-2-03_masks.tif,34,12718,801.5391052,301.7406603,55.53881062,5.432969431,0.982914746,30.31917761,3328.743513,526.4805787,10652,0.837553074,202.5184937,194.5490112,162.6744232
31843,B-20-2-03_masks.tif,35,12047,795.2964646,280.8519701,58.21535493,4.824362412,0.978281387,27.98416345,5260.431975,542.0641654,10768,0.893832489,200.3128662,197.0873871,154.9038849
31844,B-20-2-03_masks.tif,36,10542,687.6396103,239.9797896,58.87637837,4.075994418,0.969437374,-35.24589387,1703.972112,496.9877632,8884,0.842724341,207.3162994,198.8761749,147.31427
31845,B-20-2-03_masks.tif,37,10131,837.5391052,308.7849382,49.3564761,6.256219295,0.987142782,26.85898926,5325.588195,533.8125555,7799,0.769815418,191.2370758,189.302597,145.2702942
31846,B-20-2-03_masks.tif,38,9357,604.3259018,228.8306995,53.57596638,4.2711446,0.972205473,-32.22951543,1748.697446,523.2557444,569,0.060810089,209.6678314,197.8804932,174.6977081
31847,B-20-2-03_masks.tif,39,7544,594.3259018,217.8582038,49.97732525,4.359140924,0.973331528,-31.01783757,1785.163309,543.765509,4577,0.606707317,201.4880981,191.7878571,138.9731293
31848,B-20-2-03_masks.tif,40,7588,487.4558441,193.5133467,50.47300412,3.833997007,0.965386259,83.38361513,4197.34436,485.3947022,7341,0.967448603,199.9880066,192.9407501,149.5187378
31849,B-20-2-03_masks.tif,41,12547,868.1248917,313.7839841,52.75974136,5.947413236,0.98576307,64.2933678,4479.47063,532.3776201,7120,0.567466327,190.742691,182.88974,122.4915695
31850,B-20-2-03_masks.tif,42,11458,676.4264069,258.3093647,58.3078713,4.430094239,0.974190174,-74.28519297,4760.062315,515.62428,10100,0.881480189,207.94841,200.9931641,157.5410919
31851,B-20-2-03_masks.tif,43,7811,612.7695526,231.1486359,44.9831572,5.138559635,0.980881283,77.37150896,4175.949174,526.7489438,4325,0.553706312,206.3341064,198.7667084,171.6106415
31852,B-20-2-03_masks.tif,44,12083,808.4264069,309.2578995,65.05381253,4.753878173,0.977625161,-1.12433055,3861.500703,679.1512042,9192,0.760738227,204.0083771,199.1598053,154.3838196
31853,B-20-2-03_masks.tif,45,11635,710.1837662,279.7816618,54.19334628,5.162657059,0.981061064,-76.50570414,4791.423464,560.8938547,9888,0.849849592,209.5449066,204.006073,157.7882233
31854,B-20-2-03_masks.tif,46,6007,437.9411255,153.478429,51.96483071,2.953505802,0.940937364,21.7713714,5406.314466,597.667388,4946,0.823372732,193.3821259,187.5618744,120.830368
31855,B-20-2-03_masks.tif,47,11200,763.5979797,283.2056294,53.30909077,5.312520347,0.982124099,74.72126371,4151.628393,579.1541071,8018,0.715892857,204.655899,199.2160187,149.2145233
31856,B-20-2-03_masks.tif,48,8437,548.5269119,218.2332509,51.01493811,4.277830358,0.972293521,-76.39923259,4808.900083,611.4462487,7681,0.91039469,206.1963348,199.2664948,152.3959045
31857,B-20-2-03_masks.tif,49,5811,411.5563492,157.1856364,49.45072159,3.178631803,0.949224082,84.15541655,4119.734297,643.0956806,4255,0.732231974,206.1779022,202.5231476,148.447937
31858,B-20-2-03_masks.tif,50,6821,495.4558441,199.2938791,45.4689326,4.38307802,0.973625955,-79.46424555,4811.995895,652.1891218,5875,0.861310658,210.0816956,202.5896149,155.4297943
31859,B-20-2-03_masks.tif,51,11202,613.1126984,246.8893872,58.64058122,4.21021385,0.971383229,-79.67950471,5011.926888,655.2834315,9702,0.86609534,202.0654449,195.9064178,139.2816925
31860,B-20-2-03_masks.tif,52,4862,318.4852814,123.5175362,52.02724359,2.37409341,0.906961552,-86.76377902,4235.747223,643.2171946,4450,0.915261209,206.4516907,197.66922,155.5049438
31861,B-20-2-03_masks.tif,53,8176,511.7989899,201.0899267,54.7983805,3.669632659,0.962153845,84.51152101,3178.394569,660.2837573,5995,0.73324364,203.7509613,199.3396149,159.1284332
31862,B-20-2-03_masks.tif,54,7476,530.0416306,215.4492477,44.75871785,4.813570586,0.978182806,-81.69045131,4454.675629,664.7756822,6249,0.835874799,200.5108032,194.0971375,154.8587036
31863,B-20-2-03_masks.tif,55,17070,964.6518036,337.0617878,65.82090286,5.120892804,0.980747841,40.99709971,1368.675454,787.4939074,10763,0.630521383,192.1875916,185.9648743,147.8599854
31864,B-20-2-03_masks.tif,56,2791,262.7279221,99.74973955,37.1781432,2.683021016,0.927946191,-76.85915571,4480.098531,697.5155858,2464,0.882837693,207.631897,201.937088,156.6964264
31865,B-20-2-03_masks.tif,57,10949,646.2842712,270.7564659,52.8530698,5.122814378,0.980762423,-82.27246506,5044.708193,709.8252808,10330,0.943465157,204.0856781,198.9138489,146.1355286
31866,B-20-2-03_masks.tif,58,14151,914.1665222,323.4787051,56.91466783,5.683573627,0.984399884,41.45164072,1311.464278,813.3158081,10326,0.729701081,192.2219696,185.779007,143.9487762
31867,B-20-2-03_masks.tif,59,12679,963.1959595,355.4688088,51.27915633,6.932033095,0.989540136,-25.35441023,5152.208849,881.1649972,6395,0.504377317,201.5743561,195.9606018,139.8096924
31868,B-20-2-03_masks.tif,60,10814,714.0832611,268.4414676,53.21015191,5.044929547,0.980157792,-70.73644478,5034.404661,772.466155,8916,0.824486776,206.2187042,198.7892609,153.0978088
31869,B-20-2-03_masks.tif,61,10800,663.5979797,257.0672626,55.80812748,4.60626927,0.976150385,-75.72661088,4469.247778,756.952037,8852,0.81962963,209.6204224,200.2709045,156.4676971
31870,B-20-2-03_masks.tif,62,7937,651.2964646,242.1654585,43.34386305,5.587076035,0.983851894,-50.37286154,4643.708706,802.4738566,2584,0.325563815,203.3126984,195.0951996,152.0286407
31871,B-20-2-03_masks.tif,63,8490,706.9533188,272.9938878,42.10772861,6.483225215,0.988032753,-52.54818812,4653.183863,840.8497055,3275,0.385747939,209.5569458,198.2387848,144.5554199
31872,B-20-2-03_masks.tif,64,10580,699.3553391,285.0495034,48.90906737,5.828152503,0.985170023,-77.66852975,4468.971267,803.0165406,5533,0.522967864,202.2591705,194.6389008,151.7522125
31873,B-20-2-03_masks.tif,65,7716,607.8406204,244.8055956,42.31372623,5.785488951,0.98494882,-19.88248051,4735.497149,880.0139969,4440,0.575427683,207.2155457,202.012619,168.9414368
31874,B-20-2-03_masks.tif,66,12581,803.6984848,329.1791485,50.34450941,6.538531259,0.988235547,1.881140181,3050.416978,968.2103966,8883,0.706064701,205.3703766,197.9248047,154.775528
31875,B-20-2-03_masks.tif,67,6594,503.3553391,197.1899818,43.77281971,4.504849884,0.975050541,-20.06007606,4761.696997,914.4814983,5355,0.812101911,205.7759094,198.9992523,155.2003784
31876,B-20-2-03_masks.tif,68,3856,342.5269119,119.7482539,42.20179406,2.837515716,0.935841584,56.19268143,1735.453579,883.8638485,3608,0.935684647,202.218399,200.4013367,167.763031
31877,B-20-2-03_masks.tif,69,7071,549.1543289,201.7382966,46.86661123,4.304520666,0.972640864,48.46736441,1721.834394,928.7400651,6542,0.925187385,201.0044403,194.5423431,147.8729706
31878,B-20-2-03_masks.tif,70,8732,758.3675324,279.4406452,43.87967273,6.36833932,0.98759434,-35.15435239,3142.882959,987.0253092,7867,0.900939075,208.7558136,200.8296661,151.1127472
31879,B-20-2-03_masks.tif,71,9414,666.8111832,242.1713394,50.37642901,4.807235133,0.978124619,61.80018073,1730.031549,993.7758657,8558,0.909071595,200.5566711,194.5819092,154.9940338
31880,B-20-2-03_masks.tif,72,7143,491.0121933,176.2973824,52.80886899,3.338404812,0.954082405,-32.11002619,3188.842643,1008.49181,6351,0.889122218,210.1974487,198.3473511,147.2854614
31881,B-20-2-03_masks.tif,73,7684,597.254834,231.4567704,43.27976905,5.347920646,0.982362091,66.53363593,2046.249349,1000.515747,1032,0.134305049,226.6463165,214.6521301,198.0339203
31882,B-20-2-03_masks.tif,74,15351,950.2670273,330.3366682,62.54377761,5.281687177,0.981912852,59.69789053,4454.407726,1053.636375,8782,0.572079995,201.3420563,195.6016846,150.2031403
31883,B-20-2-03_masks.tif,75,2923,290.627417,97.56252147,39.87304218,2.446829139,0.912672274,44.61477906,1960.484434,1011.182689,2898,0.991447143,201.885788,195.7853699,142.2077332
31884,B-20-2-03_masks.tif,76,9933,614.9116882,224.138481,57.85042718,3.874448158,0.966117867,61.30273542,1715.819491,1042.498339,9070,0.91311789,205.8078308,198.1801605,161.4299927
31885,B-20-2-03_masks.tif,77,8410,592.2253967,209.5135783,55.52737428,3.773158394,0.964240179,-39.44181916,1399.523187,1072.265279,7998,0.951010702,202.3743439,193.9912415,140.7483063
31886,B-20-2-03_masks.tif,78,6336,467.8406204,170.8246225,48.19358495,3.544551057,0.959378191,-36.22366529,3209.058239,1059.054609,5179,0.817392677,208.4666901,198.9561768,145.3193665
31887,B-20-2-03_masks.tif,79,8928,711.9827561,275.3603215,49.16999146,5.600170213,0.983927936,64.75095999,1980.097782,1072.022625,7770,0.870295699,197.339386,191.6355286,145.9445343
31888,B-20-2-03_masks.tif,80,12135,764.2253967,287.4051046,57.26963487,5.018455334,0.979945743,63.52640664,1678.286939,1083.188628,10951,0.902430985,196.7917938,190.7581024,153.1854553
31889,B-20-2-03_masks.tif,81,2511,279.4558441,91.01628178,36.32824111,2.505386415,0.916889982,58.5105327,4373.506969,1064.657109,2299,0.915571485,190.5676422,185.5589447,139.8347168
31890,B-20-2-03_masks.tif,82,7343,531.254834,205.1113252,47.17323908,4.348044129,0.973193355,-29.81479125,1268.446412,1139.961596,6726,0.915974397,202.4562836,194.5860901,137.0923309
31891,B-20-2-03_masks.tif,83,9404,663.254834,259.1960767,49.43710729,5.242945854,0.981642056,19.4045566,4311.274245,1190.296682,9169,0.975010634,200.4834747,190.9327087,144.3459473
31892,B-20-2-03_masks.tif,84,7184,516.5269119,201.8792711,47.4816586,4.251731658,0.971947409,-14.7277645,4687.588112,1188.559438,6408,0.891982183,202.097229,198.0942535,154.228302
31893,B-20-2-03_masks.tif,85,10505,553.8406204,197.3741369,68.84793332,2.866812806,0.937189953,19.49028747,4372.50376,1183.973917,8017,0.7631604,194.5927429,184.1868591,130.2502136
31894,B-20-2-03_masks.tif,86,4486,365.1126984,121.2948579,48.65932274,2.492736255,0.916005553,-30.51989272,1312.597637,1166.213999,3183,0.709540794,212.2412872,208.8102417,171.5146027
31895,B-20-2-03_masks.tif,87,4480,312.627417,98.45868439,58.69887888,1.677352043,0.802852456,24.86568213,2032.025446,1160.192634,3688,0.823214286,198.2917633,190.5325317,146.938446
31896,B-20-2-03_masks.tif,88,6204,547.3553391,219.6087129,37.81160391,5.807971369,0.985066001,17.84679413,4228.723404,1211.065442,3997,0.644261767,203.6987762,197.405304,131.0843201
31897,B-20-2-03_masks.tif,89,13116,830.8528137,270.4424453,63.64065634,4.249523196,0.971917823,-54.3491708,2337.179628,1216.797728,7914,0.603385178,205.3751526,201.7683868,155.8610077
31898,B-20-2-03_masks.tif,90,9280,634.5269119,260.1772495,46.69518199,5.571822155,0.983762626,-12.02153583,2166.186853,1257.503341,8659,0.933081897,206.3558197,200.1407776,157.4841156
31899,B-20-2-03_masks.tif,91,7168,570.5685425,210.4814431,45.42223967,4.633885176,0.976437225,33.7424343,4168.44308,1217.976283,6621,0.923688616,196.3818207,188.8093872,154.1098022
31900,B-20-2-03_masks.tif,92,6683,466.0416306,186.9467305,46.09633844,4.05556573,0.969123782,-11.75029285,4630.469699,1227.00389,5968,0.89301212,205.5179291,200.7880402,157.7731171
31901,B-20-2-03_masks.tif,93,6282,457.254834,165.8279738,49.56236001,3.345844988,0.954291279,-50.2945144,2411.187838,1226.006208,5048,0.803565743,207.635498,200.7902069,153.6770935
31902,B-20-2-03_masks.tif,94,7262,514.5269119,201.0840911,47.40431324,4.241894404,0.971815258,-18.37784821,2112.687139,1263.519416,6911,0.951666208,208.817688,203.2896881,157.9104309
31903,B-20-2-03_masks.tif,95,7154,486.0416306,199.2894306,47.90022729,4.160511168,0.970685034,8.173679257,1936.587923,1291.09603,6169,0.862314789,204.511261,196.2964783,145.1449127
31904,B-20-2-03_masks.tif,96,6152,443.7989899,182.2470895,45.179913,4.033807889,0.96878442,7.628593638,1975.075423,1286.322172,5916,0.961638492,197.7664032,190.8842163,138.1325226
31905,B-20-2-03_masks.tif,97,7219,503.5979797,185.3770187,50.94997199,3.638412573,0.961488508,-24.70121783,1773.827538,1308.005679,6806,0.94278986,205.1157837,197.0083771,150.7696075
31906,B-20-2-03_masks.tif,98,6081,412.3847763,165.863925,47.95319893,3.458870914,0.957295374,-86.33103401,1426.663378,1249.917448,5589,0.919092255,200.6582642,194.7280426,145.0173492
31907,B-20-2-03_masks.tif,99,3250,290.627417,97.91490386,43.05349371,2.274261516,0.898143152,-24.03368235,1842.226462,1295.974769,3110,0.956923077,198.9684906,191.2254028,145.85112
31908,B-20-2-03_masks.tif,100,7825,465.2132034,190.1724257,53.8355615,3.532468509,0.959093893,-83.29741871,1426.506965,1294.171374,5646,0.721533546,208.8250122,202.6645355,163.6418762
31909,B-20-2-03_masks.tif,101,8053,473.4558441,182.8759653,57.41041826,3.185414265,0.94944583,5.626030765,2041.094996,1350.101577,7554,0.938035515,199.9898071,192.201355,145.9876862
31910,B-20-2-03_masks.tif,102,5779,498.0832611,190.2553675,40.24081914,4.727919847,0.97737594,-52.71762366,5228.311473,1366.539194,4802,0.830939609,202.8221588,193.0264435,144.399826
31911,B-20-2-03_masks.tif,103,10799,690.2842712,295.5444943,47.43366189,6.230691087,0.987036517,82.5954014,1458.568201,1352.020465,9615,0.890360219,200.3918915,196.0801849,150.552887
31912,B-20-2-03_masks.tif,104,8714,662.6690476,276.6341731,41.97624047,6.590256059,0.98842057,-20.31265323,2337.421161,1439.403833,7443,0.854142759,207.9524384,198.7440491,159.5777283
31913,B-20-2-03_masks.tif,105,2387,239.7989899,81.32162855,38.22244908,2.127588119,0.88265801,-40.0571102,1796.769585,1367.16129,2200,0.921658986,203.557724,192.6486359,138.3049927
31914,B-20-2-03_masks.tif,106,9792,719.8406204,282.3399223,48.57245413,5.812758019,0.985090773,17.54377978,4736.102839,1493.517667,2996,0.305964052,203.4809723,194.1795654,155.1261749
31915,B-20-2-03_masks.tif,107,9350,645.0538239,220.0477875,57.06324331,3.856208914,0.965790906,-55.11038514,3464.002781,1422.849305,9234,0.987593583,209.2054291,203.0427704,158.0680084
31916,B-20-2-03_masks.tif,108,7162,578.4264069,210.1053186,45.50903588,4.61678246,0.9762602,21.2357432,4782.758168,1466.650517,3295,0.46006702,187.433075,183.4057617,132.9890747
31917,B-20-2-03_masks.tif,109,9899,576.4264069,202.9499428,63.30960726,3.205673698,0.950099535,-21.92864657,5342.196383,1462.614001,3301,0.333468027,193.6943359,185.0018158,141.839447
31918,B-20-2-03_masks.tif,110,5749,459.9411255,177.9150935,42.26107196,4.209904889,0.971378966,-19.20439179,2418.549661,1442.215342,4913,0.854583406,207.745575,198.3798065,161.4343567
31919,B-20-2-03_masks.tif,111,4641,394.7695526,139.0523618,43.52796683,3.194552191,0.949742276,-50.60211207,5283.70459,1412.19888,3960,0.853264383,205.8972168,199.2055511,161.6398926
31920,B-20-2-03_masks.tif,112,6286,525.9411255,204.8204947,40.75525528,5.025621684,0.980003478,-19.91065486,2367.939548,1460.489341,604,0.096086542,232.75,226.7549744,191.2698669
31921,B-20-2-03_masks.tif,113,6757,526.5269119,211.5463864,44.94376144,4.706913254,0.977171187,-18.64237482,2445.805239,1469.894332,5712,0.845345568,205.5167999,197.0800018,151.9030151
31922,B-20-2-03_masks.tif,114,6045,571.7401154,214.4391211,38.87839552,5.515637111,0.983427336,32.9579437,3813.470471,1466.35517,5613,0.92853598,189.122757,186.7662506,141.4728241
31923,B-20-2-03_masks.tif,115,8794,737.7817459,276.646289,45.95193662,6.020340149,0.986108312,-48.57387573,1519.631226,1464.548897,5398,0.61382761,206.4342346,196.2830658,147.3036346
31924,B-20-2-03_masks.tif,116,10799,709.254834,272.6032663,57.82480435,4.714296388,0.977243468,17.00958658,4701.473748,1527.425688,6639,0.614779146,198.0753174,190.1763763,141.0593414
31925,B-20-2-03_masks.tif,117,13204,809.6812409,296.0835833,57.65541656,5.135399256,0.980857514,-47.96886539,1535.953423,1506.522645,11016,0.834292639,209.9749451,201.6843719,163.4001465
31926,B-20-2-03_masks.tif,118,15664,1067.580736,405.3207822,51.14579492,7.92481147,0.992006604,28.6962752,4416.735444,1564.111657,11234,0.717185904,199.8455505,193.3782196,157.4430237
31927,B-20-2-03_masks.tif,119,7978,620.4680374,224.5315879,46.0297048,4.877971495,0.978761293,-49.67430313,4120.987089,1488.98922,7753,0.971797443,204.8321991,196.8790131,148.3606415
31928,B-20-2-03_masks.tif,120,11350,791.7401154,311.7834751,49.040272,6.357702811,0.987552534,-18.13218468,4563.985286,1563.534273,7789,0.686255507,205.0934601,198.1166992,154.3956909
31929,B-20-2-03_masks.tif,121,11230,641.882251,238.193646,61.37604545,3.880889429,0.966232209,-48.26190433,1577.334016,1542.41683,10368,0.923241318,208.3297577,200.4065399,157.6762085
31930,B-20-2-03_masks.tif,122,7144,604.9116882,242.0436092,43.49721508,5.564577153,0.983719966,-61.00395011,4162.43715,1527.367581,195,0.027295633,233.6051331,218.1743622,189.9282074
31931,B-20-2-03_masks.tif,123,12024,746.3259018,292.7657482,54.67717501,5.354441741,0.982405411,-21.73435939,4599.987858,1591.848886,7929,0.659431138,206.5978088,199.3424072,147.2740631
31932,B-20-2-03_masks.tif,124,10954,750.0832611,299.1857186,53.14589985,5.629516471,0.984096415,16.77772435,4333.574311,1631.267756,8971,0.818970239,199.458252,194.5861053,155.3580475
31933,B-20-2-03_masks.tif,125,12726,824.5685425,311.276908,53.31627454,5.838309422,0.985221964,16.22479495,4382.210592,1632.942244,9393,0.738095238,200.0315094,193.3173676,161.0880432
31934,B-20-2-03_masks.tif,126,18761,1210.852814,442.4396801,56.850104,7.782565889,0.991710503,-19.36982218,2875.841426,1728.368744,8576,0.45711849,202.8301086,195.1228943,133.5153961
31935,B-20-2-03_masks.tif,127,8048,576.6690476,221.5878953,49.08536644,4.514337192,0.975156632,-23.50967584,203.9540258,1611.086357,6854,0.851640159,198.896698,193.4765167,137.2753143
31936,B-20-2-03_masks.tif,128,5322,424.1421356,177.699102,40.02034937,4.440218658,0.974309291,-0.456691266,2062.094889,1627.502067,5237,0.984028561,201.1502838,194.505249,155.0802002
31937,B-20-2-03_masks.tif,129,11555,866.9116882,343.318004,45.34057685,7.571981389,0.991240948,-17.46315051,1085.353267,1733.697966,5108,0.442059714,200.6321411,192.6386108,153.4424438
31938,B-20-2-03_masks.tif,130,6393,481.9411255,185.6981957,46.07272319,4.030545252,0.968733047,18.82544649,1868.054122,1639.257938,6170,0.965118098,202.4209137,195.7784424,163.0019379
31939,B-20-2-03_masks.tif,131,5709,460.1837662,174.5620554,44.15652373,3.953256294,0.967477777,-60.90178673,4098.956385,1607.938168,5492,0.961989841,208.9584808,203.5715637,160.2103119
31940,B-20-2-03_masks.tif,132,6094,425.5563492,174.0652778,45.40062667,3.833984035,0.96538602,7.003835996,2023.799639,1666.786019,5731,0.940433213,207.0420532,198.8893738,164.8443604
31941,B-20-2-03_masks.tif,133,8486,676.4264069,266.603798,43.0860394,6.187707242,0.986854582,-16.00974472,1038.868607,1715.305798,8128,0.957812868,205.6561279,199.3318176,163.1483765
31942,B-20-2-03_masks.tif,134,5778,427.9411255,155.452323,49.38435729,3.147804923,0.948197417,25.54625095,1829.946521,1651.983904,5002,0.865697473,199.0119934,189.8734436,155.6447449
31943,B-20-2-03_masks.tif,135,11403,653.2132034,276.2650051,53.97721821,5.118177895,0.98072721,0.910301372,281.5192493,1736.446461,9150,0.802420416,195.475296,187.5750885,142.278244
31944,B-20-2-03_masks.tif,136,5535,428.1421356,182.4488619,40.63409441,4.490043756,0.974883602,4.857673439,1919.323397,1674.125926,5017,0.906413731,213.0855103,205.9370117,164.1034546
31945,B-20-2-03_masks.tif,137,7136,594.0416306,256.3708051,37.29701609,6.873761817,0.989361083,-3.325841185,2150.023262,1721.030549,6985,0.978839686,204.6279144,197.1533356,148.7776642
31946,B-20-2-03_masks.tif,138,4832,489.254834,190.2619646,33.71741804,5.642839091,0.984172025,-56.50840916,4126.917632,1648.982823,4565,0.944743377,204.2806091,197.2276001,148.5355988
31947,B-20-2-03_masks.tif,139,5900,426.4264069,146.1202453,52.3629667,2.790526483,0.933585276,-42.03175367,1515.839492,1660.228814,5597,0.948644068,206.6140747,199.166153,158.3760986
31948,B-20-2-03_masks.tif,140,7896,554.627417,231.638229,47.03506066,4.924799198,0.979167548,-2.654458324,2116.816109,1708.124113,6831,0.865121581,207.1916199,197.1761017,163.1275024
31949,B-20-2-03_masks.tif,141,6432,517.1543289,191.3076081,43.99967817,4.347931986,0.973191953,-40.32130509,1556.75171,1677.845616,6160,0.957711443,206.1733704,201.6238708,156.2759705
31950,B-20-2-03_masks.tif,142,8568,568.1837662,222.5362165,49.95940408,4.454340892,0.974474065,-20.39070338,969.0954715,1717.488912,7414,0.865312792,207.5497742,202.0917206,157.7329407
31951,B-20-2-03_masks.tif,143,9155,717.5391052,267.7309365,45.97795223,5.823028725,0.985143716,48.59962039,1785.134025,1710.741562,8130,0.888039323,198.3209076,191.1329651,161.3686371
31952,B-20-2-03_masks.tif,144,6613,501.254834,185.4890588,47.27429369,3.923676999,0.966977178,-59.69545116,4142.148042,1681.704824,5737,0.867533646,208.2259064,199.6247101,147.5644073
31953,B-20-2-03_masks.tif,145,6076,518.9116882,181.2743683,45.24440075,4.006559161,0.968351419,40.41828682,1760.124259,1743.861751,5622,0.925279789,205.647995,199.7796173,164.8667755
31954,B-20-2-03_masks.tif,146,8343,567.0121933,216.9915889,51.04249155,4.25119508,0.971940225,21.04689707,1672.468656,1805.746374,6839,0.819729114,189.4949493,182.2289734,145.5680695
31955,B-20-2-03_masks.tif,147,19509,1248.450793,417.0480962,64.66668888,6.449195149,0.987905351,-52.77644515,4547.346609,1849.155262,12421,0.636680506,208.8110504,201.7694244,164.1752625
31956,B-20-2-03_masks.tif,148,10719,723.3969696,261.6993104,58.11408603,4.50319928,0.975032013,-60.28561638,4558.204124,1768.51572,5162,0.481574774,206.4974823,198.742157,147.20224
31957,B-20-2-03_masks.tif,149,9455,634.2253967,229.4444674,53.54384896,4.285169479,0.972389691,54.1457494,125.7433104,1789.46716,8275,0.875198308,186.3387299,183.5589142,139.4287567
31958,B-20-2-03_masks.tif,150,8674,588.6690476,222.6979118,51.64400202,4.312173789,0.97273925,27.00502553,1744.970948,1819.695527,7458,0.859810929,194.6072693,186.8070526,152.838562
31959,B-20-2-03_masks.tif,151,7508,553.4558441,213.1015221,46.37571411,4.595110312,0.976032986,84.04385224,4248.685003,1763.615077,6472,0.862013852,203.4426727,197.7200317,162.2843018
31960,B-20-2-03_masks.tif,152,10799,700.4680374,254.9433162,55.1922086,4.61919033,0.976285244,54.7772333,115.1255672,1846.222613,9172,0.849337902,191.6567841,185.6160126,148.5801392
31961,B-20-2-03_masks.tif,153,6567,422.3847763,170.99524,50.17181398,3.408193295,0.95598652,86.80309488,4248.849246,1809.03076,5396,0.821684178,200.5572662,193.6714172,151.1703186
31962,B-20-2-03_masks.tif,154,4708,457.254834,150.5609306,45.75640496,3.290488637,0.952701949,-45.69011755,4427.545242,1864.286534,1683,0.357476636,203.0944672,199.3636322,169.124176
31963,B-20-2-03_masks.tif,155,10433,653.0121933,254.1750765,53.47036177,4.753569418,0.977622221,17.93305042,697.972587,1998.836864,8091,0.775519985,192.5902863,184.7885284,143.8445129
31964,B-20-2-03_masks.tif,156,16192,1058.610173,371.1093963,58.77117928,6.314479322,0.987380449,22.71356792,5247.137908,2158.351161,6420,0.396492095,184.9453278,182.270874,137.9886322
31965,B-20-2-03_masks.tif,157,6547,498.0832611,174.2658779,49.43207961,3.525360036,0.958925226,-37.94299165,399.161448,2054.056973,5772,0.881625172,202.926712,198.1964722,147.9035034
31966,B-20-2-03_masks.tif,158,3921,334.2842712,104.6203013,50.22657953,2.082966873,0.877222277,51.33100238,5397.418771,2022.902831,1821,0.464422341,189.3882446,181.8379974,147.6595306
31967,B-20-2-03_masks.tif,159,6257,451.9411255,154.8048653,57.71790689,2.682094234,0.927894452,44.33016394,5378.276171,2062.846891,3454,0.552021736,186.8436584,181.1910858,143.0770111
31968,B-20-2-03_masks.tif,160,4651,373.9411255,128.5797953,47.27498145,2.719827514,0.92995618,-35.49618431,346.7647818,2050.85229,4177,0.898086433,201.1881714,189.3887939,137.9463806
31969,B-20-2-03_masks.tif,161,2038,271.7989899,91.23198445,33.3202148,2.738037104,0.930919219,-40.85644094,30.72473013,2054.861629,1916,0.94013739,194.9232788,190.2296448,134.8089752
31970,B-20-2-03_masks.tif,162,13706,810.2842712,340.5298619,58.01880809,5.869301234,0.985378773,87.75242793,2579.426674,2042.45491,6795,0.495768277,195.3084564,188.6429749,147.0800629
31971,B-20-2-03_masks.tif,163,13028,853.3969696,335.1077451,51.29367409,6.533120332,0.988215935,19.81312521,5212.048281,2201.393153,5783,0.443890083,187.5694275,182.717453,146.4881592
31972,B-20-2-03_masks.tif,164,6196,435.7989899,176.1904192,45.99747479,3.830436779,0.965320728,8.013665278,3437.147515,2134.41898,5556,0.896707553,202.0228577,196.7913971,160.2024841
31973,B-20-2-03_masks.tif,165,5721,434.9705627,183.3773319,41.0829898,4.463582926,0.974581037,5.231628884,3400.678727,2146.239119,5278,0.922565985,206.0589294,199.3217163,161.190979
31974,B-20-2-03_masks.tif,166,3501,329.6984848,115.0161154,40.22305828,2.859457244,0.936855495,-36.19276121,287.2267923,2144.333333,3160,0.902599257,208.6632843,199.1000061,143.5503235
31975,B-20-2-03_masks.tif,167,15011,846.0832611,305.2320096,74.58644188,4.092325654,0.969684626,-5.104313362,2763.442609,2283.817134,9602,0.639664246,207.927002,198.7272491,145.6924591
31976,B-20-2-03_masks.tif,168,14850,797.1126984,343.5376054,56.5298189,6.077104298,0.9863684,-4.623590646,2661.172929,2271.370034,8502,0.572525253,212.6080933,203.4950562,162.1766663
31977,B-20-2-03_masks.tif,169,6170,420.8700577,155.7056556,51.6073626,3.017120964,0.943475667,12.80922436,3519.090113,2206.473582,4690,0.76012966,195.3539429,189.5021362,140.7562866
31978,B-20-2-03_masks.tif,170,5542,378.9705627,141.018674,51.46296729,2.740197104,0.931032117,5.40702124,2712.190545,2222.589498,4604,0.830747023,199.986969,190.9235382,146.9116058
31979,B-20-2-03_masks.tif,171,14006,753.9411255,315.8490184,63.17701615,4.999429186,0.979791236,-3.857991111,2609.68642,2296.618806,11251,0.803298586,205.5872345,197.4078674,155.591507
31980,B-20-2-03_masks.tif,172,5443,357.2132034,125.180595,56.28528797,2.224037568,0.893213548,-81.18210945,659.1756384,2283.970237,3998,0.734521404,194.4399719,186.383194,136.1770935
31981,B-20-2-03_masks.tif,173,6185,368.0416306,123.401095,64.79820582,1.904390615,0.85103908,-16.47268593,744.6688763,2333.835085,4550,0.735650768,197.7131805,189.5940704,143.7916412
31982,B-20-2-03_masks.tif,174,5728,370.1421356,144.0631876,51.97841422,2.771596436,0.932642094,-8.719474727,2701.680517,2345.643855,839,0.146473464,214.7568512,203.9928436,187.3539886
31983,B-20-2-03_masks.tif,175,9298,712.6101731,266.0596564,45.27284873,5.876803954,0.985416358,-47.0246836,3799.091848,2383.539471,8936,0.961066896,208.4884796,202.0302124,166.3635864
31984,B-20-2-03_masks.tif,176,5083,352.5269119,116.9512408,55.99340597,2.088660956,0.877937287,-38.63514892,801.3440881,2358.492229,4142,0.814873106,200.293335,193.4353027,151.0161743
31985,B-20-2-03_masks.tif,177,7037,519.7401154,185.5249287,49.58879245,3.74126732,0.963616383,-37.69575401,970.2329118,2389.885605,5546,0.788119937,203.3871307,196.3611603,153.6525421
31986,B-20-2-03_masks.tif,178,5048,323.7989899,110.4654631,58.58115372,1.885682615,0.847802601,71.66237554,650.368859,2345.93641,3719,0.736727417,194.6447906,184.1532745,140.3423004
31987,B-20-2-03_masks.tif,179,9127,723.4386002,269.4634913,45.08367718,5.976963463,0.985904502,-46.64766365,3832.47091,2407.478799,7582,0.830722034,207.8907928,198.0720062,152.2695923
31988,B-20-2-03_masks.tif,180,16343,888.9116882,346.8362885,62.14653426,5.580943372,0.983816094,-15.59767704,2322.850823,2518.935997,9219,0.564094719,200.6924896,192.5848846,147.5347595
31989,B-20-2-03_masks.tif,181,11022,638.8700577,264.5102421,53.86226151,4.91086402,0.979047884,4.541465956,2851.624388,2511.078116,8083,0.733351479,197.3717651,187.9575653,145.9684448
31990,B-20-2-03_masks.tif,182,11945,936.4091629,341.7841127,46.68979148,7.320317822,0.990625447,36.63885179,4411.868481,2518.110172,7209,0.603516116,199.3674622,192.915802,158.0005493
31991,B-20-2-03_masks.tif,183,17688,993.1126984,417.5410612,55.51762965,7.520873348,0.991120964,-1.535448851,4610.862845,2621.512212,7820,0.442107644,205.1721191,201.3194427,177.8938599
31992,B-20-2-03_masks.tif,184,14274,850.1837662,338.1246436,61.05510314,5.538024279,0.98356217,3.034326339,4662.717949,2590.151885,9646,0.675774135,196.4344788,189.8011627,147.427948
31993,B-20-2-03_masks.tif,185,10934,944.1665222,330.9641707,45.67042363,7.246794411,0.990433337,38.3568986,4378.144595,2539.000457,7623,0.697183099,206.4680634,199.0402679,176.4346008
31994,B-20-2-03_masks.tif,186,4932,474.9116882,172.542264,39.4078355,4.378374549,0.97356849,-39.08766643,879.9028792,2511.135036,4725,0.958029197,209.0074005,200.415451,149.7574615
31995,B-20-2-03_masks.tif,187,7301,591.9827561,224.5319326,42.85913314,5.238835136,0.981612965,35.55018322,4333.898918,2549.455006,6558,0.898233119,207.7098236,201.3330231,183.8897552
31996,B-20-2-03_masks.tif,188,9357,717.2964646,268.8942933,46.1440468,5.827280266,0.98516555,-59.91134738,3738.987923,2551.174735,8975,0.959174949,206.8042297,198.5659027,161.0217285
31997,B-20-2-03_masks.tif,189,8887,560.5269119,223.5338789,51.41583695,4.347568612,0.97318741,14.88837825,86.1571959,2589.255767,8120,0.91369416,198.7591095,188.6974182,151.2171173
31998,B-20-2-03_masks.tif,190,7888,602.2253967,225.4569469,47.53369915,4.743097023,0.977522157,43.85220996,4299.747972,2573.181288,6512,0.825557809,198.7923889,190.8601074,163.3149567
31999,B-20-2-03_masks.tif,191,6298,519.4974747,198.3594682,41.53000856,4.776292493,0.977837045,-57.55552491,2460.18228,2562.505399,5799,0.920768498,204.8506622,197.5718231,161.5004272
32000,B-20-2-03_masks.tif,192,7462,540.2842712,221.5922045,43.82108684,5.056748258,0.980251368,-11.55450631,3913.22246,2620.158269,7019,0.940632538,199.1943359,191.7749023,147.432251
32001,B-20-2-03_masks.tif,193,10605,717.882251,259.2188986,53.2425767,4.868639248,0.978678906,-56.42074638,3764.361056,2593.456106,10093,0.951720886,205.3788757,195.8161163,152.3678741
32002,B-20-2-03_masks.tif,194,9578,739.5391052,267.068263,51.59599748,5.176143035,0.981160569,-55.23166104,2458.727292,2610.89977,7366,0.769054082,207.7355347,200.2789917,165.3760529
32003,B-20-2-03_masks.tif,195,9802,677.3969696,260.4325099,49.22476252,5.29068088,0.981974857,29.7185554,2792.723424,2633.272597,8747,0.892368904,203.7662048,198.0166931,171.1080322
32004,B-20-2-03_masks.tif,196,7249,500.3847763,214.7635134,44.27948974,4.850180402,0.978514524,80.59417409,398.5542833,2557.392468,6994,0.964822734,192.5308838,187.6145325,150.004715
32005,B-20-2-03_masks.tif,197,6709,467.0121933,160.0040561,56.21206432,2.846436225,0.93625676,50.07067723,637.1620212,2595.635862,6203,0.924578924,189.2926025,181.9893646,147.6074524
32006,B-20-2-03_masks.tif,198,6081,423.2132034,167.2131014,47.99824343,3.483733766,0.957916097,10.85333881,40.76434797,2625.24223,5586,0.918598915,201.7547455,194.0261383,153.9407501
32007,B-20-2-03_masks.tif,199,9054,586.0832611,216.5116982,53.85405192,4.020341841,0.96857156,26.46760722,2747.323062,2650.30042,7076,0.781533024,197.6315765,188.853302,159.279953
32008,B-20-2-03_masks.tif,200,8525,623.9411255,252.3243185,44.2441791,5.702994691,0.984506788,-79.25896965,3455.387801,2585.839179,8355,0.980058651,205.5765381,199.2192688,165.1578674
32009,B-20-2-03_masks.tif,201,6527,462.2842712,179.5673259,47.14999727,3.80842707,0.964911425,77.31914359,399.6629386,2598.548491,6115,0.936877585,202.1517639,193.5445557,157.7663116
32010,B-20-2-03_masks.tif,202,10179,632.1837662,245.0868959,55.98830687,4.377465754,0.973557365,-77.69318786,3452.773259,2633.459377,9159,0.899793693,204.2968597,197.1115875,162.7440796
32011,B-20-2-03_masks.tif,203,2936,336.627417,126.2288257,31.89096171,3.958137948,0.967559292,12.14268259,18.88010899,2675.691076,187,0.063692098,238.0320892,243.3101654,212.598938
32012,B-20-2-03_masks.tif,204,8790,647.9411255,259.7810695,49.16172172,5.28421423,0.981930306,-79.71793395,414.3604096,2664.591581,0,0,,,
32013,B-20-2-03_masks.tif,205,8744,703.7817459,254.5181479,46.69739566,5.45037136,0.983024612,-46.64746913,3454.355901,2756.919259,7071,0.808668801,203.6874542,195.7605743,143.7571716
32014,B-20-2-03_masks.tif,206,10327,789.6984848,349.7093308,39.83971617,8.777907185,0.993489654,-80.86611155,428.1167813,2699.677254,140,0.013556696,231.6999969,231.5642853,202.8428497
32015,B-20-2-03_masks.tif,207,10642,801.5391052,286.1438677,59.90102516,4.776944416,0.977843162,-31.56930039,4678.793554,2783.846833,8796,0.826536365,204.1257324,197.0818481,162.9099579
32016,B-20-2-03_masks.tif,208,4374,398.2842712,152.8039708,38.24526005,3.99537016,0.96817099,70.51820372,3709.648377,2717.189529,3786,0.865569273,189.4556274,181.6798706,144.0491333
32017,B-20-2-03_masks.tif,209,11413,841.9411255,326.4686087,45.98876196,7.09887796,0.990028482,4.592010919,4827.929642,2861.757645,7431,0.651099623,195.4831085,189.0788574,151.3540649
32018,B-20-2-03_masks.tif,210,10772,717.882251,265.981354,52.24918919,5.090631226,0.980515989,-30.99378559,4705.598032,2820.224749,8701,0.807742295,207.3964996,200.4964905,162.8368073
32019,B-20-2-03_masks.tif,211,9388,645.3969696,237.9466266,51.970998,4.578450207,0.975856085,-33.40070348,603.5654026,2829.660311,8533,0.908926289,203.5094299,199.1633606,151.7564697
32020,B-20-2-03_masks.tif,212,8941,545.5979797,202.6313143,57.69706846,3.511986305,0.958605036,-22.27738596,2121.70104,2843.53909,8221,0.919472095,204.0171509,193.8943024,143.646637
32021,B-20-2-03_masks.tif,213,9507,662.0832611,257.8464703,49.94575854,5.162529869,0.981060121,-21.29189447,2065.131061,2865.138635,6791,0.714315767,204.034317,193.6407013,143.7367096
32022,B-20-2-03_masks.tif,214,9327,623.0538239,231.6436461,51.94592174,4.459323049,0.974531815,48.68827832,3994.516672,2846.714806,9000,0.964940495,201.6173401,194.6104431,158.2810059
32023,B-20-2-03_masks.tif,215,8765,533.2132034,222.7595383,51.53815675,4.322225557,0.972867664,-85.57103093,443.5416999,2806.751169,8236,0.939646321,199.5870514,192.6682892,146.6318665
32024,B-20-2-03_masks.tif,216,8327,699.1126984,282.3676697,42.68516383,6.615124422,0.988507973,6.790447963,4787.21004,2914.093911,5715,0.686321604,192.772522,188.6937866,144.871048
32025,B-20-2-03_masks.tif,217,6977,536.1837662,208.9234921,43.3212061,4.822661021,0.97826589,-66.54434694,1864.318332,2845.076251,6366,0.912426544,200.1782837,194.2558899,150.668396
32026,B-20-2-03_masks.tif,218,8383,616.627417,266.8441552,41.23976162,6.47055523,0.987985556,-9.220241487,148.6393892,2928.717404,0,0,,,
32027,B-20-2-03_masks.tif,219,6569,558.5685425,208.7552226,42.96517719,4.858707359,0.978590696,47.19726087,3972.616837,2882.092251,5930,0.90272492,201.7937622,192.1991577,163.4762268
32028,B-20-2-03_masks.tif,220,8906,604.5269119,241.8941974,47.69688526,5.07148834,0.980367147,-15.20638651,107.1473164,2922.393779,0,0,,,
32029,B-20-2-03_masks.tif,221,12811,703.7401154,260.4137729,63.68134841,4.089325673,0.969639433,24.5812682,2278.097182,2935.813598,10493,0.819061744,198.9664612,192.0432739,154.0731964
32030,B-20-2-03_masks.tif,222,4330,392.7279221,165.4510057,35.30043489,4.686939587,0.976973902,1.968371293,240.6644342,2892.493072,3838,0.886374134,190.781662,181.2506561,135.1558075
32031,B-20-2-03_masks.tif,223,4389,427.9411255,166.1926105,34.64250292,4.79736152,0.978033469,62.6261634,996.9282297,2862.694236,4073,0.928001823,179.4937439,172.315979,144.7723999
32032,B-20-2-03_masks.tif,224,8625,584.6690476,220.1312538,52.06747161,4.227807631,0.971624378,23.69652689,2860.027246,2918.748058,8223,0.953391304,196.8312073,190.9472198,149.7206573
32033,B-20-2-03_masks.tif,225,7816,717.882251,268.4631442,38.66920128,6.942557263,0.989571991,59.85432224,2451.131269,2898.614893,7323,0.936924258,195.3685608,188.5283356,168.3109436
32034,B-20-2-03_masks.tif,226,7676,560.5685425,206.1839133,48.80254513,4.224859846,0.971584189,-52.47272397,676.2291558,2893.541037,6281,0.818264721,202.1030121,197.1681213,143.7212219
32035,B-20-2-03_masks.tif,227,4666,486.0416306,203.8958035,30.54164411,6.67599304,0.988717766,-10.47079831,182.3439777,2940.748607,0,0,,,
32036,B-20-2-03_masks.tif,228,7705,521.8406204,189.8057813,53.01254051,3.580393987,0.960204218,63.50529275,416.9878001,2896.505386,6227,0.808176509,186.7027435,180.1101685,139.2010651
32037,B-20-2-03_masks.tif,229,7811,563.4558441,235.3207962,46.79748908,5.02849193,0.980026532,10.0905215,3925.972219,2967.690565,6994,0.895403918,199.8026886,191.422226,146.5988007
32038,B-20-2-03_masks.tif,230,5859,429.9411255,144.3106686,53.93792627,2.675495307,0.927524416,-65.74923804,1843.343403,2913.455709,5058,0.86328725,209.3774261,206.2050171,164.2447662
32039,B-20-2-03_masks.tif,231,6540,604.5685425,239.8237825,37.93349879,6.322216252,0.987411514,-31.48798868,3651.299083,2962.379969,5692,0.870336391,205.1895599,196.6565399,154.4344635
32040,B-20-2-03_masks.tif,232,8278,635.6396103,241.9058027,45.8039365,5.281332156,0.981910398,-34.87350525,3691.419546,2967.373641,30,0.003624064,221.2666626,196.8000031,185.5666656
32041,B-20-2-03_masks.tif,233,8586,573.7401154,209.7975037,53.01659572,3.95720436,0.967543727,58.56710512,2447.735267,2947.286164,6278,0.73119031,198.0493774,190.0522461,161.7776337
32042,B-20-2-03_masks.tif,234,5948,661.0538239,236.3217639,36.87629515,6.408500716,0.987750304,37.60759642,5380.446873,2996.343477,2634,0.442837929,196.6871643,194.9365997,142.0539093
32043,B-20-2-03_masks.tif,235,6304,423.2132034,166.4945931,49.34254221,3.374260539,0.955075925,88.48621681,980.4841371,2941.596605,5333,0.845970812,193.6161652,188.3414612,147.2484589
32044,B-20-2-03_masks.tif,236,10075,559.1126984,216.2034493,61.25506554,3.52956033,0.959025015,12.27680264,3830.649529,3007.503127,8814,0.87483871,199.389267,191.7887421,142.7189636
32045,B-20-2-03_masks.tif,237,3927,400.627417,156.598123,34.25162026,4.571991685,0.975786977,-11.60008215,212.6638655,2994.249554,3589,0.913929208,205.7731934,200.4524994,157.1607666
32046,B-20-2-03_masks.tif,238,10681,622.2253967,221.0610103,62.0617909,3.561950229,0.959782371,38.57556889,4188.638611,3014.510439,9237,0.864806666,196.4857635,189.3837891,147.1549225
32047,B-20-2-03_masks.tif,239,12083,744.8111832,269.1567587,60.7262481,4.432296859,0.974216159,27.61710005,2268.702226,3053.716958,6986,0.578167674,197.5798798,190.7363281,150.9052429
32048,B-20-2-03_masks.tif,240,9404,686.1248917,263.2108024,48.70236296,5.40447704,0.982732538,-40.09492036,269.3232667,3044.893131,4782,0.508507018,208.419693,201.4631958,154.7003326
32049,B-20-2-03_masks.tif,241,5766,591.9827561,226.6569658,33.68600054,6.72852111,0.98889422,33.25911529,4083.343392,3066.551682,5147,0.892646549,196.7037048,191.5492554,153.656311
32050,B-20-2-03_masks.tif,242,11709,694.1248917,249.7736157,60.56482469,4.124070646,0.970156687,52.32959335,2178.836621,3070.851226,7415,0.63327355,187.1376953,179.7387695,144.6856384
32051,B-20-2-03_masks.tif,243,6230,549.7401154,213.2042124,39.26253372,5.430220423,0.982897293,-37.0955349,3676.111236,3077.334992,6054,0.971749599,206.4359131,196.8323364,149.4094849
32052,B-20-2-03_masks.tif,244,9543,786.509668,290.7726364,43.62047106,6.665967361,0.988683609,-45.317102,285.4169548,3089.785916,2322,0.243319711,219.2183533,214.2368622,184.9737244
32053,B-20-2-03_masks.tif,245,7599,437.3553391,152.0352167,64.30515705,2.364277201,0.906147304,-28.06637979,3537.869193,3060.853797,6980,0.918541913,201.5998535,191.6015778,139.1743622
32054,B-20-2-03_masks.tif,246,7468,593.1543289,227.6253086,44.43477311,5.122684164,0.980761435,-32.51224667,3708.281735,3092.444296,5982,0.801017675,208.9913025,198.4185944,143.7577667
32055,B-20-2-03_masks.tif,247,8584,586.6690476,222.1791384,50.70315174,4.381959124,0.973612302,26.51058023,4040.327586,3101.287279,7696,0.896551724,200.9768677,194.8413391,160.6506042
32056,B-20-2-03_masks.tif,248,7077,745.4386002,287.7641593,33.67310209,8.545816732,0.993129992,-49.10764114,309.6054825,3111.751166,6986,0.987141444,204.2626648,198.0246277,152.7767029
32057,B-20-2-03_masks.tif,249,14057,846.0832611,346.4829624,54.22960788,6.389184358,0.987675661,14.32517072,1776.929359,3198.333713,7065,0.502596571,198.303894,191.2561951,148.7000732
32058,B-20-2-03_masks.tif,250,9755,493.6984848,185.2819742,67.94103512,2.727099667,0.930343212,78.20907438,734,3070.483342,9227,0.945873911,198.5707092,190.7243958,143.5108948
32059,B-20-2-03_masks.tif,251,14415,813.0121933,323.5059866,59.08998682,5.474802145,0.98317707,9.076307054,2413.730142,3211.296566,8416,0.583836282,195.9922791,186.0188904,140.4518738
32060,B-20-2-03_masks.tif,252,5655,416.1421356,180.7473851,41.11475146,4.396168741,0.973784903,-3.297188209,1996.812202,3146.418391,4910,0.868258179,195.5947113,187.6519318,153.5362549
32061,B-20-2-03_masks.tif,253,7350,600.4680374,221.4544174,43.09582116,5.138651763,0.980881975,-43.03700797,421.1616327,3146.868027,6935,0.943537415,202.6516266,196.3061218,147.377655
32062,B-20-2-03_masks.tif,254,10981,706.0832611,273.1632446,52.82129048,5.171461018,0.981126112,-18.65099336,2039.165377,3206.879975,9034,0.822693744,207.4995575,200.5544586,160.9676819
32063,B-20-2-03_masks.tif,255,6823,493.3553391,179.8704685,49.58469688,3.627539943,0.961252646,69.85399516,702.9180712,3124.169134,6661,0.976256779,199.9776306,192.289444,164.3497925
32064,B-20-2-03_masks.tif,256,11693,839.9238816,289.8705312,53.03383803,5.465765669,0.983120919,-50.41042925,311.9971778,3193.709313,11046,0.94466775,207.0428162,202.7229767,156.5528717
32065,B-20-2-03_masks.tif,257,7262,484.2842712,184.3931385,51.09450419,3.608864424,0.96084239,15.886058,4190.285596,3177.509502,5657,0.778986505,196.6210022,188.9867401,137.814209
32066,B-20-2-03_masks.tif,258,7109,503.3553391,191.7808472,48.62685367,3.943928771,0.967321162,20.68085814,1219.781263,3193.172317,5583,0.785342524,204.34552,197.1341553,166.5699463
32067,B-20-2-03_masks.tif,259,4681,405.9411255,149.141889,40.57539919,3.675672748,0.962280561,25.50813553,1256.101474,3171.74044,4414,0.942960906,189.8744965,183.2442169,151.0999146
32068,B-20-2-03_masks.tif,260,7574,542.6690476,200.0127738,49.64099851,4.029185145,0.968711593,61.37193631,685.2062318,3167.563243,7097,0.937021389,201.6164551,196.3576202,161.7993469
32069,B-20-2-03_masks.tif,261,8618,596.0832611,224.8939139,49.57256478,4.536660851,0.975403601,62.65010556,3887.42214,3206.524484,7743,0.898468322,197.9098511,190.7636566,151.7996826
32070,B-20-2-03_masks.tif,262,10631,626.3259018,225.8588914,61.83184196,3.652792545,0.961797139,27.8863535,641.1673408,3266.449911,7692,0.723544351,199.723999,190.7571564,154.8048553
32071,B-20-2-03_masks.tif,263,4540,343.6984848,111.5976017,53.88751169,2.070936256,0.875690182,42.06920431,2724.562335,3198.756828,4017,0.884801762,190.1533508,183.946228,134.213089
32072,B-20-2-03_masks.tif,264,12730,699.9411255,283.5435352,60.98334167,4.649524402,0.976597367,-82.77139954,4443.906756,3187.405185,9991,0.784838963,193.8342438,183.9375458,135.3915558
32073,B-20-2-03_masks.tif,265,6084,435.5563492,177.0023246,45.39124534,3.899481568,0.966558998,-3.71423083,1893.906969,3255.165845,4741,0.779257068,198.6057739,192.4269104,160.6300354
32074,B-20-2-03_masks.tif,266,6843,472.5269119,180.4336248,49.08939232,3.675613331,0.962279318,-21.83663623,2547.370159,3244.81587,5050,0.737980418,202.5695038,194.1405945,156.6164398
32075,B-20-2-03_masks.tif,267,11366,711.0538239,262.4630692,56.74030617,4.625690042,0.976352649,-32.72389072,2154.716787,3285.503959,7173,0.631092733,205.0033417,198.2105103,150.045166
32076,B-20-2-03_masks.tif,268,4494,369.7989899,138.9543368,43.76063112,3.175327531,0.949115517,1.986911663,575.7950601,3249.280151,654,0.14552737,220.5733948,218.6865387,179.5749207
32077,B-20-2-03_masks.tif,269,8253,612.8111832,233.5096989,49.36857653,4.729925701,0.977395346,-48.23360298,3322.3589,3257.610324,7518,0.910941476,201.4015656,192.3116455,140.4675446
32078,B-20-2-03_masks.tif,270,10241,674.0416306,286.2968318,47.50512221,6.026651833,0.986137599,0.060877864,1937.024021,3344.014452,9697,0.946880187,204.085907,197.3105011,166.4155884
32079,B-20-2-03_masks.tif,271,7676,536.7695526,205.8644897,49.55534254,4.154234017,0.970595033,-21.50999549,2573.309276,3291.92001,6642,0.865294424,206.5379333,201.2937317,165.9524231
32080,B-20-2-03_masks.tif,272,5306,378.9705627,155.1488809,44.62189813,3.476967304,0.957748524,9.177353688,536.5902752,3267.964568,5159,0.972295515,204.1798859,197.1477051,160.8662567
32081,B-20-2-03_masks.tif,273,6232,381.5563492,152.7045354,52.5263216,2.907200252,0.938979337,88.58575142,1008.60751,3220.456354,5470,0.877727856,194.4590454,185.5157166,141.6906738
32082,B-20-2-03_masks.tif,274,4702,459.5979797,179.6502214,36.19053198,4.964011624,0.979498805,58.94252795,4035.250532,3250.681625,4254,0.904721395,191.7884369,182.0350189,151.4076233
32083,B-20-2-03_masks.tif,275,8356,604.5685425,225.8220562,48.691955,4.637769344,0.976477152,-32.27143325,3380.860938,3292.036022,6904,0.826232647,200.6184845,192.5427246,138.7443542
32084,B-20-2-03_masks.tif,276,4197,394.7695526,146.3363796,37.96981309,3.854018962,0.965751329,48.96388648,4139.274244,3256.658089,3874,0.923040267,187.621582,180.7405853,152.7176056
32085,B-20-2-03_masks.tif,277,7261,500.9705627,208.0926807,46.61588337,4.463986644,0.974585695,86.50080274,3627.422118,3237.782812,5193,0.715190745,196.655304,189.8729095,150.600235
32086,B-20-2-03_masks.tif,278,7670,443.4558441,165.808094,61.30556846,2.704617185,0.929136019,-1.208510856,107.0029987,3298.995306,6315,0.823337679,190.2250214,180.6668243,126.8951721
32087,B-20-2-03_masks.tif,279,2775,272.9705627,98.04908505,38.62043864,2.538787453,0.919158091,-80.6985869,4452.637838,3244.769369,2169,0.781621622,198.4186249,196.540802,158.8948822
32088,B-20-2-03_masks.tif,280,4366,352.5269119,119.5816487,47.76702104,2.503435342,0.916754503,38.43414834,2773.491067,3280.581539,4123,0.944342648,193.2621918,187.5098267,141.6017456
32089,B-20-2-03_masks.tif,281,5655,455.254834,167.0902659,44.23779477,3.777093021,0.964316021,37.05533922,728.8249337,3313.699204,5504,0.973297966,191.0118103,182.4060669,150.0988312
32090,B-20-2-03_masks.tif,282,6098,372.7279221,151.1604332,52.19386964,2.896133861,0.938496809,-89.66051491,1010.037389,3270.29895,5930,0.972449984,202.1330566,192.037262,148.4150085
32091,B-20-2-03_masks.tif,283,6221,433.7989899,178.3261996,45.42357774,3.925851033,0.967014366,-80.35885152,3113.089535,3283.532873,4510,0.724963832,194.3556519,185.7297058,146.9969025
32092,B-20-2-03_masks.tif,284,9514,608.8700577,258.6190544,49.87183625,5.185673394,0.981230414,-89.06693881,3636.216628,3286.343494,9368,0.984654194,206.5265808,199.2555542,161.0740814
32093,B-20-2-03_masks.tif,285,7791,556.1837662,218.1150181,46.88872636,4.651758217,0.976620107,68.47465636,4033.296496,3303.182775,7640,0.980618663,197.5282745,189.8111267,147.9367828
32094,B-20-2-03_masks.tif,286,11995,788.2670273,283.4972913,57.42324349,4.936978026,0.979271289,37.21095909,1416.725636,3389.016007,8204,0.683951647,189.5331573,181.6144562,142.5536346
32095,B-20-2-03_masks.tif,287,10836,609.8406204,220.3350515,64.36677429,3.423117811,0.956378209,-68.54062855,255.4311554,3319.929033,7838,0.723329642,200.3540497,192.5104675,141.3934631
32096,B-20-2-03_masks.tif,288,7266,570.2253967,204.7878097,46.47118764,4.406769444,0.973912562,-45.70806046,2208.666804,3346.82425,6310,0.868428296,204.906662,198.6068115,160.2515106
32097,B-20-2-03_masks.tif,289,11898,819.9411255,350.6687992,44.62618825,7.857915117,0.991869365,-6.371439108,4553.292318,3453.103883,6714,0.56429652,200.5207062,190.2651215,150.7113495
32098,B-20-2-03_masks.tif,290,9491,624.5685425,229.239901,54.23149616,4.227062082,0.971614222,60.57550243,3992.154251,3347.819302,6832,0.719839848,189.0466919,180.0210724,144.182663
32099,B-20-2-03_masks.tif,291,13168,798.1837662,315.6773093,59.53264851,5.302591388,0.98205648,-4.188551457,4596.30969,3456.854875,10285,0.781060146,200.4330597,193.1342773,151.3988342
32100,B-20-2-03_masks.tif,292,2816,374.7279221,160.047427,24.85581126,6.439034531,0.987866917,3.134060546,11.8828125,3371.898438,1392,0.494318182,182.4791718,170.9640808,127.0675278
32101,B-20-2-03_masks.tif,293,6700,399.7989899,151.1246269,56.91246498,2.655387128,0.926378848,89.26887334,1021.281642,3320.852687,6059,0.904328358,203.8428802,192.5273132,151.6161041
32102,B-20-2-03_masks.tif,294,10483,622.2253967,223.6041426,60.42132742,3.700748595,0.962799839,-43.87968066,2248.708099,3375.609368,9672,0.92263665,206.4004364,200.6524963,160.4000244
32103,B-20-2-03_masks.tif,295,9307,614.2842712,241.6433865,52.13868858,4.634627244,0.976444861,-6.611665432,4503.615773,3427.570001,7077,0.760395401,201.5657806,192.5633698,160.1745148
32104,B-20-2-03_masks.tif,296,5730,585.4974747,232.4531158,32.6764099,7.113789932,0.990070452,-62.51198039,279.5921466,3357.469284,3711,0.647643979,203.0083466,197.4384308,160.8590698
32105,B-20-2-03_masks.tif,297,7598,536.4264069,203.1258614,49.87512253,4.072688969,0.96938696,-25.22886968,2005.811793,3387.886023,6882,0.905764675,206.4988403,200.5120544,157.6890411
32106,B-20-2-03_masks.tif,298,9232,595.6984848,242.6551895,50.1354231,4.839994847,0.978423001,9.267820629,1579.114276,3427.130741,7632,0.826689775,198.5622406,192.72995,145.5906677
32107,B-20-2-03_masks.tif,299,11381,629.2132034,270.0508515,54.41561772,4.962745307,0.979488232,-1.859091028,2376.117389,3447.24497,8778,0.771285476,195.8697815,189.033493,146.8334503
32108,B-20-2-03_masks.tif,300,5283,383.9411255,135.5225299,50.84893342,2.665199067,0.926941253,33.68088366,2938.187015,3365.832292,4972,0.941131933,193.0480652,187.1468201,147.9961853
32109,B-20-2-03_masks.tif,301,8733,507.7989899,216.9720787,52.72571722,4.115109099,0.970024554,-87.36944277,3630.336769,3337.713271,7684,0.879880911,201.9582214,192.022644,152.5503693
32110,B-20-2-03_masks.tif,302,10365,707.2964646,243.354235,58.14467534,4.185322794,0.971036745,-33.86806291,4362.794597,3430.53179,6021,0.58089725,193.727951,186.47052,126.7507095
32111,B-20-2-03_masks.tif,303,6720,579.0121933,230.8849626,39.5645689,5.835649649,0.985208389,69.61953295,928.24375,3382.655208,0,0,,,
32112,B-20-2-03_masks.tif,304,5729,390.0416306,142.1832605,52.52575155,2.706924818,0.929261387,72.39539254,1011.562053,3373.320649,5068,0.884622098,198.8916779,189.9433746,144.4950714
32113,B-20-2-03_masks.tif,305,4197,317.3137085,128.8437379,42.64041352,3.021634343,0.943649439,-1.764549502,1893.878961,3394.913748,3653,0.870383607,199.7998962,191.6014252,153.2324066
32114,B-20-2-03_masks.tif,306,6663,471.9411255,177.9667363,48.83316515,3.644382579,0.961617095,-25.10803741,2045.374006,3412.031968,5768,0.865676122,206.9783325,200.0091858,156.2975006
32115,B-20-2-03_masks.tif,307,6133,375.6984848,114.8647567,68.80384324,1.669452625,0.800749975,-6.647012952,1339.010272,3396.608837,4957,0.808250448,199.2557983,191.2299805,142.3465881
32116,B-20-2-03_masks.tif,308,5055,382.7695526,135.3218151,48.41182874,2.79522213,0.933816128,41.82139722,2903.481306,3394.042532,4300,0.850642928,199.233017,191.3281403,159.3679047
32117,B-20-2-03_masks.tif,309,7676,499.4558441,200.356483,50.27614207,3.985120471,0.968004343,9.016293766,1539.346925,3448.850052,7090,0.923658155,207.1819458,200.0276489,160.1916809
32118,B-20-2-03_masks.tif,310,7827,596.627417,245.2750413,42.00366642,5.839372184,0.985227383,-4.339308726,4458.022486,3465.237639,5492,0.701673694,197.3251953,191.8805542,147.4096832
32119,B-20-2-03_masks.tif,311,5717,447.0121933,165.2491843,45.32630553,3.645767779,0.961646838,-51.57700442,303.1485045,3407.053874,5111,0.89400035,202.7822418,196.2338104,157.0434418
32120,B-20-2-03_masks.tif,312,6573,376.8700577,120.5503216,70.30832869,1.714595182,0.812308466,30.68757389,1267.106953,3408.396623,5881,0.894720828,196.1327972,186.9631042,143.7163696
32121,B-20-2-03_masks.tif,313,7242,490.1837662,185.8393757,50.54786168,3.676503209,0.962297934,-26.5054603,3733.947528,3453.017813,6699,0.925020713,198.8641663,191.2610779,151.9462585
32122,B-20-2-03_masks.tif,314,7415,528.5269119,194.5416875,53.902605,3.609133316,0.960848343,-14.14635992,1677.792717,3481.31706,5608,0.756304788,200.5083771,190.9734344,146.2763977
32123,B-20-2-03_masks.tif,315,12561,698.7695526,270.3402407,62.39100742,4.333000089,0.973004301,-83.95280469,2673.124274,3409.812754,9164,0.729559748,198.6065063,191.3802948,147.0545654
32124,B-20-2-03_masks.tif,316,7951,439.6984848,157.3126208,64.84523001,2.425970589,0.911090604,-73.89801448,3394.1225,3424.516539,6829,0.858885675,194.1568298,185.4240723,125.2919922
32125,B-20-2-03_masks.tif,317,6519,553.4974747,217.4586133,40.4816428,5.371783314,0.982519837,-30.54455194,1759.348213,3483.688603,5712,0.876208007,203.7160339,194.8793793,149.3757019
32126,B-20-2-03_masks.tif,318,7519,512.4264069,190.14105,51.22880486,3.711604254,0.963021298,-28.24151985,3772.706477,3481.341801,7150,0.950924325,201.4629364,194.4195862,150.2535706
32127,B-20-2-03_masks.tif,319,5780,407.6984848,148.0662461,50.28752254,2.944393332,0.940559651,66.90936295,974.9653979,3456.643599,5700,0.98615917,200.3217468,193.5287781,150.3578949
32128,B-20-2-03_masks.tif,320,7085,583.4558441,247.6202298,39.58086721,6.256058728,0.987142118,-80.63115071,3961.146789,3454.253776,5344,0.754269584,196.6309814,189.6225739,156.6017914
32129,B-20-2-03_masks.tif,321,8367,541.4974747,198.2489478,54.63722057,3.628459606,0.961272681,-32.92928229,1786.717461,3517.063225,7108,0.849527907,204.4553986,197.2539368,150.4117889
32130,B-20-2-03_masks.tif,322,2849,240.7279221,82.71557487,44.75457608,1.84820374,0.840980204,-82.07121921,2662.266409,3458.432432,2390,0.838890839,200.3924713,192.8108826,142.8000031
32131,B-20-2-03_masks.tif,323,9035,676.7695526,280.2601906,43.00466989,6.516971095,0.98815711,-75.56236754,3973.821693,3492.26021,8661,0.958605423,204.3839111,197.0217133,162.3733978
32132,B-20-2-03_masks.tif,324,5311,325.2132034,100.415418,68.16530667,1.473116207,0.734292626,-85.1991551,1243.862926,3499.018264,3928,0.739597063,197.6428223,187.5333557,130.7487335
32133,B-20-2-03_masks.tif,325,7665,543.8406204,203.0048138,50.6798628,4.00563069,0.968336506,-26.66108171,2229.549511,3547.053881,6129,0.799608611,200.6281586,194.5084076,151.9970703
32134,B-20-2-03_masks.tif,326,9624,583.4974747,208.8159215,61.61478919,3.389055197,0.955476414,29.81294149,1484.834372,3570.717789,7794,0.809850374,195.5900726,184.2628937,144.9552155
32135,B-20-2-03_masks.tif,327,5118,388.8700577,141.5093936,47.43641382,2.983138525,0.942140797,-76.15348483,3305.408558,3505.646346,4857,0.949003517,198.3209839,191.3833618,147.5079193
32136,B-20-2-03_masks.tif,328,5920,475.4558441,198.5969708,42.42851284,4.68074315,0.976912176,11.40709717,3606.893074,3563.907939,5799,0.979560811,188.3654022,181.7853088,139.1405487
32137,B-20-2-03_masks.tif,329,10554,685.8406204,269.1941602,50.8686117,5.291950208,0.981983582,74.79845691,1036.568979,3526.018382,7847,0.74350957,202.6095276,195.2383118,165.5676117
32138,B-20-2-03_masks.tif,330,10679,720.1837662,283.2270859,55.16889379,5.13381847,0.980845609,79.70011333,487.589662,3525.279801,8843,0.82807379,194.1067505,188.3553162,153.385849
32139,B-20-2-03_masks.tif,331,9198,757.254834,319.3323728,39.623753,8.059114762,0.992271829,-77.86699426,3991.715264,3533.889324,30,0.003261579,242.5333405,239.2666626,209.3000031
32140,B-20-2-03_masks.tif,332,7447,621.0538239,227.7568839,43.3241616,5.257040772,0.981741279,-51.24489042,4153.407547,3579.223849,6707,0.900631127,200.2421417,192.1947174,153.3754272
32141,B-20-2-03_masks.tif,333,5971,448.7695526,161.0672152,48.4853483,3.321977068,0.953616072,-27.93874822,2259.035672,3579.695528,5542,0.928152738,202.5577393,196.0445709,154.3024139
32142,B-20-2-03_masks.tif,334,3683,305.7989899,102.6964239,46.85761462,2.191669907,0.889839799,-82.53698129,3339.232691,3540.100733,3014,0.818354602,201.4406128,195.5212402,154.6456604
32143,B-20-2-03_masks.tif,335,7471,530.3259018,185.2065728,54.00898946,3.429180488,0.956535818,-44.69283961,4205.285102,3589.039754,6545,0.876054076,201.95401,194.1720428,152.9899139
32144,B-20-2-03_masks.tif,336,6923,552.3259018,203.8107541,44.85123292,4.544150535,0.975485632,-58.92086818,1276.719486,3568.075112,6614,0.955366171,204.5105896,197.3426056,154.0477753
32145,B-20-2-03_masks.tif,337,9647,643.0121933,247.0947798,50.55919121,4.88723759,0.978842622,73.21878964,1027.698974,3573.739194,8207,0.850730797,196.2535706,188.4574127,156.0573883
32146,B-20-2-03_masks.tif,338,3290,314.9705627,120.1984577,37.62551347,3.194599797,0.949743814,-14.0334116,1630.913374,3583.233435,3125,0.949848024,207.9462433,200.9734344,149.3596802
32147,B-20-2-03_masks.tif,339,9700,675.5979797,275.3672368,49.75109322,5.53489821,0.983543442,78.66357864,506.6980412,3573.274227,8566,0.883092784,204.3300323,197.2604523,163.529068
32148,B-20-2-03_masks.tif,340,6645,419.4558441,153.6712062,56.8581259,2.70271318,0.929032325,-71.92612104,3987.637622,3578.989315,4530,0.681715576,206.7556305,196.4966888,141.5147858
32149,B-20-2-03_masks.tif,341,1862,292.627417,117.02516,23.37838336,5.005699418,0.979842352,-24.96107527,24.24973147,3600.266917,1273,0.683673469,200.6095886,198.7266235,170.1806793
32150,B-20-2-03_masks.tif,342,3150,322.8700577,108.0775602,40.38313162,2.676304582,0.927569951,-27.22455801,161.7628571,3605.959365,2975,0.944444444,204.8104248,199.0121002,156.1667175
32151,B-20-2-03_masks.tif,343,3971,322.0416306,113.8772245,45.25519792,2.516334692,0.917644008,26.37137883,3561.478469,3597.380761,3229,0.813145303,188.8764343,179.1486511,147.2685089
32152,B-20-2-03_masks.tif,344,3105,281.7989899,89.22104962,48.89419805,1.82477785,0.836470528,10.44710606,3026.814493,3611.481804,2153,0.693397746,198.0102234,192.9642334,153.8862
32153,B-20-2-03_masks.tif,345,4705,334.627417,114.3939548,53.94104497,2.120721889,0.881845985,-70.30768435,1319.700744,3598.075239,4505,0.95749203,199.5032196,189.8863525,146.9935608
32154,B-20-2-03_masks.tif,346,2927,258.9705627,87.5161597,44.06889965,1.985893916,0.863965171,-32.86505786,1388.34028,3613.170823,2596,0.88691493,195.8439941,188.366333,146.7538452
32155,B-20-2-03_masks.tif,347,1147,177.0710678,69.29150925,25.63353149,2.703158918,0.929056621,4.491063366,237.5501308,3617.142982,1122,0.97820401,192.5926971,184.3627472,150.1684418
32156,B-20-2-03_masks.tif,348,1379,197.3137085,65.36787369,33.59242588,1.945911079,0.857851238,-0.009340063,3075.079043,3620.166788,1103,0.799854967,194.120575,190.1078949,152.1287384
32157,B-20-2-03_masks.tif,349,1222,165.6568542,65.27053876,25.16923218,2.593266981,0.922660208,-11.70481088,91.52454992,3619.566285,866,0.708674304,196.725174,190.6096954,157.5819855
32158,B-20-2-03_masks.tif,350,1590,208.1421356,63.2435152,35.20234301,1.796571188,0.830770001,-15.82576621,192.6150943,3620.006289,291,0.183018868,208.5223389,200.4295502,161.4982758
32159,B-20-2-03_masks.tif,351,6114,407.4558441,147.0971367,54.02374523,2.722823753,0.930116038,80.00953736,482.3097808,3619.814197,5732,0.937520445,193.009079,180.444519,131.228714
32160,B-20-2-03_masks.tif,352,1318,175.3137085,48.58970334,39.85226075,1.219245845,0.5721068,8.58284244,3118.028073,3626.849772,1037,0.786798179,199.0501404,192.920929,146.3018341
32161,B-20-2-03_masks.tif,353,2459,286.1421356,114.5431631,29.30414257,3.908770333,0.96672048,-82.80661255,1865.126474,3622.688085,2338,0.950793005,192.2309723,185.7870026,154.6484222
32162,B-20-2-03_masks.tif,354,2139,230.7279221,88.31945835,32.20648124,2.742288351,0.931141153,82.93182649,1965.763441,3628.26461,1781,0.832632071,174.9584503,165.120163,126.9528351
32163,B-20-2-04_masks.tif,1,4878,416.1837662,151.9431541,42.64582882,3.562907752,0.959804438,-53.74219094,4333.880484,42.07564576,2357,0.483189832,219.2418365,213.3932953,158.8464203
32164,B-20-2-04_masks.tif,2,16085,1128.693434,407.9885591,56.54300716,7.215544054,0.990349887,-44.19331353,2680.126391,147.8279764,6198,0.385327945,207.858017,201.0435638,129.5627594
32165,B-20-2-04_masks.tif,3,6711,734.6101731,265.8169869,33.66161723,7.896738444,0.991949438,41.03223839,5010.8571,99.66607063,4711,0.701981821,205.9923553,215.7584381,162.187851
32166,B-20-2-04_masks.tif,4,8128,532.6690476,192.8563925,56.78788755,3.396083228,0.955664773,41.19475371,5038.203863,71.84854823,7842,0.964812992,199.4268036,194.1921692,156.5998535
32167,B-20-2-04_masks.tif,5,15291,956.0660172,330.8701951,60.83643846,5.438684503,0.982950946,50.19184739,4853.145837,129.1810215,7535,0.492773527,190.625885,192.2107544,145.9852753
32168,B-20-2-04_masks.tif,6,14769,837.2132034,375.2764841,51.27540595,7.318839844,0.990621642,-3.333803761,1828.885842,203.8530029,6499,0.440043334,202.7104187,198.5756226,145.5390015
32169,B-20-2-04_masks.tif,7,12110,851.4386002,286.9236304,61.64948676,4.654112232,0.976644034,50.37462114,4812.485879,163.8853014,8550,0.706028076,202.6766052,205.3000031,158.9252625
32170,B-20-2-04_masks.tif,8,6732,516.3259018,185.418541,48.13369471,3.852156834,0.965717621,35.2122583,5133.463904,112.7831254,5713,0.848633393,193.9228058,198.8421173,149.5398254
32171,B-20-2-04_masks.tif,9,10105,666.1837662,257.3286052,54.14260911,4.752792844,0.977614824,-79.73010808,4534.24671,86.97991094,8680,0.858980703,205.0067902,200.2671661,153.3963165
32172,B-20-2-04_masks.tif,10,5740,403.3553391,137.1898774,54.66725623,2.509543864,0.917177548,-50.52626268,5389.629965,120.9151568,3436,0.598606272,213.9767151,212.2831726,146.586441
32173,B-20-2-04_masks.tif,11,9522,539.4558441,221.6628136,55.68968857,3.980320582,0.967925849,-81.67877318,4543.665091,132.4965343,6941,0.728943499,209.0259399,203.0397644,155.7982941
32174,B-20-2-04_masks.tif,12,5265,414.7695526,146.3442604,46.88790901,3.121151349,0.947284175,-53.12471982,5385.163913,180.6184236,2129,0.404368471,214.9910736,214.0037537,151.9614868
32175,B-20-2-04_masks.tif,13,8951,547.9411255,209.4887036,56.49002301,3.708419513,0.962956535,70.77703641,4643.431125,200.271478,7979,0.891408781,203.2303619,200.9524994,165.5836639
32176,B-20-2-04_masks.tif,14,7529,584.8700577,244.6575834,40.43484558,6.050661994,0.986248163,-81.599254,519.9076903,195.951388,3125,0.415061761,197.6924744,200.0163269,143.3203125
32177,B-20-2-04_masks.tif,15,14026,1015.137085,368.5444099,56.94540284,6.471890469,0.987990543,45.32025562,4333.298874,334.796093,8385,0.597818337,206.1322632,201.641983,157.8152618
32178,B-20-2-04_masks.tif,16,15086,1019.982756,430.33651,46.24399923,9.305780581,0.994209399,14.01777774,1479.338393,384.6629988,7770,0.515047064,196.3725891,194.7993622,150.1862335
32179,B-20-2-04_masks.tif,17,6567,534.7695526,206.8577226,42.36441109,4.88281832,0.978803893,74.12895544,4618.462159,236.6605756,6191,0.942744023,210.9184265,209.1867218,167.7593231
32180,B-20-2-04_masks.tif,18,8438,546.3847763,238.2248565,49.1820792,4.843732928,0.978456658,81.1002693,93.83787627,245.638777,3006,0.356245556,172.3752441,167.7491608,95.62508392
32181,B-20-2-04_masks.tif,19,15217,942.9116882,382.7530508,55.98377529,6.836856728,0.98924529,13.80639725,1442.052704,403.6906092,0,0,,,
32182,B-20-2-04_masks.tif,20,10836,830.509668,294.8484123,48.37224166,6.095405179,0.986450694,47.60168669,4431.012089,321.6961979,3731,0.344315245,200.0198364,205.5363159,156.8171997
32183,B-20-2-04_masks.tif,21,11464,922.509668,288.3849053,55.30824172,5.214139815,0.981436732,50.31233561,4261.74433,342.166783,8370,0.730111654,207.5418091,204.4902039,170.2758636
32184,B-20-2-04_masks.tif,22,11806,1005.095454,357.7094851,52.06398928,6.870573885,0.989351155,63.87313835,522.9379129,310.0427749,5838,0.494494325,194.1075745,194.8187714,149.9270325
32185,B-20-2-04_masks.tif,23,10044,679.3969696,244.7177576,56.55595887,4.327002185,0.972928367,54.14000789,4659.368379,327.7392473,9590,0.954798885,199.1009369,198.4804993,146.4065704
32186,B-20-2-04_masks.tif,24,4825,457.4974747,169.5583277,37.7191887,4.495280348,0.974942836,48.57137587,4380.781969,330.0445596,550,0.113989637,213.1509094,177.0181885,186.5418243
32187,B-20-2-04_masks.tif,25,8245,684.7106781,245.9143949,44.36049131,5.543545341,0.983595169,49.78874974,4233.404851,372.6482717,7295,0.884778654,206.9887543,204.9509277,158.4360504
32188,B-20-2-04_masks.tif,26,4660,392.7695526,142.3945817,42.47300612,3.352590144,0.9544794,37.73854527,4636.532833,381.3701717,4454,0.955793991,202.0103302,203.5327759,158.4645233
32189,B-20-2-04_masks.tif,27,13245,848.1665222,312.8110698,55.27528992,5.659148423,0.984263853,45.25606048,4221.138996,462.2175915,8511,0.642582106,199.9464264,197.1790619,139.4838409
32190,B-20-2-04_masks.tif,28,5575,435.0121933,156.4961491,46.9035144,3.336554864,0.954030246,48.72011442,4579.140987,392.455426,4671,0.837847534,203.3005829,204.6508179,152.4208984
32191,B-20-2-04_masks.tif,29,7564,579.9827561,213.9237253,46.15940669,4.634455696,0.976443096,-50.6258566,501.5695399,458.8578794,6264,0.828133263,204.9228973,201.2359467,146.009903
32192,B-20-2-04_masks.tif,30,2043,282.3847763,111.8326469,26.07888511,4.288244932,0.972429841,-67.39693772,48.68135095,431.0509055,1922,0.940773372,198.979187,199.3855286,128.8652496
32193,B-20-2-04_masks.tif,31,5874,466.6690476,164.094744,46.92895064,3.496663398,0.958233521,48.31165199,4299.590909,476.1348315,5341,0.909261151,203.451416,197.6931305,155.486618
32194,B-20-2-04_masks.tif,32,17325,1180.936075,441.2549043,51.0825369,8.638077336,0.993276455,48.91761864,2628.004214,600.5424531,7005,0.404329004,191.9398956,193.6061401,140.8089905
32195,B-20-2-04_masks.tif,33,15132,1047.4386,383.2279834,54.7382498,7.001100414,0.989746559,23.89746377,2561.211803,654.5958234,5965,0.394197727,189.1175232,191.3054504,139.0734253
32196,B-20-2-04_masks.tif,34,8546,513.1126984,201.5196045,54.67828402,3.685551003,0.962486422,78.40461477,4577.081325,524.3240112,7987,0.934589282,204.5281067,200.1880493,155.4564972
32197,B-20-2-04_masks.tif,35,5861,499.2132034,216.5827435,36.2312553,5.977787457,0.985908415,85.63351386,136.33885,517.2560996,5583,0.952567821,196.6992645,197.9724121,136.1148071
32198,B-20-2-04_masks.tif,36,9024,664.9116882,239.3277137,54.3273507,4.405289612,0.973894797,-70.97711858,1188.91977,577.4209885,3535,0.391733156,206.93013,200.327301,140.2958984
32199,B-20-2-04_masks.tif,37,6988,456.3847763,190.6084582,47.95852432,3.974443771,0.967829349,84.7295002,4541.503148,565.8925301,6262,0.896107613,205.7666931,203.7052002,143.4952087
32200,B-20-2-04_masks.tif,38,6376,458.7695526,172.5134882,48.28959551,3.572477392,0.960023972,-63.20318079,254.4474592,595.6337829,5032,0.789209536,207.2468262,199.6925659,145.8664551
32201,B-20-2-04_masks.tif,39,6609,568.7695526,227.4711663,37.93950969,5.995627465,0.985992744,-70.6488575,1194.685126,613.7874111,5119,0.774549856,208.7620697,204.716156,154.3256531
32202,B-20-2-04_masks.tif,40,6884,450.8700577,174.9604585,50.85979911,3.440054062,0.956816345,74.7110384,272.823649,673.2717897,5696,0.827425915,193.350769,193.6813507,145.0807648
32203,B-20-2-04_masks.tif,41,15735,990.8111832,380.2485418,54.20545481,7.014949753,0.989787214,-15.68959446,852.1964411,864.3720369,4949,0.314521767,198.3109741,192.7654114,141.66922
32204,B-20-2-04_masks.tif,42,14527,993.6812409,355.4373192,54.18673283,6.559489762,0.988311048,61.15711817,389.9388724,797.8319681,11223,0.772561437,199.9881439,194.8650055,146.60849
32205,B-20-2-04_masks.tif,43,14186,915.5807358,331.486666,58.79911814,5.637612883,0.984142429,-50.22765104,2816.77076,811.8790357,8625,0.607993797,210.8506622,203.1223145,144.5610504
32206,B-20-2-04_masks.tif,44,9066,657.1543289,243.9761027,49.42476618,4.936312734,0.979265643,64.11954512,479.9173836,792.2975954,6146,0.677917494,196.2242126,192.6452942,147.111618
32207,B-20-2-04_masks.tif,45,16017,973.5391052,361.346101,63.83463967,5.660658584,0.984272315,66.63279256,370.9243304,842.7041269,10937,0.682836986,196.9057312,191.9826202,142.4292755
32208,B-20-2-04_masks.tif,46,11805,741.6396103,280.7875869,59.38719124,4.728083297,0.977377522,28.68154653,255.5016518,871.0914867,3974,0.336637018,191.1718597,189.0651703,141.2546539
32209,B-20-2-04_masks.tif,47,13854,931.1543289,362.4193291,50.51704617,7.174198743,0.990237788,16.1950751,1367.711708,969.7454887,9641,0.695900101,202.1702118,200.8361206,170.3548431
32210,B-20-2-04_masks.tif,48,11557,608.6690476,220.7108419,68.32350504,3.230379381,0.950879533,-19.52235799,65.8494419,904.0822013,8515,0.736782902,203.5355225,195.8675232,137.7211914
32211,B-20-2-04_masks.tif,49,8880,635.3969696,221.9798166,51.8148719,4.284094672,0.972375638,37.45247837,215.5807432,894.5368243,6689,0.753265766,194.4465485,190.1287231,144.3200836
32212,B-20-2-04_masks.tif,50,16971,1039.4386,377.2152294,66.11498175,5.705442541,0.984520184,-22.84100347,1480.634141,1005.796535,8688,0.511932119,210.4487762,203.1937103,156.468811
32213,B-20-2-04_masks.tif,51,11763,871.5979797,360.5721035,55.94997793,6.44454416,0.987887781,1.768261035,3850.693956,1054.58599,5838,0.496301964,207.1742096,202.4948578,150.2519684
32214,B-20-2-04_masks.tif,52,6390,462.2842712,180.4398512,46.59466455,3.872543197,0.966083939,16.18623466,3957.294836,995.9477308,5849,0.915336463,201.4262238,197.5913849,147.0620575
32215,B-20-2-04_masks.tif,53,20959,1199.965512,442.7224465,82.02582129,5.397354632,0.982686533,40.95533462,1313.269526,1059.913689,8710,0.415573262,191.7951813,190.4708405,141.9351349
32216,B-20-2-04_masks.tif,54,6032,387.1126984,123.1826552,63.90972252,1.927447818,0.854883026,61.7893638,209.5242042,976.9845822,4190,0.694628647,191.370163,188.9842529,135.1594238
32217,B-20-2-04_masks.tif,55,6766,484.2842712,187.0988533,47.76839986,3.916791308,0.966858977,7.800702565,3918.895211,1024.701744,6006,0.887673662,203.9457245,198.3994293,149.0557709
32218,B-20-2-04_masks.tif,56,16033,969.254834,398.4622217,55.64772498,7.160440465,0.990200052,11.12014347,1180.660575,1151.352835,7324,0.456807834,201.0297699,199.2241974,149.9370575
32219,B-20-2-04_masks.tif,57,5583,422.9705627,173.7633376,43.86463368,3.961353897,0.967612825,7.992090185,3883.911338,1046.356618,5063,0.906860111,211.9772797,206.1238403,156.1580048
32220,B-20-2-04_masks.tif,58,16678,1015.722871,384.7048128,55.74640626,6.900979607,0.989445285,-51.59496039,3025.568354,1098.203861,5409,0.324319463,211.6095428,205.9508209,128.5141449
32221,B-20-2-04_masks.tif,59,18692,1059.137085,387.8846095,62.60984238,6.195265708,0.986886851,37.3755577,264.4567195,1169.21009,10295,0.550770383,188.5452118,187.1577454,147.2645874
32222,B-20-2-04_masks.tif,60,14830,1062.066017,395.0674584,58.81029212,6.717658495,0.988858072,51.49385109,364.2734997,1125.074713,7277,0.490694538,193.5065308,195.1019592,161.0416412
32223,B-20-2-04_masks.tif,61,8669,705.5391052,259.2102885,47.40601787,5.467877291,0.983134066,52.22120498,82.87922482,1111.506864,6157,0.710231861,187.375351,187.5475006,146.6404114
32224,B-20-2-04_masks.tif,62,11632,852.509668,309.1620796,49.44223316,6.252995867,0.987129437,51.49611118,350.4085282,1163.804419,6059,0.520890646,192.3718414,194.6682587,156.5545502
32225,B-20-2-04_masks.tif,63,14181,967.5807358,362.9837602,54.07127898,6.713060372,0.988842717,56.92445717,2673.497003,1181.714971,6349,0.447711727,198.7957153,199.8864441,148.1403351
32226,B-20-2-04_masks.tif,64,5351,370.9705627,139.5042029,51.15578721,2.727046353,0.930340386,71.76247447,56.55242011,1154.968978,4408,0.823771258,197.7606659,194.9382935,154.1637878
32227,B-20-2-04_masks.tif,65,13177,1005.722871,366.1132905,46.74725979,7.831759383,0.991814742,49.46587222,3827.420657,1261.215375,8596,0.65234879,202.0152435,201.3455048,165.8287506
32228,B-20-2-04_masks.tif,66,12344,967.2375901,363.0078805,50.78102486,7.14849457,0.990167108,49.95828528,3791.512314,1281.819994,8754,0.709170447,205.21875,203.1660919,158.4150085
32229,B-20-2-04_masks.tif,67,12298,766.1837662,304.3644048,56.1730258,5.418337368,0.982821538,76.93653922,129.7174337,1220.9765,6109,0.496747439,194.0361786,191.3206787,150.253891
32230,B-20-2-04_masks.tif,68,11889,808.8528137,303.8581532,53.94506318,5.63273329,0.984114721,-41.73187805,2441.862478,1281.103457,407,0.034233325,203.8230896,174.5036926,176.7002411
32231,B-20-2-04_masks.tif,69,8887,619.882251,224.4713417,51.41369026,4.365983857,0.9734162,-42.12086406,2471.432092,1312.1177,6286,0.707325307,212.5932159,203.7084045,150.6539917
32232,B-20-2-04_masks.tif,70,14398,1047.923882,394.6113089,56.88107196,6.937480172,0.989556642,-61.34006772,2285.854841,1331.547159,9480,0.658424781,211.6162415,205.227951,146.3672943
32233,B-20-2-04_masks.tif,71,13842,856.7106781,308.6744845,67.6103983,4.565488331,0.975717088,25.63435532,3682.675408,1366.423349,10220,0.738332611,205.0585175,202.0302277,155.4724121
32234,B-20-2-04_masks.tif,72,13446,835.882251,300.4165445,58.6982986,5.117977039,0.980725683,25.88448245,3639.419456,1394.778373,5768,0.42897516,197.6272583,191.4651489,147.1133881
32235,B-20-2-04_masks.tif,73,16395,1099.740115,424.7459692,50.96820445,8.333547822,0.992774265,10.50172918,1698.110887,1533.174016,6725,0.410186032,201.1146393,195.786026,164.698288
32236,B-20-2-04_masks.tif,74,16849,1078.468037,402.129824,67.9524218,5.917814455,0.985619257,12.80885557,1736.32999,1501.015016,10578,0.62781174,202.3142395,199.1338654,156.4930115
32237,B-20-2-04_masks.tif,75,11953,677.9411255,277.5769411,59.1553707,4.692337108,0.977027467,76.79953391,146.3353133,1390.692713,6241,0.522128336,205.7030945,205.5959015,158.1379547
32238,B-20-2-04_masks.tif,76,6564,389.7989899,143.0039896,58.99886628,2.42384301,0.910926817,5.583317657,4080.420932,1431.17596,4760,0.725167581,204.9863434,199.289917,123.1848755
32239,B-20-2-04_masks.tif,77,9276,584.8700577,234.2815832,54.38785574,4.307608381,0.972680623,-0.817282063,1641.711945,1514.875701,5774,0.62246658,207.0479736,202.9468231,166.2305145
32240,B-20-2-04_masks.tif,78,9646,596.627417,244.8512367,52.20220316,4.690438753,0.977008649,-2.95178054,1597.758034,1519.244246,4511,0.467654987,203.7896271,199.405014,164.3857269
32241,B-20-2-04_masks.tif,79,20028,1437.279221,522.4953119,51.97712974,10.05240794,0.995039697,28.19044298,2185.54998,1697.538396,10153,0.506940284,195.3220673,191.9328308,140.0065918
32242,B-20-2-04_masks.tif,80,6505,473.2132034,181.224331,47.06934962,3.850155833,0.965681344,-4.508836739,2798.830899,1575.64289,5345,0.821675634,207.2806396,202.0967255,175.2536926
32243,B-20-2-04_masks.tif,81,10196,646.5269119,262.8636168,50.68913692,5.18579784,0.981231323,-11.76777495,2747.872009,1609.750883,4173,0.409278148,213.0843506,208.9477539,165.7265778
32244,B-20-2-04_masks.tif,82,9921,983.3969696,362.6150137,38.4553896,9.429497854,0.994360779,-14.13729001,1839.600544,1704.48866,3988,0.401975607,205.4869537,199.8006592,154.3382721
32245,B-20-2-04_masks.tif,83,7832,508.8700577,194.5972961,53.53515331,3.63494422,0.961413504,-78.06163806,3786.586057,1567.423264,6581,0.840270684,199.3964386,192.1619873,135.8298187
32246,B-20-2-04_masks.tif,84,14100,907.3969696,349.2797141,53.41879145,6.538517714,0.988235497,-74.20704224,318.1777305,1612.871844,7968,0.565106383,205.5525818,202.2348175,147.1061707
32247,B-20-2-04_masks.tif,85,12230,865.8406204,361.2437122,49.04896216,7.364961384,0.990739282,-12.172716,1797.624939,1717.34955,5027,0.41103843,211.8148041,206.0841522,169.1497955
32248,B-20-2-04_masks.tif,86,3814,326.3847763,124.9230182,40.33006793,3.097515691,0.946453773,-10.93073061,2820.118511,1692.312271,3275,0.858678553,211.8058014,200.7297668,165.8424377
32249,B-20-2-04_masks.tif,87,6453,464.8700577,172.8741337,49.02381101,3.526329964,0.958948302,-7.448133201,2774.054703,1726.531071,5049,0.782426778,216.0007935,211.0154419,176.0627899
32250,B-20-2-04_masks.tif,88,17777,1067.379726,385.8940047,59.71272658,6.462508527,0.987955436,51.60687289,291.4967092,1776.349103,11968,0.673229454,192.9319916,188.8550262,147.2763977
32251,B-20-2-04_masks.tif,89,4519,397.6984848,144.5341564,42.96760352,3.363793756,0.95478929,-20.70013477,2845.793981,1728.439256,2683,0.593715424,215.5218048,209.0849762,152.6399536
32252,B-20-2-04_masks.tif,90,17298,1204.610173,427.7461776,63.47378179,6.738942687,0.988928735,-18.40102657,3730.082322,1953.73442,7946,0.459359464,205.8492279,197.7897034,123.7281647
32253,B-20-2-04_masks.tif,91,5939,445.5563492,168.9249372,49.40229824,3.419374062,0.956280452,0.50223605,2203.94292,1903.219229,3820,0.643205927,205.8086395,203.2086334,155.421463
32254,B-20-2-04_masks.tif,92,16053,938.1837662,377.0658939,59.9198846,6.292834114,0.987292926,1.833967031,1626.162213,2050.660562,10358,0.64523765,205.3334656,197.5139923,149.8861694
32255,B-20-2-04_masks.tif,93,7762,520.627417,215.6924149,47.52210579,4.538780664,0.97542686,83.53913794,2609.405694,1914.423344,6958,0.896418449,203.6871185,200.5728607,159.2506409
32256,B-20-2-04_masks.tif,94,8908,629.254834,231.2507468,50.80516383,4.551717372,0.97556809,22.68241805,1767.741356,2015.047598,5616,0.630444544,199.4709778,196.5213623,149.7120667
32257,B-20-2-04_masks.tif,95,7763,609.4558441,242.4867077,44.18203348,5.488355528,0.983260761,-5.962616788,4066.117609,2000.308901,5731,0.738245524,202.0994568,198.3107605,147.6627045
32258,B-20-2-04_masks.tif,96,12819,651.2132034,278.1436585,60.66785774,4.584695567,0.975922629,1.155228446,1677.893517,2047.780014,10155,0.792183478,200.7532196,194.029541,146.5324402
32259,B-20-2-04_masks.tif,97,6911,465.7989899,192.1533446,48.57629789,3.95570171,0.96751865,85.22498401,2585.914629,1951.943713,5847,0.846042541,208.2537994,201.7068634,161.3413696
32260,B-20-2-04_masks.tif,98,10054,630.4264069,240.1446553,54.25268098,4.426410842,0.974146631,19.9652757,2869.749652,2045.507758,7021,0.698329023,199.0791931,195.5608826,139.6224213
32261,B-20-2-04_masks.tif,99,8678,626.5685425,225.062654,49.88568551,4.511567832,0.975125734,-28.26246236,1907.84743,2047.4236,5519,0.635976031,209.2938995,204.4261627,152.4631348
32262,B-20-2-04_masks.tif,100,14983,997.2375901,377.7426107,53.91890427,7.005754582,0.989760249,-34.59201979,557.8336114,2130.002403,7986,0.533004071,208.9549255,203.6437531,149.1280975
32263,B-20-2-04_masks.tif,101,8151,539.4558441,213.273696,54.52784497,3.911280486,0.966763916,0.389164555,2201.938781,2063.340572,3407,0.417985523,206.361908,203.9025574,140.4326324
32264,B-20-2-04_masks.tif,102,9290,554.0416306,228.1363097,52.87362437,4.314746954,0.97277221,-79.62662605,1423.651884,2086.822282,7248,0.780193757,203.4174957,200.0168304,143.8351288
32265,B-20-2-04_masks.tif,103,13458,859.254834,349.0688938,50.95203489,6.850931362,0.989289673,14.15954869,1470.406004,2294.740303,5983,0.444568287,192.2391815,188.7537994,144.8092957
32266,B-20-2-04_masks.tif,104,14165,1027.965512,375.4970406,49.44610565,7.594067029,0.991292045,44.28907442,1853.992658,2290.472997,8156,0.575785387,196.9871216,193.3019867,149.847229
32267,B-20-2-04_masks.tif,105,7995,639.4558441,273.8889845,39.12911978,6.999620387,0.9897422,-5.040334375,3998.202001,2332.277924,5993,0.749593496,212.9888153,208.0463867,163.8770294
32268,B-20-2-04_masks.tif,106,8482,542.3847763,236.8404591,46.8767672,5.052405984,0.980217065,-4.703160526,4036.506013,2313.972058,5905,0.696180146,208.9676514,203.7161713,157.6179504
32269,B-20-2-04_masks.tif,107,14137,1007.823376,371.9023363,56.47858131,6.584838494,0.988401397,36.94046764,1843.968664,2367.894744,9250,0.654311381,194.0270233,189.3556824,148.2646484
32270,B-20-2-04_masks.tif,108,7162,611.0121933,241.9946923,38.85843375,6.227597691,0.98702355,19.93966264,4125.22005,2347.64912,6414,0.895559899,199.7189026,198.5623627,150.5523834
32271,B-20-2-04_masks.tif,109,14473,876.9116882,347.4279116,54.4378059,6.382107174,0.987648142,15.4814121,1722.088026,2444.631383,9592,0.66275133,205.7392578,201.1131134,158.5103149
32272,B-20-2-04_masks.tif,110,11863,879.9238816,322.9055364,53.95996362,5.984168904,0.985938667,37.13416492,1792.154008,2415.87676,3408,0.287279777,194.0795135,188.8166046,154.6320496
32273,B-20-2-04_masks.tif,111,8233,768.0243866,291.2840902,36.80352905,7.914569546,0.991985819,36.03453908,1822.202842,2397.841492,589,0.071541358,216.2665558,205.8166351,197.0865936
32274,B-20-2-04_masks.tif,112,9234,607.2132034,259.5210665,46.62240875,5.566444838,0.98373098,-3.919817841,2077.020576,2444.784492,8064,0.873294347,203.9619293,199.7936554,151.6417389
32275,B-20-2-04_masks.tif,113,11506,809.3969696,297.4231183,60.50837423,4.915404223,0.979086985,19.67767147,1660.007474,2461.078655,7574,0.658265253,195.0183563,191.3739166,151.0819855
32276,B-20-2-04_masks.tif,114,11345,697.3553391,274.2980706,56.84194426,4.825627874,0.978292903,-3.623060474,2031.029528,2460.963596,6911,0.609167034,207.2882385,201.1959229,160.2142944
32277,B-20-2-04_masks.tif,115,20626,1211.63961,490.7562814,68.938445,7.118760533,0.990084383,12.58757525,339.7172501,2644.570591,7534,0.365267139,187.25737,182.4062958,130.1079102
32278,B-20-2-04_masks.tif,116,12682,848.0832611,318.3507795,52.15480933,6.103958266,0.986488899,-13.99238995,1082.761079,2679.063633,7087,0.558823529,201.7131348,195.6998749,143.2709198
32279,B-20-2-04_masks.tif,117,12987,851.8406204,355.390726,53.27191268,6.671258984,0.988701657,-9.058836945,1030.946485,2719.84138,6040,0.465080465,206.6652374,199.1804657,153.0587769
32280,B-20-2-04_masks.tif,118,20512,1094.911688,445.7495289,61.72112685,7.221992721,0.990367196,6.565302386,487.2001268,2838.575858,5388,0.262675507,192.7609558,188.4558258,153.2845154
32281,B-20-2-04_masks.tif,119,12947,961.5979797,391.0322636,48.59339738,8.04702459,0.992248499,6.673544145,529.0606318,2820.385417,8819,0.681161659,194.9478455,190.0877686,154.1435547
32282,B-20-2-04_masks.tif,120,6161,566.0832611,214.9470421,41.67432924,5.157780484,0.981024888,-60.26210633,883.8956338,2685.805876,6040,0.980360331,208.4375763,204.6880798,158.5208588
32283,B-20-2-04_masks.tif,121,6814,507.7401154,180.8240837,50.08195382,3.610563684,0.960879989,-41.90581384,904.7522747,2763.053713,4046,0.593777517,207.4310455,200.7071228,136.3084564
32284,B-20-2-04_masks.tif,122,6046,603.6984848,254.0113509,35.90427212,7.074683205,0.989959815,-76.92715703,3851.675323,2924.050116,5941,0.982633146,192.1412201,185.7523956,137.3736725
32285,B-20-2-04_masks.tif,123,11435,726.2842712,297.3359154,50.52548674,5.884869886,0.985456603,85.88087839,2071.329777,2939.809532,6784,0.593266288,204.8496399,202.6886749,164.7256775
32286,B-20-2-04_masks.tif,124,6352,557.9411255,223.5864968,39.96521555,5.594527484,0.983895233,-76.15217483,3880.814232,2965.21631,4271,0.67238665,196.7787476,187.5446014,144.7358856
32287,B-20-2-04_masks.tif,125,3976,371.5563492,144.024624,37.62280004,3.828120816,0.965278,-79.16452736,4211.15669,2963.883048,3940,0.990945674,198.635788,193.0363007,129.4205627
32288,B-20-2-04_masks.tif,126,7395,530.0416306,219.9335838,43.8418417,5.016522465,0.979930128,-78.78430676,3853.975389,3026.68384,7108,0.961189993,208.4929657,203.4037628,158.9421844
32289,B-20-2-04_masks.tif,127,3694,444.0832611,167.8394088,29.0163055,5.78431354,0.984942656,-45.88603136,4261.327829,3064.674878,3694,1,206.1399536,203.4875488,135.9526215
32290,B-20-2-04_masks.tif,128,6699,557.9411255,226.812536,44.32891916,5.116581686,0.980715065,-71.78881696,3899.272727,3059.019704,6372,0.951186744,204.1403046,195.5353088,154.9328308
32291,B-20-2-04_masks.tif,129,7283,542.6690476,198.9580144,48.90454469,4.068292951,0.969319719,-26.72285771,2290.578882,3123.861595,6664,0.915007552,209.310318,203.9446259,153.3470917
32292,B-20-2-04_masks.tif,130,6251,547.9411255,224.6466116,39.13754971,5.739925296,0.984707056,-75.85950618,3912.069909,3098.50008,286,0.04575268,231.5909119,220.255249,199.6258698
32293,B-20-2-04_masks.tif,131,6544,585.254834,225.4228256,38.55552883,5.846705581,0.985264695,-67.02939124,3921.434444,3132.683527,4777,0.729981663,208.8187103,197.3089752,144.8976288
32294,B-20-2-04_masks.tif,132,6260,458.7695526,170.8637012,47.09590615,3.627994771,0.961262556,-23.82395236,3614.639776,3193.810863,5281,0.843610224,201.7218323,196.2707825,140.9808807
32295,B-20-2-04_masks.tif,133,6721,564.0416306,250.9359762,36.35750889,6.901902356,0.989448122,-80.24287803,3971.188811,3187.022913,6353,0.945246243,199.7434235,192.3881683,135.6683502
32296,B-20-2-04_masks.tif,134,2027,220.4852814,87.88587071,30.03180965,2.926426071,0.939804086,-80.11699638,4106.141589,3212.387765,2027,1,199.3729706,194.1904297,133.9797668
32297,B-20-2-04_masks.tif,135,2437,233.0710678,90.91344046,35.10225196,2.589960341,0.922454295,-88.43770624,4024.048831,3224.158391,2401,0.985227739,194.2132416,185.411911,130.6326599
32298,B-20-2-04_masks.tif,136,4459,335.2132034,120.9914723,48.03517537,2.518809838,0.917813029,-13.18227222,3217.14667,3347.419601,4288,0.961650594,203.7252808,200.5806885,142.7245789
32299,B-20-2-04_masks.tif,137,5031,432.3847763,186.3279496,36.01747099,5.173265763,0.981139405,-79.20404603,3647.460545,3346.145299,4379,0.870403498,213.0132446,207.2881927,153.4827576
32300,B-20-2-04_masks.tif,138,10385,678.5269119,276.5689065,50.09222955,5.521193786,0.983460958,11.05355226,1303.902455,3493.85922,6013,0.579008185,201.8592987,197.4174347,151.0234528
32301,B-20-2-04_masks.tif,139,11507,712.7695526,284.0735319,57.2663513,4.960566291,0.979470019,8.53234343,1262.754845,3504.658469,6505,0.565308073,201.8730164,195.1747894,158.4328918
32302,B-20-2-04_masks.tif,140,5493,448.7695526,160.1497789,50.08879144,3.197317689,0.949831474,-36.28909986,3860.316221,3444.194611,2432,0.442745312,197.7462921,187.2717896,143.6920166
32303,B-20-2-04_masks.tif,141,2617,258.9705627,93.80627609,36.37778701,2.578669122,0.92174483,-13.39595812,3187.269775,3439.456248,2562,0.978983569,206.7767334,201.5148315,125.3403625
32304,B-20-2-04_masks.tif,142,6507,568.9116882,205.5808631,42.68956522,4.815716956,0.978202466,-32.10493802,3900.248809,3491.452897,6386,0.981404641,198.0562134,191.0197296,152.0338287
32305,B-20-2-04_masks.tif,143,7474,467.2132034,187.3637592,51.46861448,3.640349776,0.961530304,-2.034544391,3413.860048,3521.212202,6496,0.869146374,200.723526,195.4630585,147.0529633
32306,B-20-2-04_masks.tif,144,7795,521.4558441,208.1195957,48.65085037,4.277820307,0.972293389,-3.524301495,3461.18576,3527.130597,7145,0.916613214,202.7613678,199.204483,156.4156799
32307,B-20-2-04_masks.tif,145,5167,472.2842712,176.8498979,38.84121375,4.553150659,0.975583662,-78.59775801,2655.766209,3493.447261,4961,0.960131604,198.8468018,196.6024933,141.8639374
32308,B-20-2-04_masks.tif,146,6075,580.8111832,221.5575501,36.41494106,6.084248488,0.986400615,-36.8013117,3925.767243,3550.63177,5330,0.877366255,201.110321,195.9290771,151.4020691
32309,B-20-2-04_masks.tif,147,7731,719.0538239,258.3040343,46.13055893,5.59941263,0.983923551,-54.49286203,841.5961713,3582.039064,5421,0.701202949,202.7445068,198.0706482,139.5511932
32310,B-20-2-04_masks.tif,148,4756,431.7989899,152.2946571,44.9791689,3.385893088,0.955391271,4.177477868,3632.62889,3589.276913,3688,0.775441548,195.8240204,192.9612274,136.7833557
32311,B-20-2-04_masks.tif,149,5900,477.8406204,177.2218538,44.38337921,3.992977933,0.968132213,-29.50004045,3958.280678,3568.864576,5311,0.900169492,212.1728516,202.3648987,149.7237854
32312,B-20-2-04_masks.tif,150,4822,338.1421356,126.9724985,50.14796436,2.531957183,0.91870202,-0.287519861,3588.868519,3592.399834,4395,0.911447532,199.3572235,193.4748535,145.0548401
32313,B-20-2-04_masks.tif,151,3195,300.0416306,100.381183,42.87641433,2.341174852,0.904187403,-41.33382224,3985.304225,3612.936463,2642,0.826917058,200.7861481,189.3398895,139.5938721
32314,B-20-2-04_masks.tif,152,3265,373.1126984,135.9089134,32.85946568,4.136065838,0.970332178,-59.08160595,4136.146401,3612.517305,3005,0.920367534,197.7031555,191.5414276,143.43927
32315,B-20-2-04_masks.tif,153,8132,562.8700577,221.2623219,48.11489789,4.598623953,0.976070046,-80.03535574,1035.626537,3614.790457,5914,0.727250369,196.879776,192.7450104,132.9846191
32316,B-20-2-05_masks.tif,1,3971,537.5563492,238.8220005,22.46269321,10.63193974,0.995566888,89.86706253,1738.057668,11.29639889,0,0,,,
32317,B-20-2-05_masks.tif,2,2797,261.5563492,82.62576444,48.86084641,1.69104243,0.806414123,49.26205669,3518.250626,29.72720772,2093,0.748301752,203.6598206,203.620636,133.0735779
32318,B-20-2-05_masks.tif,3,6212,464.2842712,177.0438092,46.6125636,3.798199358,0.964718739,-78.78474937,3760.946072,27.8757244,5467,0.880070831,209.8509216,202.2061462,135.6500854
32319,B-20-2-05_masks.tif,4,7649,640.6690476,253.3189473,44.40690881,5.704494055,0.984514995,69.31757167,102.8296509,46.21754478,3422,0.447378742,188.3042145,184.739624,124.8947983
32320,B-20-2-05_masks.tif,5,13792,866.6101731,314.2475003,62.24884003,5.048246684,0.980184123,34.04460208,1978.378045,110.2050464,6549,0.474840487,180.4638824,178.8408966,134.1568146
32321,B-20-2-05_masks.tif,6,12065,689.3969696,251.8243065,62.41206217,4.034865982,0.968801053,60.40731401,3383.311231,68.90658931,9198,0.762370493,202.8075714,197.0682831,142.3360443
32322,B-20-2-05_masks.tif,7,10072,751.2964646,264.0827499,54.5580057,4.840403282,0.978426682,52.35485285,3488.859809,80.33776807,4791,0.475675139,190.9553375,186.8275909,133.7559967
32323,B-20-2-05_masks.tif,8,4213,479.8406204,189.5109622,31.79833421,5.959776412,0.985822501,-36.17075964,3892.934014,75.71065749,3613,0.85758367,210.2139435,201.3910828,140.505127
32324,B-20-2-05_masks.tif,9,7301,548.7695526,217.0562,44.07638691,4.924546117,0.979165384,-71.26550917,3796.095329,60.56115601,6601,0.904122723,207.9884796,201.0595398,133.9200134
32325,B-20-2-05_masks.tif,10,7291,570.9116882,209.1785157,45.40781292,4.606663528,0.976154517,-32.6644763,3946.095049,119.5779728,5964,0.817994788,212.8323212,204.2773285,140.9240417
32326,B-20-2-05_masks.tif,11,4206,408.627417,148.2488517,43.22057023,3.430053118,0.956558433,-88.18417207,754.7346648,55.2998098,4151,0.986923443,184.544693,186.1623688,130.6000977
32327,B-20-2-05_masks.tif,12,5124,454.0832611,162.6174693,40.93066341,3.972998621,0.967805552,-36.79655048,3909.413154,103.2062842,450,0.087822014,217.2377777,205.8666687,188.2799988
32328,B-20-2-05_masks.tif,13,4433,364.8700577,127.1489518,45.97169808,2.765809337,0.932349688,69.59004437,3430.558989,152.1240695,3155,0.711707647,193.7581635,189.3004761,161.5347137
32329,B-20-2-05_masks.tif,14,11539,735.9827561,278.372459,54.15124758,5.140647196,0.980896959,25.12237767,3789.503683,282.622151,10747,0.931363203,201.8399506,195.3493958,149.276535
32330,B-20-2-05_masks.tif,15,11618,795.882251,305.3612461,50.68089237,6.025175008,0.986130755,27.07448231,3747.947409,302.7576175,10674,0.918746772,200.7210999,193.9303894,150.3135681
32331,B-20-2-05_masks.tif,16,9464,602.5269119,238.9455503,58.0455049,4.11652118,0.970045433,85.44499856,3557.823331,242.8061074,7949,0.839919696,201.8713074,197.4087372,147.3756409
32332,B-20-2-05_masks.tif,17,10774,808.4264069,307.0560213,48.74817706,6.298820587,0.987317224,13.10694586,202.1951921,391.3241136,6575,0.610265454,188.5350494,182.3005371,145.2567291
32333,B-20-2-05_masks.tif,18,9899,902.6690476,342.1932292,39.92851356,8.570146962,0.993169078,12.74131345,256.054753,418.2714416,7373,0.744822709,192.9976959,188.7155914,144.9834595
32334,B-20-2-05_masks.tif,19,9208,653.254834,257.1055245,46.77413982,5.496745113,0.983312253,68.07411775,3913.301151,271.2862728,8136,0.883579496,197.6018982,196.319809,152.4617767
32335,B-20-2-05_masks.tif,20,6538,533.0121933,208.760768,41.10785562,5.078366772,0.980420825,-67.6742238,3351.458091,271.8868155,5749,0.879320893,204.8987579,202.0895844,154.4946899
32336,B-20-2-05_masks.tif,21,16244,821.1126984,336.2129154,62.79782656,5.353894137,0.982401779,-87.37986674,2846.685238,264.3572396,7130,0.438931298,198.053299,194.8844299,145.4465637
32337,B-20-2-05_masks.tif,22,10222,778.0243866,286.0838102,46.80554978,6.112177115,0.986525458,51.67842778,1699.031305,387.9601839,5397,0.527978869,192.8816071,189.0127869,153.547348
32338,B-20-2-05_masks.tif,23,11006,680.5269119,265.6803586,54.88565617,4.840615511,0.978428594,-87.73795567,3427.601581,335.8776122,7858,0.713974196,196.4175415,192.8283234,127.4109192
32339,B-20-2-05_masks.tif,24,4003,420.8700577,163.1135995,33.03797786,4.937154453,0.979272787,71.92271321,4012.639021,365.2075943,3705,0.925555833,212.2418365,207.9835358,140.6483154
32340,B-20-2-05_masks.tif,25,10174,651.2132034,285.4790043,47.70952057,5.983690484,0.985936403,-2.221757466,1579.491449,504.7215451,1284,0.12620405,225.276474,223.6222687,171.0280304
32341,B-20-2-05_masks.tif,26,8295,544.3847763,227.0454364,51.56768656,4.402862559,0.973865623,-0.187370008,1539.660639,505.9696203,5705,0.687763713,208.1321716,198.2480316,160.5002594
32342,B-20-2-05_masks.tif,27,5742,476.0832611,175.7796576,42.97552358,4.090227249,0.969653026,-52.06683113,1358.44427,537.8559735,4186,0.729014281,201.5327301,196.5855255,139.1533661
32343,B-20-2-05_masks.tif,28,6326,411.7989899,162.210633,50.84776587,3.190123111,0.949598921,-12.50954521,1427.855201,587.871957,4832,0.763831805,198.0120087,192.1185913,147.044281
32344,B-20-2-05_masks.tif,29,7959,435.7989899,159.2432406,65.787447,2.420571825,0.910674092,1.461861868,1489.985174,607.8938309,3683,0.462746576,192.8047791,186.1077881,140.5709991
32345,B-20-2-05_masks.tif,30,15046,935.0538239,341.4615923,62.50335923,5.463091848,0.983104251,73.38624736,742.8069919,593.1916124,3575,0.237604679,178.5832214,176.4514618,118.8760834
32346,B-20-2-05_masks.tif,31,4992,380.3847763,147.9102401,46.71642399,3.166129329,0.948811444,81.89555416,1322.067308,620.7816506,4188,0.838942308,188.0749817,184.9340973,138.221344
32347,B-20-2-05_masks.tif,32,12560,765.3553391,295.9989458,55.26357771,5.356130712,0.982416605,81.03327725,685.0093949,635.2897293,7878,0.627229299,198.1077728,192.9907379,136.0110474
32348,B-20-2-05_masks.tif,33,6105,414.9705627,162.0639211,50.3392065,3.21943734,0.950536369,80.55797868,1307.904177,670.5941032,5140,0.841932842,196.0828857,193.757782,150.0317078
32349,B-20-2-05_masks.tif,34,17846,1023.012193,449.8658658,51.96716273,8.656733256,0.993305501,80.62573246,2569.159476,719.9479435,4842,0.271321304,188.6505585,185.6193695,139.6652222
32350,B-20-2-05_masks.tif,35,8580,542.3259018,180.8531864,61.9591357,2.918910736,0.939483719,41.11830731,1432.287063,752.448951,7031,0.819463869,192.4246979,187.7326202,134.4477386
32351,B-20-2-05_masks.tif,36,4230,406.1837662,147.8569015,37.6043111,3.93191358,0.967117736,-36.2107083,1068.907801,751.1562648,3953,0.934515366,197.361496,188.2706757,129.1699982
32352,B-20-2-05_masks.tif,37,4873,466.6690476,176.9518237,37.48939578,4.72005003,0.977299557,-38.01011349,1114.580341,792.7590806,4505,0.924481839,200.7613831,195.9034424,133.447052
32353,B-20-2-05_masks.tif,38,20774,1084.325902,439.1600136,65.49954024,6.704780095,0.988814986,-83.378849,2817.219216,791.6022432,6345,0.305429864,206.6319885,195.4469604,153.0717163
32354,B-20-2-05_masks.tif,39,10245,722.2253967,266.0453688,53.83063766,4.942266716,0.979316097,-59.71009509,2522.288921,833.7916057,5979,0.583601757,203.5982666,198.5761871,148.3483887
32355,B-20-2-05_masks.tif,40,19934,1117.154329,445.6994746,71.61675246,6.223396891,0.987005911,3.753231071,2352.333049,1014.540885,6018,0.301896258,193.953476,186.9410095,126.6857758
32356,B-20-2-05_masks.tif,41,19972,1115.497475,460.4492973,64.89739877,7.095034716,0.990017622,-83.35880536,2805.396355,842.5186261,11022,0.551872622,202.0040894,193.3042145,155.0635071
32357,B-20-2-05_masks.tif,42,19496,1097.539105,403.6057102,74.63427266,5.407779774,0.982753808,-21.36591185,2250.839608,1022.339916,8884,0.455683217,203.4102936,196.6778412,152.4957275
32358,B-20-2-05_masks.tif,43,8636,537.6984848,209.9241512,54.26846412,3.868253038,0.966007343,-81.41840114,1773.153891,869.3331403,4879,0.56496063,191.9342041,187.8216858,140.8438263
32359,B-20-2-05_masks.tif,44,8796,467.0121933,156.2159858,73.06997177,2.137895801,0.883861002,52.15163514,1592.452365,929.4049568,0,0,,,
32360,B-20-2-05_masks.tif,45,9695,535.5979797,196.7680609,63.45607419,3.100854621,0.946572278,69.0299499,1782.707994,946.3732852,7283,0.751211965,194.0687866,191.6438293,154.35466
32361,B-20-2-05_masks.tif,46,14486,951.3969696,364.0433175,51.80403744,7.027315543,0.989823309,-74.87391382,2653.087947,993.5722076,7386,0.5098716,208.5175934,205.5213928,151.8712463
32362,B-20-2-05_masks.tif,47,16286,996.9116882,399.3741455,57.39214285,6.95869026,0.989620541,12.40316485,1860.207663,1209.212084,7507,0.460948054,193.8986206,188.4597015,139.1005707
32363,B-20-2-05_masks.tif,48,15905,835.1126984,337.7823519,61.62928941,5.480873707,0.983214639,-1.311523578,2414.166551,1199.202515,7378,0.463879283,192.7229614,186.679718,139.5742798
32364,B-20-2-05_masks.tif,49,24387,872.1837662,337.2315527,95.14495209,3.544397735,0.959374602,88.94912717,2603.277115,1086.44577,10648,0.436626071,200.9699402,194.1995697,152.9969025
32365,B-20-2-05_masks.tif,50,14422,904.2253967,332.6440082,66.14972934,5.028652596,0.980027821,70.94715204,1658.911177,1106.058522,7616,0.528082097,196.75,193.6964264,155.7874146
32366,B-20-2-05_masks.tif,51,14305,955.5391052,354.1995533,53.06815275,6.674427787,0.988712444,67.16046594,1674.543796,1162.090388,7842,0.54819993,191.3536072,187.1271362,153.7046661
32367,B-20-2-05_masks.tif,52,14248,1020.409163,367.2171593,53.11190555,6.914027195,0.989485295,30.99635466,2336.9242,1300.800393,6282,0.440903987,192.4118042,188.009079,141.1238403
32368,B-20-2-05_masks.tif,53,14520,1055.580736,391.3419948,54.74781914,7.148083721,0.990165972,31.5572697,2307.17562,1329.837052,7569,0.521280992,203.5593872,196.5390472,159.3310852
32369,B-20-2-05_masks.tif,54,17028,894.1837662,374.0093638,60.28851764,6.203658316,0.986922542,81.55325985,1540.290169,1239.31965,9767,0.573584684,200.3183136,193.652298,143.3847656
32370,B-20-2-05_masks.tif,55,7391,494.5269119,190.2440526,50.45191594,3.770799364,0.964194591,-72.88715618,1288.736842,1289.428494,5718,0.773643621,198.8805542,194.4010162,140.2292786
32371,B-20-2-05_masks.tif,56,8590,540.627417,216.1702912,52.07077006,4.151470988,0.970555285,88.37232437,1503.782421,1292.73993,7000,0.814901048,206.1711426,198.8761444,156.5595703
32372,B-20-2-05_masks.tif,57,9302,608.7695526,226.0689846,54.18398556,4.172247247,0.970852194,-81.28347677,1359.047839,1336.726618,6109,0.656740486,199.6564026,193.2761536,143.2193451
32373,B-20-2-05_masks.tif,58,12774,988.9949494,358.4646349,47.65141502,7.522644075,0.991125162,33.39752133,1805.486927,1462.317677,6636,0.51949272,196.408371,190.3597107,155.104126
32374,B-20-2-05_masks.tif,59,7780,525.6984848,204.3336042,49.67232508,4.113630757,0.970002672,-75.02555137,1489.233933,1348.013239,4570,0.587403599,204.3111572,197.2888336,153.8238525
32375,B-20-2-05_masks.tif,60,8319,726.3675324,275.771737,39.91548601,6.908890872,0.989469572,-36.13569677,1601.781103,1418.657531,6358,0.764274552,203.7904968,196.0643311,140.6748962
32376,B-20-2-05_masks.tif,61,10466,819.6812409,298.2746103,48.88379392,6.101707464,0.986478861,36.05996486,1843.748423,1448.375406,6302,0.602140264,193.6251984,189.4389038,155.0906067
32377,B-20-2-05_masks.tif,62,6461,559.1543289,216.7141729,40.54354754,5.345219795,0.982344102,-52.44370317,1524.34004,1424.148274,5502,0.851570964,208,200.7050171,149.7704468
32378,B-20-2-05_masks.tif,63,9460,632.7695526,247.7686247,49.81254551,4.974020544,0.979582088,-78.42740677,1404.491649,1410.305391,6494,0.686469345,196.1790924,187.2314453,134.7622375
32379,B-20-2-05_masks.tif,64,16052,1088.752309,403.7360384,61.94086019,6.518088983,0.988161196,28.34853845,1724.318403,1637.447919,7538,0.469598804,191.825943,184.8037872,157.4425507
32380,B-20-2-05_masks.tif,65,16889,878.4264069,361.6735049,60.97857613,5.931156938,0.985684354,82.06098217,2862.501747,1542.157558,8732,0.517022914,199.7486267,195.2315674,159.128952
32381,B-20-2-05_masks.tif,66,15630,961.0538239,346.1933261,59.6845433,5.80038494,0.985026614,19.353705,1690.88215,1687.716507,7605,0.486564299,196.72229,190.6177521,153.0061798
32382,B-20-2-05_masks.tif,67,18366,1112.551299,414.5406974,57.97517052,7.150314413,0.990172137,-55.29343676,2854.345421,1694.947403,9229,0.502504628,206.698349,200.6442719,140.2436829
32383,B-20-2-05_masks.tif,68,15392,1118.752309,397.6652499,60.57447354,6.56489816,0.988330414,63.1865538,1618.946531,1874.709265,7460,0.48466736,187.439682,181.3018799,149.8311005
32384,B-20-2-05_masks.tif,69,14041,921.1543289,354.0686702,53.3320734,6.638944403,0.988590765,74.34567061,2589.66726,1808.078912,6347,0.452033331,194.0869751,190.1145477,142.7956543
32385,B-20-2-05_masks.tif,70,14656,875.3553391,353.9238322,58.30951143,6.069744429,0.986335093,-85.85980166,2239.989356,1803.403384,7082,0.483215066,196.9594727,190.4785309,142.5930481
32386,B-20-2-05_masks.tif,71,13078,861.5979797,351.825878,53.39070552,6.589646541,0.988418415,79.64664278,3367.94204,1885.488913,5185,0.39646735,186.6098328,181.3201599,136.7315369
32387,B-20-2-05_masks.tif,72,7294,544.3847763,234.9775245,40.58540614,5.789704893,0.984970899,1.174760067,1488.162462,2035.988209,6178,0.846997532,201.9467468,197.7868195,164.3564301
32388,B-20-2-05_masks.tif,73,13610,955.5807358,336.9862561,58.2464903,5.78552037,0.984948985,-36.20245548,3288.640411,2069.95709,6322,0.464511389,206.7427979,196.4167938,135.3094025
32389,B-20-2-05_masks.tif,74,6717,468.627417,186.0130347,47.3685121,3.926934295,0.967032872,-2.676907075,1447.865267,2037.538931,5157,0.767753461,202.7942657,197.6063538,157.5231781
32390,B-20-2-05_masks.tif,75,3328,415.5979797,153.7724431,30.14009345,5.101923236,0.980602993,29.70570405,1313.092548,2407.387019,3122,0.938100962,178.0189056,165.9993591,131.7786713
32391,B-20-2-05_masks.tif,76,11773,910.8528137,321.0745034,48.80624061,6.578554289,0.988379097,32.80244435,5205.648178,2567.790538,6634,0.563492738,186.7987671,182.7897186,129.3304138
32392,B-20-2-05_masks.tif,77,6077,625.3969696,200.1901946,42.73391232,4.684574469,0.976950371,-42.93514379,5028.356097,2723.871976,4985,0.820306072,188.9422302,180.3350067,127.9077225
32393,B-20-2-05_masks.tif,78,9375,897.9238816,300.8049315,43.0683182,6.984366794,0.989697113,46.05290569,4938.522027,2906.18592,7608,0.81152,184.7705078,181.571106,129.5040741
32394,B-20-2-06_masks.tif,1,1636,230.1421356,88.34558743,25.568076,3.455308386,0.9572053,-78.43153784,1384.101467,14.2799511,886,0.541564792,204.5914154,211.1309204,138.9119568
32395,B-20-2-06_masks.tif,2,2382,228.7279221,74.42169453,42.79771272,1.738917569,0.818103936,-72.77095566,1643.077246,19.78967254,1705,0.715785055,206.3906097,201.1390076,133.3524933
32396,B-20-2-06_masks.tif,3,7656,658.2253967,255.6559385,40.27591999,6.347612631,0.987512679,-60.08043182,1891.767372,63.29310345,6908,0.902298851,197.1328888,192.5881653,135.2113495
32397,B-20-2-06_masks.tif,4,3988,355.1126984,122.7099338,43.59446414,2.814805417,0.934765878,-46.22554164,3486.837262,39.34027081,3262,0.817953862,209.2326813,203.7553711,142.6296692
32398,B-20-2-06_masks.tif,5,14700,779.6984848,333.6482181,58.21350529,5.73145727,0.984661481,2.770131611,4819.213197,154.5561224,6760,0.459863946,195.840683,191.4501495,147.5960083
32399,B-20-2-06_masks.tif,6,3102,294.3847763,102.5762148,43.27769065,2.370186885,0.906638808,-25.07077205,4875.730496,38.86395874,1194,0.384912959,205.7713623,204.1231232,131.8015137
32400,B-20-2-06_masks.tif,7,4471,409.4558441,155.9039582,42.10166088,3.703035816,0.962846665,-18.35972926,4926.879445,58.46141803,1335,0.298590919,202.7730408,199.0516815,125.6284637
32401,B-20-2-06_masks.tif,8,12951,799.3969696,277.331492,63.49938358,4.367467468,0.973434504,20.99585855,4743.59617,118.9687283,7772,0.6001081,190.1560669,185.0454254,141.9104462
32402,B-20-2-06_masks.tif,9,19181,1098.024387,414.7674224,65.04540849,6.376582636,0.987626595,21.41892539,4296.110526,218.6126375,8587,0.447682603,196.2190552,186.8418579,149.4247131
32403,B-20-2-06_masks.tif,10,5139,460.7695526,178.720605,39.65580555,4.506795475,0.975072353,-28.8053836,1464.273205,100.1247324,4690,0.912628916,198.9402924,190.4089508,129.0081024
32404,B-20-2-06_masks.tif,11,5300,429.6984848,163.6681015,43.6541759,3.749196911,0.963773013,66.91971345,3196.942075,70.15150943,4692,0.885283019,189.360611,188.9349976,141.9563141
32405,B-20-2-06_masks.tif,12,5328,407.6984848,146.4525955,47.64859894,3.0735971,0.945593084,-62.64084108,3536.213589,76.86674174,2079,0.390202703,192.8417511,187.545929,132.7912445
32406,B-20-2-06_masks.tif,13,13068,754.8111832,288.9345105,58.6998795,4.922233452,0.979145593,-26.51773912,4455.601546,162.1029997,7231,0.553336394,202.0647278,195.3216705,138.9716492
32407,B-20-2-06_masks.tif,14,20830,1097.580736,416.881576,66.46718831,6.271990536,0.98720778,27.11250189,4735.129045,227.6558809,7047,0.33831013,193.0256805,187.2330017,117.8151016
32408,B-20-2-06_masks.tif,15,6695,553.254834,212.1184495,42.47082453,4.99445094,0.979750513,-66.08556325,1270.434653,97.75683346,6439,0.961762509,196.9167633,192.5653076,144.8344421
32409,B-20-2-06_masks.tif,16,5973,465.8406204,173.3803387,45.1541682,3.839741614,0.965491601,-45.88720948,1959.41989,111.3050393,5541,0.927674535,202.8574219,198.0886078,141.1272278
32410,B-20-2-06_masks.tif,17,16762,1072.852814,416.3906001,57.909303,7.190392192,0.990281925,23.01370379,4234.479776,240.4064551,10021,0.597840353,202.5232086,198.2238312,153.9897156
32411,B-20-2-06_masks.tif,18,6749,471.3553391,173.0741209,50.45933285,3.429972438,0.956556343,72.31056179,3195.276337,122.041784,5547,0.821899541,198.5217285,194.2871857,150.1665802
32412,B-20-2-06_masks.tif,19,3800,311.4558441,100.5406268,49.22716696,2.042380926,0.871933325,-63.15908666,1330.485526,123.7157895,3589,0.944473684,198.0735626,193.1426544,145.6024017
32413,B-20-2-06_masks.tif,20,9413,583.7401154,205.5032178,59.04227196,3.480611619,0.957838902,-52.59088932,1814.357378,173.9254223,8360,0.888133432,203.516861,195.474762,131.3031158
32414,B-20-2-06_masks.tif,21,11458,747.7401154,267.4849206,58.43002722,4.577867465,0.975849861,-25.05022139,927.2658405,241.4639553,5346,0.466573573,205.876358,198.1552582,153.6011963
32415,B-20-2-06_masks.tif,22,23147,1296.249783,477.3169778,68.55241308,6.962803442,0.989632864,47.99320796,5039.207629,279.3596146,8942,0.386313561,186.2430115,185.5060425,133.8389587
32416,B-20-2-06_masks.tif,23,10942,740.4264069,288.7801069,50.12141384,5.761611352,0.984822846,-15.307148,846.9973497,288.6365381,8004,0.731493328,202.5146179,194.3973083,156.7436218
32417,B-20-2-06_masks.tif,24,9598,659.7401154,246.9432472,51.05343819,4.836956254,0.978395583,-26.12987366,976.0741821,252.4921859,8206,0.854969785,199.5453339,190.2245941,135.6562347
32418,B-20-2-06_masks.tif,25,5965,450.7695526,162.9949609,47.83421881,3.407497079,0.955968118,-63.46312578,1871.525063,249.1557418,5523,0.92590109,199.3757019,193.3838501,145.7332916
32419,B-20-2-06_masks.tif,26,8328,579.0121933,222.623058,49.15464501,4.529033989,0.975319642,-72.72920594,1922.052834,286.5786503,90,0.010806916,222.4666595,189.3888855,198.3000031
32420,B-20-2-06_masks.tif,27,16227,968.1665222,352.0935739,60.06418677,5.861955232,0.985341831,-31.50221069,5329.667899,405.0807913,8399,0.517594133,205.2200317,202.8724823,143.8452148
32421,B-20-2-06_masks.tif,28,8476,527.6984848,209.1772054,54.30470903,3.851916512,0.965713267,-75.54699212,1898.647829,339.4177678,6579,0.7761916,207.9989319,203.9378357,147.0649109
32422,B-20-2-06_masks.tif,29,13930,752.1837662,313.6716341,57.48139266,5.456924747,0.983065711,80.11237475,4521.179253,339.0139268,7412,0.532089017,190.5798645,186.2781982,141.9355164
32423,B-20-2-06_masks.tif,30,14085,866.9533188,315.1260653,61.47399394,5.126168728,0.980787838,29.31959141,3237.242244,465.5184949,9155,0.649982251,191.3424377,184.3531342,136.2039337
32424,B-20-2-06_masks.tif,31,2839,251.5563492,77.50694253,47.89315667,1.618330215,0.7862403,-69.30325814,1053.391687,344.8147235,2754,0.97005988,192.646698,187.9854736,125.1673965
32425,B-20-2-06_masks.tif,32,8449,567.5979797,221.4833354,50.01809742,4.428063978,0.974166187,-72.53390126,1075.356492,393.0007101,5506,0.651674754,194.4551392,190.4219055,135.2945862
32426,B-20-2-06_masks.tif,33,8965,837.6396103,281.0427171,43.83092057,6.411973863,0.987763653,24.83182333,3200.659007,554.9405466,4882,0.544562186,194.2298279,189.7634125,149.8801727
32427,B-20-2-06_masks.tif,34,21801,1025.355339,452.8081288,65.03556002,6.962469896,0.989631866,85.71164759,4648.386404,452.3667263,7657,0.351222421,195.2414856,188.7474213,130.8972168
32428,B-20-2-06_masks.tif,35,8474,584.627417,246.4868914,47.47395535,5.192044554,0.981276889,-89.33042266,979.5667925,477.0755251,7775,0.917512391,197.0090027,196.6803894,151.1885529
32429,B-20-2-06_masks.tif,36,10968,689.3553391,285.7315959,55.70342468,5.129515781,0.980813147,1.133078715,5311.312272,673.0835157,6521,0.594547775,201.9592133,196.246582,166.1734467
32430,B-20-2-06_masks.tif,37,6775,385.1126984,119.5784803,72.73558194,1.644016273,0.793732879,45.59521055,5187.589077,588.8336531,4949,0.730479705,193.3534088,190.0933533,136.5150604
32431,B-20-2-06_masks.tif,38,20001,1170.267027,459.3800204,63.63483429,7.219002383,0.990359176,-19.14793761,4687.904955,767.0297985,8485,0.424228789,205.697113,199.7004089,147.216507
32432,B-20-2-06_masks.tif,39,15268,1039.480231,399.6405439,61.90339524,6.455874389,0.987930517,37.70408894,5177.297878,713.768994,5898,0.38629814,198.2100677,194.4543915,153.8380737
32433,B-20-2-06_masks.tif,40,6324,470.1421356,203.3067563,40.16386972,5.061931474,0.980292198,1.945443799,5275.011069,655.4225174,4552,0.719797596,202.9786835,199.4738617,157.274826
32434,B-20-2-06_masks.tif,41,4391,333.4558441,112.9561365,50.65280512,2.230007523,0.893818466,-60.07921369,3434.132772,618.0692325,3007,0.684809838,201.4559326,193.4955139,145.385437
32435,B-20-2-06_masks.tif,42,6459,415.3553391,129.8224821,65.42781493,1.98420935,0.863715861,52.96678849,5197.676575,670.4655519,5216,0.807555349,202.2484589,192.6725464,152.3608093
32436,B-20-2-06_masks.tif,43,2134,271.2132034,99.63271991,29.08845842,3.425163289,0.956431481,-58.88519348,3348.010309,657.9756326,1504,0.704779756,202.1170197,201.002655,148.6781921
32437,B-20-2-06_masks.tif,44,10739,659.1126984,277.1328453,50.82271918,5.452932268,0.98304069,-10.30538644,3973.919359,786.9223391,5581,0.519694571,200.12883,192.9381866,151.7665253
32438,B-20-2-06_masks.tif,45,5651,490.4264069,175.9738875,45.45794542,3.871135968,0.966058843,-61.58333238,3025.37197,765.9739869,5022,0.888692267,201.2805634,193.9619598,143.4647522
32439,B-20-2-06_masks.tif,46,6907,596.0832611,225.4062377,40.75189933,5.53118361,0.983521146,-61.61992234,3043.581584,819.7598089,5458,0.790212828,210.5423279,205.7581482,165.4974365
32440,B-20-2-06_masks.tif,47,5668,425.0121933,150.8926278,49.36242668,3.056831642,0.944977232,-44.74069921,2914.414079,840.5418137,5050,0.890966831,209.817627,201.1316833,143.9176178
32441,B-20-2-06_masks.tif,48,5911,521.8406204,199.1098251,40.98312837,4.858336419,0.978587391,-63.31247488,3179.85823,845.5885637,116,0.019624429,222.870697,184.8879242,180.0517273
32442,B-20-2-06_masks.tif,49,17271,1147.137085,412.8217154,73.80251858,5.593599289,0.983889844,47.8449283,4857.30502,967.3708529,10672,0.617914423,195.7738953,192.7588959,149.2745514
32443,B-20-2-06_masks.tif,50,8730,663.882251,248.6744916,46.75115552,5.319108989,0.982168758,-51.19461996,3226.339061,915.1990836,7212,0.826116838,206.0740356,197.6755371,139.1055145
32444,B-20-2-06_masks.tif,51,9729,730.2253967,266.4345249,49.65116038,5.366128866,0.98248265,-65.63725904,3163.38596,897.7917566,8780,0.902456573,209.6546631,201.4258575,156.8354187
32445,B-20-2-06_masks.tif,52,6287,540.9116882,210.2048127,40.52815973,5.18663601,0.981237447,-55.54115719,3005.236043,895.117067,5960,0.947987912,208.2689667,199.4325562,154.7003326
32446,B-20-2-06_masks.tif,53,18554,1125.722871,397.9039444,69.49836936,5.725370941,0.984628597,37.17632332,4569.640185,1056.962488,10507,0.566292983,199.798996,193.7751007,149.5579071
32447,B-20-2-06_masks.tif,54,16884,1040.894444,362.423874,67.1227835,5.399416638,0.982699871,38.62109832,4620.527837,1041.120706,9099,0.53891258,200.9837341,191.1346283,154.1531982
32448,B-20-2-06_masks.tif,55,5809,377.7989899,146.1245319,52.0666387,2.806490596,0.934365172,82.819703,3674.662248,961.9058358,5267,0.906696505,201.0630341,193.1044312,147.074234
32449,B-20-2-06_masks.tif,56,10701,654.7695526,263.4684753,53.61478676,4.914100965,0.979075773,-77.70671175,4049.145127,996.842725,9331,0.871974582,203.4322205,197.9544525,146.9574585
32450,B-20-2-06_masks.tif,57,3095,292.9705627,110.5661049,37.22455993,2.970246126,0.94162183,-78.28907453,3021.996769,996.0736672,2883,0.931502423,202.5369415,197.9226532,147.3024597
32451,B-20-2-06_masks.tif,58,8386,618.627417,270.4513031,40.52211342,6.674165789,0.988711552,86.3453016,3662.883973,1004.245051,6721,0.801454806,205.3158722,200.6829376,165.4444275
32452,B-20-2-06_masks.tif,59,10386,644.2253967,227.679445,65.67413603,3.466805333,0.957494959,56.74849785,4769.569035,1057.099076,5924,0.570383208,189.3327179,182.6220398,135.2417297
32453,B-20-2-06_masks.tif,60,2148,211.8994949,69.35296696,40.66392122,1.705515968,0.810070253,80.0937636,2947.871043,1009.610801,1991,0.926908752,201.3108978,195.9728851,140.3435516
32454,B-20-2-06_masks.tif,61,11600,746.6690476,282.7339439,57.99008189,4.8755569,0.978740022,75.46736498,3234.486724,1059.194052,11141,0.960431034,202.3865051,195.6203156,155.2910004
32455,B-20-2-06_masks.tif,62,9912,746.1837662,301.0943228,43.06758382,6.991205357,0.989717363,79.09075229,4146.43069,1079.445218,0,0,,,
32456,B-20-2-06_masks.tif,63,6815,434.3847763,175.9482806,50.0611892,3.514664423,0.958669456,-89.62842298,3836.67909,1069.902568,6050,0.887747616,202.2494202,196.324295,160.4188385
32457,B-20-2-06_masks.tif,64,7915,692.3259018,264.6873259,40.54026053,6.528999134,0.988200965,66.9729775,3153.213013,1130.811623,141,0.017814277,236.2340393,218.7801361,218.9929047
32458,B-20-2-06_masks.tif,65,11207,740.1837662,283.0571871,52.06296938,5.436823725,0.982939172,77.6381076,3252.594896,1116.679932,4293,0.383064156,201.5129242,194.2459869,171.8518524
32459,B-20-2-06_masks.tif,66,7700,608.6690476,203.6529915,49.83234411,4.086763228,0.969600752,63.73931308,5098.76961,1127.084805,3215,0.417532468,193.7085571,187.1203766,139.1082458
32460,B-20-2-06_masks.tif,67,6312,500.3847763,228.2065768,38.37321846,5.947027276,0.985761209,6.159750981,2888.590938,1189.421736,6045,0.95769962,201.4924774,194.0671692,138.6838684
32461,B-20-2-06_masks.tif,68,5803,421.7989899,169.7369967,44.85428905,3.784186536,0.964452139,-85.68791598,3840.674823,1113.055489,5408,0.931931759,206.5893097,201.5245972,159.2246704
32462,B-20-2-06_masks.tif,69,5908,449.6984848,171.7065272,44.93793483,3.820970587,0.965145578,-16.35995285,306.6051117,1175.197021,5162,0.873730535,205.0904694,198.9504089,151.9732666
32463,B-20-2-06_masks.tif,70,10369,759.4558441,335.0190745,43.73500676,7.660204018,0.991442408,7.001878597,2857.294918,1237.646928,5220,0.503423667,199.1243286,190.6766357,165.4827576
32464,B-20-2-06_masks.tif,71,10733,745.1543289,278.9212092,52.11188913,5.352352676,0.98239155,65.70234823,5057.078356,1156.110593,7385,0.688064847,210.1482697,203.614212,170.719574
32465,B-20-2-06_masks.tif,72,16105,1125.095454,412.1761162,58.49304672,7.046583129,0.98987917,65.81959942,5077.764794,1216.414654,7901,0.490592984,193.0341797,184.8641968,143.3661499
32466,B-20-2-06_masks.tif,73,7462,596.4264069,231.2813489,43.99149746,5.257410233,0.981743869,69.20163785,3111.226213,1158.613642,5858,0.785044224,195.9110565,188.0706787,160.9812164
32467,B-20-2-06_masks.tif,74,5379,481.9411255,193.6515987,37.05263379,5.226392266,0.981524485,-69.55448029,3884.411415,1145.881391,4303,0.799962818,203.4473572,195.7308807,148.3906555
32468,B-20-2-06_masks.tif,75,6877,464.627417,189.3383192,47.30012959,4.00291333,0.968292798,88.28992847,4169.030682,1137.049876,4593,0.667878435,191.2479858,183.9793091,145.3542328
32469,B-20-2-06_masks.tif,76,10896,743.3553391,304.7447697,53.2258371,5.725504497,0.98462932,5.109585314,2812.132893,1272.854258,9706,0.890785609,205.4460144,197.9000549,161.5911865
32470,B-20-2-06_masks.tif,77,6297,525.6984848,210.7935987,39.23687747,5.372333688,0.98252345,-14.64115893,334.7919644,1217.153406,36,0.005717008,214.027771,203.3611145,187.777771
32471,B-20-2-06_masks.tif,78,6375,545.8406204,205.4688988,41.84586764,4.910135945,0.979041604,-22.23193329,378.4669804,1206.217882,426,0.066823529,214.3004761,205.8333282,195.9835663
32472,B-20-2-06_masks.tif,79,6414,556.0832611,210.3812343,40.16948456,5.237339651,0.981602365,-26.12083729,405.9957905,1229.904272,5955,0.928437792,203.2404633,195.7605438,154.4718781
32473,B-20-2-06_masks.tif,80,3347,283.5563492,105.2456103,41.20753469,2.55403802,0.920162429,79.3481489,2726.203466,1180.264416,2278,0.680609501,189.1782227,186.6496887,138.3972778
32474,B-20-2-06_masks.tif,81,7289,622.2253967,214.3231945,46.15136544,4.643918818,0.976540156,39.43420167,2686.310331,1253.856633,6711,0.920702428,195.7360992,191.3868256,150.9624481
32475,B-20-2-06_masks.tif,82,13144,962.3086579,344.9406239,49.97600736,6.902124482,0.989448805,45.35797684,4543.307669,1300.093274,5744,0.437005478,194.724411,192.9312286,148.9724884
32476,B-20-2-06_masks.tif,83,13965,969.5807358,343.0976323,67.65706782,5.071127723,0.980364326,44.9081595,4579.420122,1276.160115,9774,0.699892589,199.4939575,190.1973572,169.0210724
32477,B-20-2-06_masks.tif,84,9187,770.1248917,283.0050743,44.44775947,6.36713926,0.987589634,-58.97894309,1601.248177,1256.555568,8744,0.951779689,207.3422852,200.5443726,157.8046722
32478,B-20-2-06_masks.tif,85,7235,532.6690476,201.8455135,47.67025783,4.234202262,0.971711268,34.5053914,2650.640774,1275.291776,6005,0.829993089,200.2494659,192.9532013,159.0198212
32479,B-20-2-06_masks.tif,86,11236,614.8700577,255.8482265,57.6780973,4.435795189,0.974257349,-5.981824305,2954.038359,1317.493325,9118,0.811498754,205.4266357,199.3110352,143.6799774
32480,B-20-2-06_masks.tif,87,15301,898.5685425,348.0243519,57.71532473,6.030016352,0.986153172,76.64802286,4758.80949,1251.757401,6790,0.443761846,211.4715729,205.8612671,166.2564087
32481,B-20-2-06_masks.tif,88,7867,600.2253967,222.6206252,46.5532896,4.782060025,0.977891077,-45.05113286,841.5223084,1307.694547,6861,0.872124063,205.9256744,201.394989,161.5838776
32482,B-20-2-06_masks.tif,89,10514,631.8406204,237.4540751,58.66738224,4.047463276,0.96899806,-22.98487854,396.9694693,1343.462716,715,0.068004565,213.5944061,203.0657349,181.6335602
32483,B-20-2-06_masks.tif,90,4807,396.5269119,146.9529259,42.87729999,3.427289637,0.956486755,-63.83893433,1635.328895,1281.47514,4631,0.963386728,205.6806335,199.6082916,155.9775391
32484,B-20-2-06_masks.tif,91,6683,472.5269119,169.4487458,52.07133963,3.254165285,0.951613184,-16.37569168,456.0580578,1335.19587,0,0,,,
32485,B-20-2-06_masks.tif,92,10522,741.0121933,287.7006983,48.96112206,5.876105086,0.985412863,76.93504934,4796.148071,1308.535069,7720,0.733700817,205.5481873,199.2084198,164.4071198
32486,B-20-2-06_masks.tif,93,12442,679.6984848,278.6430957,57.66382129,4.832199626,0.978352558,9.372921273,1117.837325,1396.33395,10140,0.814981514,195.178894,185.6401367,144.4964447
32487,B-20-2-06_masks.tif,94,6267,475.4974747,177.1906882,46.29566558,3.827371008,0.965264149,-42.27608752,869.708473,1337.618159,5815,0.927876177,202.8137512,197.2170258,147.2056732
32488,B-20-2-06_masks.tif,95,10622,733.1126984,301.6585394,48.53355455,6.215463553,0.9869725,9.015330519,1214.674826,1433.67492,10191,0.959423837,198.7468414,190.6773682,154.888031
32489,B-20-2-06_masks.tif,96,7927,674.9533188,252.1484986,42.53826302,5.927569221,0.985666893,-44.33891421,1632.052857,1386.23174,7213,0.909928094,209.5598297,202.5322266,163.1760712
32490,B-20-2-06_masks.tif,97,2236,238.3847763,76.18258686,39.1422652,1.9462999,0.85791273,-63.76168901,1550.402504,1328.010286,2140,0.95706619,210.8757019,205.7158813,171.0303802
32491,B-20-2-06_masks.tif,98,10324,830.8528137,305.2347926,44.4399154,6.868482755,0.989344635,57.26793925,2668.798237,1392.056373,9445,0.914858582,195.0664978,190.7497101,155.8473206
32492,B-20-2-06_masks.tif,99,8713,683.2964646,254.7337624,46.02003301,5.535279871,0.98354573,-43.19476551,1659.522553,1412.739585,8184,0.939286124,208.9762878,203.1406403,161.8952789
32493,B-20-2-06_masks.tif,100,6510,498.627417,213.6024516,40.17827981,5.316366272,0.982150188,8.822802268,1179.507834,1443.329647,6353,0.975883257,204.9677277,197.6031799,163.7734985
32494,B-20-2-06_masks.tif,101,6698,520.9116882,192.5483241,45.76554895,4.207276619,0.971342669,-38.02090002,4021.977755,1466.504778,5939,0.886682592,208.9365234,203.0697021,160.3461914
32495,B-20-2-06_masks.tif,102,7717,687.9411255,260.8821695,45.54490636,5.728020767,0.984642927,-8.437996526,2398.769081,1544.047557,6840,0.886354801,204.5109711,198.1307068,161.4162292
32496,B-20-2-06_masks.tif,103,7024,574.0416306,242.9003711,39.60630447,6.132871379,0.986616855,-8.08248171,2325.215404,1512.749288,6248,0.88952164,203.3794861,196.1363678,163.6073914
32497,B-20-2-06_masks.tif,104,6501,488.0832611,179.0650064,47.15669424,3.797234078,0.964700471,-41.39131067,4072.928934,1467.967543,5603,0.861867405,208.1567078,201.4642181,158.2641449
32498,B-20-2-06_masks.tif,105,10988,695.4974747,269.3121306,52.60637603,5.119381924,0.980736364,-22.10627127,1290.160721,1534.539407,9871,0.898343648,199.8921051,190.5819092,133.9398193
32499,B-20-2-06_masks.tif,106,7968,562.2842712,230.3382146,45.05199085,5.112719999,0.980685635,-11.20841544,2363.365085,1523.717871,7531,0.945155622,213.0479279,205.6266174,168.0524445
32500,B-20-2-06_masks.tif,107,11409,685.882251,245.1434978,60.07242189,4.08079931,0.969510434,-36.69369172,974.3756683,1545.221492,9428,0.82636515,204.951004,197.9172668,141.3164978
32501,B-20-2-06_masks.tif,108,14278,954.7106781,363.6140274,59.89983102,6.070368167,0.986337921,-20.88813958,5349.662068,1623.757319,8476,0.593640566,203.0618286,199.4410095,155.5244293
32502,B-20-2-06_masks.tif,109,5405,400.627417,157.9761393,44.33100326,3.563558857,0.959819432,-12.08031522,2443.746716,1561.410546,4895,0.905642923,202.9137878,193.7826385,150.3211365
32503,B-20-2-06_masks.tif,110,7218,542.6690476,203.7890678,45.89620557,4.440216033,0.97430926,-30.16838632,2159.542117,1570.885841,5405,0.748822388,211.5698395,208.1274719,171.7483826
32504,B-20-2-06_masks.tif,111,7887,554.0832611,192.4419241,55.23517226,3.484046781,0.957923825,-28.21151249,2210.329022,1588.609611,6929,0.878534297,206.092514,194.6490173,148.0839996
32505,B-20-2-06_masks.tif,112,13826,885.8406204,359.9427092,56.63797729,6.355147667,0.98754246,-89.51972491,4354.9391,1539.145595,6651,0.481050195,189.8873901,181.9043732,133.2790527
32506,B-20-2-06_masks.tif,113,9453,598.0832611,220.0459646,56.14405314,3.919310279,0.966902292,-27.27217776,2247.203533,1623.017561,7284,0.770549032,207.2939301,198.1501923,155.5238953
32507,B-20-2-06_masks.tif,114,7145,503.5979797,183.7978091,51.79667406,3.548448088,0.95946925,-63.18542091,2029.842407,1575.548915,6174,0.86410077,197.3590851,189.8151855,128.2550964
32508,B-20-2-06_masks.tif,115,10375,737.7401154,284.7852076,47.5055999,5.994771315,0.985988714,-22.94740666,5379.133205,1663.017735,4334,0.41773494,202.861557,191.3080292,153.8269501
32509,B-20-2-06_masks.tif,116,7028,563.4974747,201.2062294,50.74837463,3.964781747,0.967669738,55.47201271,1581.695219,1625.188674,6852,0.974957314,185.8274994,184.1941071,146.3724518
32510,B-20-2-06_masks.tif,117,14865,885.9827561,357.3860771,58.45028091,6.1143603,0.986535145,-72.80764678,4470.929566,1609.94699,7630,0.513286243,210.2089081,203.9650116,166.2850647
32511,B-20-2-06_masks.tif,118,5964,549.1543289,208.3817283,39.53408223,5.270938809,0.981838328,33.10807843,1488.933602,1672.054661,5903,0.989771965,193.8021393,186.1953278,155.7851868
32512,B-20-2-06_masks.tif,119,10851,615.1543289,212.8583286,66.67832257,3.192316788,0.94967,-49.72448147,955.0703161,1661.207078,6511,0.600036863,205.0625153,197.2839813,139.6092834
32513,B-20-2-06_masks.tif,120,6423,521.254834,199.1559304,45.32624394,4.393832648,0.973756644,35.6626108,1436.826716,1688.450568,5963,0.928382376,197.3115845,190.6862335,154.3147736
32514,B-20-2-06_masks.tif,121,11504,788.9116882,327.1255147,46.81471792,6.987663906,0.989706884,-69.44139222,4426.247914,1669.934631,9791,0.851095271,206.657135,197.4801331,154.3808594
32515,B-20-2-06_masks.tif,122,8388,691.1543289,261.3107799,46.60707369,5.606676396,0.983965519,-26.1122665,5388.558655,1733.65999,5044,0.601335241,208.1294556,199.6128082,148.2640686
32516,B-20-2-06_masks.tif,123,13985,876.3259018,325.4364421,66.01985668,4.929372138,0.979206593,-15.82272016,4151.373758,1766.072864,6568,0.469646049,208.6239319,203.0892181,149.6347504
32517,B-20-2-06_masks.tif,124,10822,696.7106781,252.7295425,56.03510079,4.510200552,0.975110458,-40.42198975,3252.450102,1730.608021,8823,0.815283681,208.6990814,201.9511566,147.82341
32518,B-20-2-06_masks.tif,125,9101,617.4974747,234.3920594,50.60360744,4.631923913,0.976417026,-64.83332946,3429.669047,1691.211515,7127,0.783100758,203.280899,197.2344666,145.0660858
32519,B-20-2-06_masks.tif,126,13859,854.0832611,295.483277,61.68478965,4.790212931,0.977967119,-78.69435735,3716.548452,1687.346273,7672,0.553575294,201.6016693,193.2924957,141.9975281
32520,B-20-2-06_masks.tif,127,10042,839.9238816,297.2334692,45.75015641,6.496884219,0.988083323,39.39368132,1644.934077,1760.016431,8690,0.865365465,193.4143829,185.9128876,161.6750336
32521,B-20-2-06_masks.tif,128,3391,302.0416306,103.9870828,42.9531405,2.420942488,0.910702784,-17.39578804,2151.262459,1701.07284,0,0,,,
32522,B-20-2-06_masks.tif,129,6810,602.8111832,219.8163397,42.86252463,5.12840393,0.980804745,41.07770986,1594.200441,1755.289427,6351,0.932599119,203.9396973,195.8690033,158.9880371
32523,B-20-2-06_masks.tif,130,7995,470.4264069,157.1984702,65.55355059,2.398016108,0.908901266,-46.9918299,978.0142589,1743.966354,7264,0.908567855,204.8561401,194.5368958,134.5010986
32524,B-20-2-06_masks.tif,131,9969,569.3553391,222.9723699,57.83413941,3.85537629,0.965775867,72.45472299,1883.364931,1731.868994,9130,0.915839101,193.8997803,185.8595886,140.5025177
32525,B-20-2-06_masks.tif,132,15693,1071.722871,367.7467441,57.92631204,6.348526794,0.987516298,35.08696323,5064.816542,1855.906901,4378,0.278977888,183.1306458,177.8684387,144.7633667
32526,B-20-2-06_masks.tif,133,9123,733.9827561,274.7646151,49.08304123,5.597954166,0.983915105,23.2478469,1282.5325,1835.776937,5419,0.593993204,194.6674652,185.4008179,154.51651
32527,B-20-2-06_masks.tif,134,16262,1129.195959,424.7145904,63.43294156,6.695489441,0.988783747,17.60990355,4950.081109,1917.861764,7591,0.466793752,200.3264465,190.8167572,160.5334015
32528,B-20-2-06_masks.tif,135,18658,1065.580736,368.6778363,67.26555466,5.480930592,0.98321499,29.29641955,5023.337014,1899.009594,12371,0.663039983,205.2787933,198.8070526,158.0668488
32529,B-20-2-06_masks.tif,136,10791,735.7817459,255.250402,56.95871368,4.481323147,0.974784489,-55.62397248,3334.821333,1810.256232,7013,0.64989343,207.3820038,197.2513885,134.7285004
32530,B-20-2-06_masks.tif,137,12724,969.9827561,374.5692234,44.9096566,8.340505176,0.992786359,17.98832463,4909.940978,1916.400267,6178,0.485539139,202.5257416,197.004364,151.3344116
32531,B-20-2-06_masks.tif,138,6814,518.9116882,187.3702684,47.73031159,3.925603294,0.967010132,-40.28791872,987.8388612,1808.981068,6583,0.966099208,206.2202606,198.3218842,153.671875
32532,B-20-2-06_masks.tif,139,7246,530.0832611,197.6453609,47.40793094,4.169035792,0.970806595,30.87556874,1441.895943,1830.479437,146,0.020149048,235.123291,237.0821991,207.4862976
32533,B-20-2-06_masks.tif,140,4282,393.0121933,134.7361858,41.70301163,3.230850255,0.950894219,34.23832606,1476.674685,1811.182625,0,0,,,
32534,B-20-2-06_masks.tif,141,15008,941.1543289,368.7872372,56.60281047,6.51535205,0.988151188,16.42372759,3607.452026,1929.565832,12654,0.84315032,203.764267,194.1933746,154.8473206
32535,B-20-2-06_masks.tif,142,18823,935.5979797,370.8177434,67.31362646,5.508806507,0.983385864,-85.36974958,4396.155501,1795.23211,8298,0.440843649,203.418045,194.6579895,147.8964844
32536,B-20-2-06_masks.tif,143,7628,584.3259018,216.4876351,46.80993972,4.624821916,0.976343663,31.59794013,1405.10527,1859.683272,5398,0.707656004,205.8942261,199.2947388,170.3184509
32537,B-20-2-06_masks.tif,144,12954,798.1837662,324.0302979,52.67205635,6.151844458,0.986699834,11.91408048,3556.237996,1942.038907,11103,0.857109773,201.1225739,191.9750519,156.6209106
32538,B-20-2-06_masks.tif,145,6777,529.7401154,192.3345203,46.52458611,4.134040437,0.970302656,-45.70159871,1009.012247,1847.951749,6186,0.912793271,207.5767822,201.5213318,151.8008423
32539,B-20-2-06_masks.tif,146,9171,697.0538239,254.9505454,47.0025037,5.424190741,0.982858916,34.04724091,1368.482063,1893.142405,7918,0.863373678,198.0674438,189.3528595,158.9924164
32540,B-20-2-06_masks.tif,147,8455,545.3553391,205.0995242,54.21062383,3.783382475,0.964436749,11.13003128,3658.633708,1909.49178,5163,0.610644589,209.8700409,205.3912506,166.0846405
32541,B-20-2-06_masks.tif,148,12186,743.3553391,300.5810299,56.61619764,5.309099558,0.982100846,-83.18071881,4356.783686,1866.238552,6967,0.571721648,199.5349579,194.9925385,148.8995209
32542,B-20-2-06_masks.tif,149,7294,644.7695526,255.8186533,39.99965931,6.395520805,0.987700222,-11.43220144,1133.389635,1983.614341,0,0,,,
32543,B-20-2-06_masks.tif,150,4195,344.8700577,115.6355999,50.31978782,2.298014457,0.900353974,-61.80158166,1949.010727,1886.335876,3504,0.835280095,193.9406433,182.2728271,125.3821335
32544,B-20-2-06_masks.tif,151,9919,579.9411255,221.0375705,58.27738825,3.792853063,0.964617381,-76.28147103,3326.97651,1895.861881,7800,0.786369594,206.5856476,199.0884552,157.3096161
32545,B-20-2-06_masks.tif,152,3837,390.3847763,160.357828,32.51047947,4.932496556,0.979233206,13.73900885,3512.182695,1927.374511,25,0.006515507,223.8000031,200.1199951,206.0399933
32546,B-20-2-06_masks.tif,153,4961,387.1126984,136.5425952,47.62738592,2.866892494,0.937193561,-63.66474709,1851.045152,1928.76416,4558,0.918766378,201.1625671,191.7904816,135.131424
32547,B-20-2-06_masks.tif,154,11251,600.4264069,230.1149458,63.7858587,3.607616962,0.960814753,-19.57598501,1188.996534,1991.901609,8060,0.716380766,200.4375916,189.1808929,131.2744446
32548,B-20-2-06_masks.tif,155,5121,430.2842712,172.0401363,42.45526691,4.052268396,0.969072712,-87.35715175,2082.437024,1919.901386,4861,0.949228666,199.0314789,192.9004364,148.2110748
32549,B-20-2-06_masks.tif,156,8212,527.6984848,208.0946477,51.21067947,4.063501008,0.969246167,-77.00031777,3333.584998,1949.079761,1327,0.161592791,225.1733246,216.3217773,189.030899
32550,B-20-2-06_masks.tif,157,6326,476.0416306,196.2618903,43.13986458,4.54943223,0.975543232,-80.15572704,3325.714037,1992.626146,6100,0.964274423,210.3563995,202.0518036,162.4634399
32551,B-20-2-06_masks.tif,158,9390,584.0416306,242.7253158,49.83254582,4.870819096,0.978698193,-8.952308632,3115.98967,2092.749947,7527,0.801597444,200.5589142,193.6295929,142.748764
32552,B-20-2-06_masks.tif,159,5506,390.627417,146.1299417,50.7941984,2.876902211,0.937644361,-78.10106312,3345.765892,2031.333636,4475,0.812749728,204.4549713,193.6196594,145.4125214
32553,B-20-2-06_masks.tif,160,12657,763.3553391,312.2295118,54.13142041,5.767990372,0.984856656,6.499868035,3790.789761,2201.081378,8003,0.632298333,196.4949341,190.9257813,160.2190399
32554,B-20-2-06_masks.tif,161,6637,462.2842712,177.1919417,50.34509942,3.519546961,0.958786512,81.34815896,1541.598614,2094.427754,5985,0.901762845,191.9882965,184.4832153,138.7856293
32555,B-20-2-06_masks.tif,162,5067,354.0416306,120.626303,55.20240643,2.185163852,0.889141907,76.16436186,3355.767515,2102.099467,4191,0.827116637,191.597229,181.2958679,138.5499878
32556,B-20-2-06_masks.tif,163,7480,507.1126984,201.4627847,49.07205484,4.105448312,0.969881121,71.65536668,127.2780749,2127.51377,5885,0.786764706,188.8212433,184.6052704,145.1147003
32557,B-20-2-06_masks.tif,164,8662,634.2253967,237.8643593,47.64977354,4.991930531,0.979729848,-51.87981017,1225.07631,2162.501501,8219,0.948857077,206.1653442,200.9508514,153.1809235
32558,B-20-2-06_masks.tif,165,8784,585.7989899,263.7203282,45.41097907,5.807413397,0.985063109,4.55143503,1038.386043,2208.463342,7479,0.851434426,189.8416901,181.4777374,139.768692
32559,B-20-2-06_masks.tif,166,3082,300.2842712,101.2555551,40.6393699,2.491563115,0.915922806,-40.7266025,1179.514925,2150.364049,2623,0.851070733,202.9832306,196.9374695,156.0396423
32560,B-20-2-06_masks.tif,167,9803,680.9116882,256.97332,52.11354702,4.931027242,0.979220697,-67.34271888,1328.893298,2167.843109,3828,0.390492706,211.8581543,203.8751373,150.3210602
32561,B-20-2-06_masks.tif,168,7434,591.9411255,230.0882531,44.33622129,5.189622534,0.981259242,79.82503372,3354.875975,2161.11703,6804,0.915254237,197.0899506,189.9823608,151.7097321
32562,B-20-2-06_masks.tif,169,11726,702.5685425,262.958467,59.43417178,4.424364959,0.974122398,-24.45159068,3608.890926,2248.81298,7597,0.647876514,202.2065277,192.5739136,149.6438141
32563,B-20-2-06_masks.tif,170,2772,253.8994949,102.9144023,35.09885733,2.932129708,0.940045508,85.93012663,1650.902597,2155.285714,2772,1,194.5454559,188.0992126,156.1511536
32564,B-20-2-06_masks.tif,171,10781,745.9827561,266.2337539,54.34826215,4.898661768,0.97894225,-20.8679976,3661.640108,2253.98182,8520,0.790279195,210.0968323,203.3907318,159.5292206
32565,B-20-2-06_masks.tif,172,16281,994.8111832,382.2064591,56.44861882,6.770873532,0.989033488,16.96016847,3898.217738,2333.863583,5712,0.350838401,200.046051,195.2358246,154.6659698
32566,B-20-2-06_masks.tif,173,2737,243.3137085,87.59450957,41.310968,2.120369331,0.881804057,-87.15380157,1790.515163,2173.293022,2701,0.986846913,195.1177368,187.4875946,141.1925201
32567,B-20-2-06_masks.tif,174,9139,661.4974747,254.9788109,47.4474592,5.373919176,0.982533852,-66.73575807,1326.702922,2213.47062,333,0.036437247,234.4534607,228.1741791,203.4624634
32568,B-20-2-06_masks.tif,175,12641,851.3553391,353.7428936,50.20342261,7.046190782,0.989878037,5.965623035,3758.854679,2359.358991,6984,0.552487936,203.2961121,196.8818665,160.7615967
32569,B-20-2-06_masks.tif,176,8311,467.7989899,180.3750775,61.33910884,2.940621097,0.940402218,81.85255036,82.01864998,2214.096258,7989,0.961256167,196.0625916,192.8581848,163.1736145
32570,B-20-2-06_masks.tif,177,8001,542.0416306,226.3692431,45.80843352,4.941649948,0.979310879,82.66757055,1730.054493,2211.408324,7231,0.90376203,203.7908936,199.1817169,160.5654755
32571,B-20-2-06_masks.tif,178,5487,527.3553391,204.4630166,35.42260306,5.772105913,0.984878408,-69.00792731,1371.240204,2241.300893,5239,0.95480226,204.8018646,198.0041962,168.9423523
32572,B-20-2-06_masks.tif,179,7478,537.1126984,219.9217134,45.28286103,4.856621432,0.9785721,-11.03678153,3514.033565,2316.301551,6758,0.903717572,206.1635132,197.3190308,145.360611
32573,B-20-2-06_masks.tif,180,9719,745.7817459,286.5473307,45.76558634,6.261196537,0.987163348,-55.27755896,1996.662723,2295.522585,9609,0.988681963,206.5214844,201.2702637,155.1077118
32574,B-20-2-06_masks.tif,181,6226,441.4558441,173.5734256,47.31464369,3.668492713,0.962129858,-9.583510285,3478.112432,2294.801156,4917,0.78975265,199.852356,190.3912964,148.9959259
32575,B-20-2-06_masks.tif,182,6595,515.9411255,207.237994,41.91824301,4.943861649,0.979329582,-70.65787907,156.4304776,2262.774981,6171,0.93570887,203.3249054,198.5678101,162.9901123
32576,B-20-2-06_masks.tif,183,11694,704.1248917,242.387336,62.29620707,3.890884332,0.966408483,-47.04987237,3312.769454,2329.136309,9543,0.816059518,206.765686,197.3637238,145.7006226
32577,B-20-2-06_masks.tif,184,6194,440.2842712,172.1100996,48.41314565,3.555028231,0.959622305,-71.25763023,1384.091056,2289.825476,5757,0.929447853,202.2167816,195.9051514,143.4055939
32578,B-20-2-06_masks.tif,185,10065,677.0538239,250.3717895,52.16672019,4.7994543,0.978052837,-32.24367182,3363.893989,2364.095877,8161,0.810829608,208.9266052,201.4296112,149.1497345
32579,B-20-2-06_masks.tif,186,6538,492.1837662,187.5829495,45.77197873,4.098204943,0.969772899,-66.8948052,178.3744264,2304.204191,6040,0.923829917,198.9803009,194.7354279,150.1326141
32580,B-20-2-06_masks.tif,187,5311,362.1421356,143.2589613,47.79981854,2.997060777,0.942693401,6.069537988,3844.413105,2342.780079,4488,0.845038599,204.0401001,198.6461639,149.0670624
32581,B-20-2-06_masks.tif,188,5901,498.6690476,184.861718,41.43444623,4.461546726,0.974557527,-53.16782353,2009.112354,2338.979495,5250,0.889679715,205.4558105,198.776001,153.7070465
32582,B-20-2-06_masks.tif,189,8483,642.7106781,245.2136353,45.69323636,5.366519311,0.982485222,-41.23972016,4333.954144,2370.613226,6679,0.787339385,201.8143463,191.7081909,135.0312958
32583,B-20-2-06_masks.tif,190,12771,901.7401154,349.0916911,48.31894545,7.224737374,0.99037455,73.150653,4661.837209,2348.263566,5763,0.451256754,191.3458252,183.1709137,140.7563782
32584,B-20-2-06_masks.tif,191,6294,510.0832611,184.7308893,44.62775322,4.139372386,0.97038028,37.07449755,1002.312202,2389.266921,5705,0.906418812,187.0217285,179.5449677,144.8748474
32585,B-20-2-06_masks.tif,192,8124,717.5391052,245.5963114,45.4830453,5.399733237,0.982701918,36.78867112,3093.279173,2433.100812,5868,0.722304284,194.7593689,188.8674164,147.9480286
32586,B-20-2-06_masks.tif,193,8516,652.7106781,256.0496144,45.51459099,5.625660009,0.984074427,-43.63720341,4358.466299,2402.996242,4406,0.517379051,203.7004089,192.3647308,139.3692627
32587,B-20-2-06_masks.tif,194,10339,671.4558441,289.9900971,46.59395121,6.223771318,0.987007485,-1.891705674,2473.397717,2566.42683,8735,0.844859271,205.9775543,198.6818542,156.9672546
32588,B-20-2-06_masks.tif,195,2914,256.627417,80.74348914,46.92280711,1.720772778,0.813807706,-47.252161,1249.309197,2462.572409,2889,0.991420728,198.5624847,191.0131531,137.9896088
32589,B-20-2-06_masks.tif,196,6094,513.254834,166.9711177,48.61446368,3.434597548,0.956675916,-58.80039423,4692.343288,2485.21956,3886,0.637676403,199.2681427,190.6145172,140.1013947
32590,B-20-2-06_masks.tif,197,5232,466.0832611,174.2294668,42.25646786,4.123143169,0.970143052,-40.84384284,1271.464641,2503.091361,2697,0.515481651,201.4282532,193.076004,136.4123077
32591,B-20-2-06_masks.tif,198,8600,549.4974747,182.2386321,61.59055123,2.958873212,0.941158143,-52.08943374,3312.125349,2514.136628,6050,0.703488372,200.0732269,188.4205017,115.903801
32592,B-20-2-06_masks.tif,199,5978,476.3847763,220.3074427,38.24858561,5.759884691,0.984813675,2.022139719,2554.117096,2569.250251,220,0.036801606,239.9681854,238.0636292,206.9590912
32593,B-20-2-06_masks.tif,200,9222,615.9827561,221.8712585,54.91771183,4.040067423,0.968882625,-54.50820201,4699.518217,2540.216331,6895,0.747668619,198.9327087,189.0913696,130.8243713
32594,B-20-2-06_masks.tif,201,3181,330.2842712,115.956761,36.68893838,3.160537376,0.948625239,-25.86183884,1197.171015,2529.49607,3041,0.955988683,206.7244263,202.3794861,156.7629089
32595,B-20-2-06_masks.tif,202,6516,455.7989899,186.5595575,47.79420752,3.903392633,0.966627135,4.860849999,2590.682014,2581.940915,4195,0.643799877,198.0662689,189.2143097,145.5368347
32596,B-20-2-06_masks.tif,203,5563,423.7989899,167.2671378,43.81036614,3.817980825,0.965089982,1.668927093,2513.457127,2600.610821,5387,0.968362394,206.4488525,199.3630981,169.808609
32597,B-20-2-06_masks.tif,204,7422,573.4558441,254.5273922,40.78595972,6.240564007,0.98707777,-8.909791237,2649.825249,2626.290218,6869,0.925491781,202.8539886,194.7942963,149.6238098
32598,B-20-2-06_masks.tif,205,7894,498.627417,205.1308384,49.97838706,4.104390927,0.969865359,-6.553566565,2731.681277,2623.167089,7894,1,205.1198425,198.2033234,160.2153473
32599,B-20-2-06_masks.tif,206,9426,593.6984848,245.7257281,50.46472137,4.8692576,0.97868438,11.58359238,2835.030129,2628.219605,8012,0.849989391,189.6947021,181.1179504,132.0258331
32600,B-20-2-06_masks.tif,207,8732,582.8700577,242.1962896,47.7503099,5.072140685,0.980372247,-9.884152116,2772.327073,2648.807948,8119,0.929798443,210.0197144,204.2294617,166.656601
32601,B-20-2-06_masks.tif,208,7616,489.2132034,204.4469778,48.42738683,4.221722276,0.971541317,-9.373532725,2683.851891,2650.179491,7197,0.944984244,210.6666718,203.3076324,160.3238831
32602,B-20-2-06_masks.tif,209,12117,877.4386002,303.9716516,55.28902438,5.497866077,0.983319115,-58.49529836,3883.129405,2668.100272,7801,0.643806223,203.2003632,195.1201172,138.2306061
32603,B-20-2-06_masks.tif,210,4760,405.3553391,143.1650384,46.19142801,3.099385417,0.946520182,-54.49216427,3025.57458,2621.483193,4475,0.94012605,202.5506134,197.2627869,157.7327423
32604,B-20-2-06_masks.tif,211,10016,706.0416306,303.5578738,44.0841728,6.885869793,0.989398665,84.86189877,3466.453874,2628.254892,6936,0.692492013,189.9681396,182.3206482,150.6451874
32605,B-20-2-06_masks.tif,212,4381,402.9705627,165.1705423,34.54161587,4.781783891,0.977888495,86.53042373,875.0015978,2630.16115,4098,0.935402876,190.1734924,185.2122955,151.5553894
32606,B-20-2-06_masks.tif,213,7580,523.7989899,229.2448356,44.41172699,5.161808629,0.981054777,2.620858367,2439.702111,2737.257652,5960,0.786279683,197.3565369,189.2046967,142.7234955
32607,B-20-2-06_masks.tif,214,5461,455.8406204,160.3539223,45.88075072,3.495015224,0.95819326,-31.39837992,2937.754807,2704.680645,4355,0.79747299,212.4094086,207.758667,163.2805939
32608,B-20-2-06_masks.tif,215,7901,571.1126984,226.607235,45.9614565,4.930375411,0.979215144,-75.01994964,3664.984053,2677.864574,7233,0.91545374,197.9971008,189.3771667,144.7667694
32609,B-20-2-06_masks.tif,216,7117,532.9705627,227.8440209,40.72024105,5.595350495,0.983900009,85.93207409,867.9981734,2675.763945,6601,0.927497541,197.6780853,192.3048096,152.4971924
32610,B-20-2-06_masks.tif,217,7276,464.0416306,185.7320884,50.7997449,3.656161833,0.961868912,-11.66382244,2341.829577,2746.095657,6289,0.864348543,200.8281097,194.9406891,143.2666626
32611,B-20-2-06_masks.tif,218,7607,525.9411255,202.9452661,48.46304376,4.187629384,0.971069118,-70.48928366,3306.818588,2720.328776,5638,0.741159458,200.8786774,194.5766296,147.7857361
32612,B-20-2-06_masks.tif,219,8660,558.5269119,212.9457246,53.53936307,3.977367537,0.967877413,-76.16903872,3671.185335,2724.822517,7414,0.856120092,203.2427826,195.4789581,152.2766418
32613,B-20-2-06_masks.tif,220,6577,468.3847763,196.6230383,43.73521592,4.495760092,0.974948253,5.407983916,4223.539912,2789.201612,5578,0.84810704,198.9625244,193.7167511,144.3085327
32614,B-20-2-06_masks.tif,221,4875,423.254834,147.6950525,43.85220347,3.368018955,0.95490533,-47.02873359,2979.521026,2748.872821,4573,0.938051282,207.5071106,197.9435883,139.4108887
32615,B-20-2-06_masks.tif,222,6257,713.7817459,264.6471822,31.34212316,8.443817953,0.992962423,53.68981157,4473.466198,2772.768419,5813,0.929039476,185.6662598,179.6316833,139.7144318
32616,B-20-2-06_masks.tif,223,5308,398.0416306,149.6890922,48.63509207,3.077800121,0.945745837,-69.793735,526.3492841,2736.02468,5077,0.956480784,199.1012421,192.5071869,142.7795868
32617,B-20-2-06_masks.tif,224,7371,512.3847763,228.9533708,44.2971243,5.168583162,0.981104886,3.817819262,4184.610094,2810.132546,6717,0.911273911,199.9535522,192.7841339,151.7519684
32618,B-20-2-06_masks.tif,225,6246,518.3259018,195.9509801,41.79634288,4.688232669,0.976986751,48.69815482,4421.318124,2775.60983,5043,0.807396734,199.8647614,190.458252,148.5833893
32619,B-20-2-06_masks.tif,226,3746,365.1126984,127.2766711,42.00667419,3.02991545,0.943966174,-61.72995071,955.4655633,2751.962627,3530,0.942338494,196.2045288,187.7617493,136.4915009
32620,B-20-2-06_masks.tif,227,11401,751.882251,291.4044449,53.53797598,5.442948478,0.982977879,31.45812221,4112.46645,2865.021752,7669,0.672660293,192.329895,186.1134491,134.5506592
32621,B-20-2-06_masks.tif,228,4646,485.6984848,201.6711114,30.61513899,6.587300205,0.988410115,-71.16178402,517.7709858,2787.973741,4514,0.971588463,200.719986,195.9098358,156.3721771
32622,B-20-2-06_masks.tif,229,5410,440.5269119,170.2761073,42.10436787,4.044143539,0.968946325,-23.77686301,3037.622551,2821.028835,4902,0.906099815,205.5911865,198.756424,149.9337006
32623,B-20-2-06_masks.tif,230,5286,422.627417,168.1030434,42.68821972,3.937925839,0.967219766,-13.3776662,3088.638479,2822.351495,4936,0.933787363,198.0212708,190.197525,144.9420624
32624,B-20-2-06_masks.tif,231,3683,363.1126984,128.3959159,38.4719828,3.337387537,0.954053734,-55.19510506,609.7874016,2791.755091,3683,1,200.6144409,196.0244293,150.5367889
32625,B-20-2-06_masks.tif,232,5327,466.9705627,205.6536253,34.03694289,6.042070992,0.986208755,-85.67248319,3342.80627,2776.538389,5085,0.954571053,192.127243,185.5758057,143.0542755
32626,B-20-2-06_masks.tif,233,6523,528.3259018,183.1360619,49.4292558,3.705013537,0.962887083,-54.96562377,852.4005826,2817.13828,715,0.109612142,212.2405548,209.9720306,172.2867126
32627,B-20-2-06_masks.tif,234,3043,352.5269119,121.5327507,35.73676238,3.400776752,0.955789894,-56.56440838,977.8632928,2811.101545,3013,0.990141308,196.325592,187.6309357,131.5685425
32628,B-20-2-06_masks.tif,235,5994,485.4974747,179.2175515,43.51780133,4.118258414,0.970071089,49.60510053,2823.999833,2856.125959,5064,0.844844845,197.5229034,190.7687531,157.2885132
32629,B-20-2-06_masks.tif,236,5482,429.6984848,156.2150531,47.28241169,3.30387236,0.953093786,-67.85575578,875.8454943,2858.837468,5225,0.9531193,207.4095764,201.4556885,150.6399994
32630,B-20-2-06_masks.tif,237,4082,415.5979797,157.8808171,34.57216765,4.566702867,0.975730163,54.98075508,2726.019843,2901.159971,3906,0.95688388,184.5243225,180.0773163,149.0271301
32631,B-20-2-06_masks.tif,238,5219,434.4264069,157.2494964,43.39234994,3.623899064,0.961173176,50.88518878,2820.739797,2907.119372,4826,0.924698218,197.2739258,189.2720642,157.4309998
32632,B-20-2-06_masks.tif,239,4328,427.3553391,162.7146742,34.95896153,4.654448161,0.976647446,61.49422675,2710.425139,2942.462107,3789,0.875462107,195.1132202,185.917923,154.7764587
32633,B-20-2-06_masks.tif,240,4103,377.4558441,146.5448635,37.00505508,3.960130938,0.967592483,-17.48668487,358.0865221,3084.841336,4042,0.98513283,199.8047943,194.3758087,149.9624023
32634,B-20-2-06_masks.tif,241,6140,566.5685425,175.619742,52.57022303,3.340669524,0.954146137,-46.53954674,4962.269218,3102.275896,3295,0.536644951,201.4394531,194.0770874,142.7119904
32635,B-20-2-06_masks.tif,242,6472,488.0832611,175.5680621,48.57199203,3.61459464,0.960968964,-47.25005787,4325.605532,3085.176916,5510,0.851359703,195.1219635,188.1386566,132.3097992
32636,B-20-2-06_masks.tif,243,3896,369.3553391,111.1380114,46.99201003,2.365040595,0.906211017,-54.19192946,4932.059035,3072.185575,3115,0.799537988,197.5094757,191.0449371,139.3698273
32637,B-20-2-06_masks.tif,244,4656,412.627417,166.5562434,38.17555939,4.362902498,0.973378123,-5.164532147,254.2686856,3128.472938,4565,0.980455326,197.8072357,191.8935394,150.3542175
32638,B-20-2-06_masks.tif,245,20375,1036.526912,444.9116292,61.18275962,7.271846381,0.990499454,-4.012882564,5255.497767,3279.549301,8206,0.402748466,193.0004883,189.4909821,129.8011169
32639,B-20-2-06_masks.tif,246,2355,268.627417,96.89135456,32.92769459,2.942548993,0.940482757,-36.3566506,474.4008493,3092.802972,2355,1,200.9465027,195.490448,157.8127441
32640,B-20-2-06_masks.tif,247,3828,357.5563492,148.7251006,33.67760005,4.416143085,0.974024665,-5.621552392,295.1792059,3137.131661,3828,1,194.4900665,186.0342255,140.0856781
32641,B-20-2-06_masks.tif,248,5177,520.9116882,198.7239694,36.92865026,5.381295227,0.982582125,-37.63304321,464.9576975,3159.224454,4874,0.941471895,203.5697632,195.3075562,148.4347534
32642,B-20-2-06_masks.tif,249,3478,310.2842712,100.8648274,46.94631726,2.148514159,0.885080519,-48.78855792,4864.29356,3130.821162,2929,0.842150661,201.6176147,194.2577667,143.4735413
32643,B-20-2-06_masks.tif,250,5844,571.7401154,205.7701966,39.25757327,5.241541425,0.981632125,-38.38300865,501.8827858,3188.689254,4188,0.716632444,209.5226898,205.3354797,165.1934052
32644,B-20-2-06_masks.tif,251,8198,601.9827561,228.0178509,47.60671856,4.789614951,0.977961555,-55.7608626,3326.612222,3156.899488,7700,0.939253476,202.4379272,195.6880493,149.8909149
32645,B-20-2-06_masks.tif,252,1988,248.0416306,86.25568415,31.2477812,2.760377884,0.932073493,-41.41914902,423.5528169,3164.452716,1958,0.984909457,208.6690521,197.7732391,147.9851837
32646,B-20-2-06_masks.tif,253,4640,396.1837662,130.7860909,48.71833777,2.684535165,0.9280306,-45.73879611,4883.160129,3187.921767,4010,0.864224138,203.2845459,197.6486359,154.3785553
32647,B-20-2-06_masks.tif,254,6236,509.254834,195.6209925,41.99145643,4.658590321,0.97668945,-57.67516783,3335.689545,3197.994708,5980,0.958948044,209.2685547,201.476593,161.1911316
32648,B-20-2-06_masks.tif,255,8462,669.3969696,263.5852875,44.58586665,5.911857441,0.985590049,-61.54601693,3371.698535,3227.825573,8201,0.969156228,205.7638092,197.8157501,154.7012634
32649,B-20-2-06_masks.tif,256,10318,795.2964646,299.4291937,47.09534468,6.357936135,0.987553454,-61.39034394,4952.055437,3229.076274,7025,0.680849002,196.4002838,187.5750885,141.4548035
32650,B-20-2-06_masks.tif,257,8238,589.3969696,211.2906519,55.28885327,3.821577759,0.965156853,-58.71197877,4981.609978,3260.471838,4248,0.515659141,201.5042419,191.3258057,140.0146027
32651,B-20-2-06_masks.tif,258,11967,791.5391052,276.8937213,59.41684457,4.660188931,0.976705631,34.01215261,5365.297318,3349.244589,6155,0.514331077,193.2594604,188.7203827,152.5777435
32652,B-20-2-06_masks.tif,259,5959,511.254834,195.5527563,44.59786508,4.384800841,0.973646956,-58.5197534,3392.579963,3263.716228,5311,0.891256922,204.260025,197.8367615,155.7900543
32653,B-20-2-06_masks.tif,260,4747,428.7279221,193.2087374,33.56263966,5.756660958,0.984796531,2.881093011,96.39266905,3317.689488,4692,0.988413735,193.2723846,184.486145,143.4837952
32654,B-20-2-06_masks.tif,261,8392,633.9827561,231.4699523,50.67051129,4.568139268,0.975745613,-63.62213771,4834.869757,3348.255958,4174,0.497378456,202.8648834,196.8248749,150.8893127
32655,B-20-2-06_masks.tif,262,17629,1025.053824,411.263285,56.17992904,7.320466436,0.990625829,-72.44439852,4888.138635,3405.74576,7692,0.436326507,194.6799316,185.6268921,130.471405
32656,B-20-2-06_masks.tif,263,5932,464.627417,195.6383238,41.06372704,4.764261256,0.97772369,77.73420101,2545.835131,3407.037761,5404,0.910991234,189.2192841,182.4354248,144.0708771
32657,B-20-2-06_masks.tif,264,18556,1028.526912,446.5787415,56.36660642,7.922753734,0.992002434,86.50107291,5013.543167,3484.936193,7760,0.418193576,187.3940735,179.4011536,129.2309265
32658,B-20-2-06_masks.tif,265,5023,643.882251,236.4624951,28.81392302,8.206535951,0.992548024,-54.11386522,777.9946247,3574.118654,4957,0.986860442,195.0141144,190.340332,143.0754547
32659,B-20-2-06_masks.tif,266,14747,814.2842712,339.0968389,59.33890005,5.714579115,0.98457003,-88.84104798,5296.531973,3537.343527,7895,0.535363125,191.5083008,184.881958,138.353775
32660,B-20-2-06_masks.tif,267,5025,501.254834,174.9184419,39.08889582,4.474888284,0.974710976,-55.25688557,820.4726368,3597.470448,4940,0.983084577,203.0313721,198.7202454,157.6805725
32661,B-20-2-06_masks.tif,268,2370,291.2132034,105.4575832,31.72734764,3.323870133,0.953670175,-54.43026427,855.1527426,3615.267511,2194,0.925738397,197.5779419,188.2064667,144.0638123
32662,B-20-2-06_masks.tif,269,1218,228.9705627,92.69905709,20.0109724,4.632411421,0.976422049,-55.83762978,908.2422003,3620.537767,1138,0.934318555,196.1783905,193.7715302,154.6924438
32663,B-20-2-07_masks.tif,1,12336,677.6396103,234.3330323,69.24568139,3.384081543,0.955342383,-39.727377,4800.783966,104.0553664,5106,0.413910506,204.2083893,196.7428589,136.8096313
32664,B-20-2-07_masks.tif,2,11980,875.1543289,339.1328095,50.2116365,6.754068043,0.988978542,-72.29279874,842.927212,101.1701169,0,0,,,
32665,B-20-2-07_masks.tif,3,7313,535.5563492,227.6871248,46.38003995,4.909161894,0.979033197,-2.847477956,4538.785177,197.2167373,4610,0.630384247,201.7386169,198.5713654,142.2030334
32666,B-20-2-07_masks.tif,4,6878,538.8700577,232.0982697,38.6576019,6.003948986,0.98603182,-79.82618546,5180.52777,99.28671125,5307,0.771590579,199.8479309,201.4827576,135.2227173
32667,B-20-2-07_masks.tif,5,6427,546.7695526,206.8589803,42.62722532,4.852743258,0.978537461,-70.00162796,853.1848452,138.4409522,0,0,,,
32668,B-20-2-07_masks.tif,6,15622,1061.4386,408.087432,49.8616836,8.184389345,0.992507488,24.01085073,4410.234285,290.9808603,7362,0.471258482,193.7618866,193.9881897,140.1073151
32669,B-20-2-07_masks.tif,7,17138,1095.23759,408.248325,58.05719438,7.031830066,0.989836439,60.03147059,675.0432956,246.2484537,6670,0.389193605,184.0154419,186.945282,138.5079498
32670,B-20-2-07_masks.tif,8,6362,527.9411255,208.6570042,42.70252878,4.88629152,0.97883434,-20.56423411,4643.3348,242.7852876,3878,0.609556743,205.9858246,197.0474396,143.6266174
32671,B-20-2-07_masks.tif,9,7747,709.0121933,270.624709,39.07166224,6.926367947,0.989522928,-14.49950763,4587.591455,319.6736801,5289,0.68271589,219.694458,213.8744507,143.6925659
32672,B-20-2-07_masks.tif,10,10246,721.3553391,291.962028,50.68496972,5.760327561,0.984816028,81.43288625,866.6341987,259.8071443,4403,0.429728675,198.0177155,198.9304962,154.0726776
32673,B-20-2-07_masks.tif,11,18506,1284.325902,501.4075107,60.09295827,8.343864657,0.992792187,-5.220543114,3175.858262,483.6994488,9193,0.496757808,205.0343781,201.2135315,149.1663208
32674,B-20-2-07_masks.tif,12,6464,539.1543289,190.2884596,44.43488582,4.282411355,0.972353608,-38.68046946,4724.220606,319.9874691,5179,0.801206683,213.318985,207.9598389,161.8422546
32675,B-20-2-07_masks.tif,13,6729,569.3969696,211.7797816,41.95416256,5.047884851,0.980181254,-39.53700404,4679.964779,314.9044435,5827,0.865953336,213.6305084,204.1781311,157.633606
32676,B-20-2-07_masks.tif,14,5405,423.5979797,140.9354626,51.11704852,2.757112679,0.931906629,-36.64465982,4978.174283,305.8821462,5119,0.947086031,204.6598969,197.7563934,144.6821594
32677,B-20-2-07_masks.tif,15,7033,446.1421356,181.2536562,52.44596022,3.456007964,0.95722301,-6.958877919,4527.461112,356.4537182,4926,0.700412342,208.2980042,204.7769012,151.6894073
32678,B-20-2-07_masks.tif,16,20483,1360.149278,506.9696511,57.13872754,8.872610101,0.993628334,-44.80148586,325.7518918,483.1616951,8473,0.413660108,206.7404633,203.7525024,142.8468018
32679,B-20-2-07_masks.tif,17,7757,615.1543289,228.4998157,44.84566914,5.095248217,0.980551633,-60.86790868,4713.468222,409.3497486,6609,0.852004641,211.1902008,207.131485,147.9564209
32680,B-20-2-07_masks.tif,18,5597,433.8406204,148.3217988,49.63746737,2.988101662,0.942338718,-40.27493392,4939.016437,437.9381812,5274,0.942290513,217.7047729,208.3938141,145.6342468
32681,B-20-2-07_masks.tif,19,8347,677.3553391,266.7411535,43.38434792,6.148326902,0.986684509,-10.40031802,2640.406014,608.1404097,5952,0.713070564,211.3166962,203.7975464,159.1386108
32682,B-20-2-07_masks.tif,20,16532,1162.166522,436.0796747,51.34332992,8.493404604,0.993044644,-26.84611376,515.2406242,687.7744979,6859,0.41489233,205.2494507,197.5174255,147.874176
32683,B-20-2-07_masks.tif,21,11224,638.8700577,249.2813176,58.83139175,4.237216054,0.97175208,-7.941204686,2682.966857,618.7769066,396,0.03528154,219.1691895,210.8661652,195.3989868
32684,B-20-2-07_masks.tif,22,10554,709.882251,261.1303844,56.57120602,4.615959297,0.976251629,-55.42059519,2841.415103,566.3816562,6112,0.579116922,209.2933502,200.7591553,146.6577301
32685,B-20-2-07_masks.tif,23,6308,560.8700577,234.0906828,37.96627557,6.16575314,0.986760174,-11.6716079,2725.540425,630.1428345,3263,0.517279645,214.1002197,211.5773773,171.0753937
32686,B-20-2-07_masks.tif,24,8153,697.882251,267.3722831,41.41385966,6.456106367,0.98793139,-56.6181736,2900.357782,633.5904575,7073,0.867533423,212.5229797,204.2552032,153.1273804
32687,B-20-2-07_masks.tif,25,18213,1057.053824,388.2001329,68.14961305,5.696292547,0.98447002,77.35341133,5082.928677,607.0870807,9136,0.501619722,199.4461517,195.2901764,148.6589355
32688,B-20-2-07_masks.tif,26,13230,841.3553391,361.1184297,47.30239012,7.634253339,0.991383877,-9.525863665,2535.7774,753.6269841,8108,0.612849584,206.3389282,201.6819153,152.22052
32689,B-20-2-07_masks.tif,27,5074,478.6690476,175.4639687,38.06395137,4.609715029,0.976186462,-47.50323236,2398.077454,645.0453291,4364,0.86007095,210.9488983,204.1182404,153.3361664
32690,B-20-2-07_masks.tif,28,6942,550.5685425,185.9997185,55.70521992,3.338999806,0.954099162,-48.59432426,2959.29444,665.0463843,5930,0.854220686,212.1298523,205.1814575,151.6529541
32691,B-20-2-07_masks.tif,29,15539,936.0832611,359.2568079,61.47620828,5.843834841,0.985250106,80.98515957,5057.201622,659.2800051,10212,0.657185147,205.0067596,199.9960785,146.2549896
32692,B-20-2-07_masks.tif,30,4549,404.7695526,148.2493726,40.50425414,3.660093878,0.961952416,-43.91753349,2437.458782,665.3992086,4202,0.923719499,210.9345551,203.8800507,152.8110352
32693,B-20-2-07_masks.tif,31,13349,968.7523087,365.2678091,47.87799621,7.629137349,0.991372267,59.53535829,757.7759383,717.3851225,7808,0.584912728,197.700058,196.0249786,151.765625
32694,B-20-2-07_masks.tif,32,7053,728.4680374,267.686694,37.37401648,7.16237427,0.990205369,-28.95936905,522.3241174,756.1467461,3409,0.483340423,210.2370148,205.1859741,165.2883606
32695,B-20-2-07_masks.tif,33,6840,522.8700577,207.5390249,44.14919486,4.700856394,0.977111631,-2.252063488,2590.889766,751.0095029,6312,0.922807018,203.1888428,198.6337128,145.3174896
32696,B-20-2-07_masks.tif,34,4188,384.5269119,134.1902584,44.12456681,3.041168856,0.944392286,-63.13349732,2855.385626,729.2631328,3849,0.919054441,217.8017731,212.2322693,155.2216187
32697,B-20-2-07_masks.tif,35,13349,853.9827561,330.0251889,53.00169419,6.226691315,0.987019747,71.76958226,720.7462731,761.6822234,7753,0.580792569,197.7738953,194.4344177,150.0430756
32698,B-20-2-07_masks.tif,36,9992,798.2253967,297.6148098,48.02008209,6.197715556,0.986897285,23.60313647,5280.420737,874.3730985,212,0.021216974,222.537735,188.7688751,202.613205
32699,B-20-2-07_masks.tif,37,13971,854.5685425,324.1704259,57.32459519,5.654997211,0.984240556,-70.3952115,2829.327249,805.5099134,7822,0.559874025,203.9308319,196.4740448,132.5694122
32700,B-20-2-07_masks.tif,38,12026,740.5269119,288.9895535,53.97300537,5.354335032,0.982404703,-6.573300016,5148.125561,929.0871445,5944,0.494262431,207.2685089,205.2392273,158.2666626
32701,B-20-2-07_masks.tif,39,2069,342.5269119,134.8242219,21.58558668,6.246029998,0.987100525,-34.55922666,5401.904302,853.7404543,1741,0.841469309,214.8828278,215.7610626,160.4319305
32702,B-20-2-07_masks.tif,40,10550,674.627417,269.6171795,53.1803671,5.069863075,0.980354431,0.90228294,5089.426066,946.1837915,8019,0.760094787,206.1580048,203.774292,160.9306641
32703,B-20-2-07_masks.tif,41,18372,1048.811183,408.4015956,78.31455768,5.214887343,0.981442103,-87.18379459,864.9515567,1041.145221,8664,0.471587198,202.8140564,196.8700409,148.3058624
32704,B-20-2-07_masks.tif,42,18174,1165.982756,442.6283246,72.17873146,6.132392682,0.986614752,1.660699037,1565.280125,1267.37097,2804,0.154286343,205.4008484,195.6929321,137.45578
32705,B-20-2-07_masks.tif,43,9481,551.4974747,197.7841104,62.22379439,3.178592889,0.949222806,-34.8379478,4231.892522,1154.450163,7398,0.780297437,211.3688812,202.1184082,139.3630676
32706,B-20-2-07_masks.tif,44,10848,655.6396103,233.0567678,60.42107439,3.857209926,0.965808974,-34.84636337,4289.686394,1172.205568,7330,0.67570059,212.9702606,202.7301483,140.297821
32707,B-20-2-07_masks.tif,45,10735,778.8700577,332.4978908,44.68812694,7.440407857,0.990926994,89.58467886,821.193293,1122.750442,3735,0.34792734,201.0230255,194.757431,155.2899628
32708,B-20-2-07_masks.tif,46,11329,869.2964646,330.2886948,50.59772911,6.527737522,0.988196376,-65.53789987,355.9722835,1234.651161,5889,0.5198164,203.6940002,200.0176544,144.5505219
32709,B-20-2-07_masks.tif,47,12638,993.0954544,372.204234,45.83552311,8.120431681,0.992388544,-62.24249313,371.0667036,1269.943266,5471,0.432900775,209.1798553,207.8269043,157.9067841
32710,B-20-2-07_masks.tif,48,9987,666.2253967,241.39365,56.42140111,4.278405805,0.97230108,-41.57455756,1968.62291,1268.582657,7796,0.780614799,213.0641327,205.947403,144.2192078
32711,B-20-2-07_masks.tif,49,19298,1038.526912,425.5263925,59.86197578,7.108458866,0.990055478,88.1561564,2833.950098,1219.497046,9818,0.508757384,204.1377106,200.5733337,145.1656189
32712,B-20-2-07_masks.tif,50,8680,640.4264069,238.8492092,47.73185302,5.003979399,0.979828349,-72.74839039,4728.970161,1285.468088,4113,0.473847926,207.147583,200.8179016,141.5672302
32713,B-20-2-07_masks.tif,51,7291,500.6690476,181.2058627,54.45773266,3.327458818,0.953772476,-48.18713026,2014.680702,1317.070361,5676,0.778494034,210.7253418,202.0519714,153.9667053
32714,B-20-2-07_masks.tif,52,13280,846.0832611,336.6589433,51.70205046,6.511520149,0.988137154,-16.16074062,111.6016566,1412.584789,7338,0.552560241,197.453125,190.8625031,142.197052
32715,B-20-2-07_masks.tif,53,18081,948.9116882,373.5921874,63.12822964,5.917989297,0.985620113,77.77706551,2847.506388,1339.787567,8009,0.442951164,200.239975,194.1403351,146.4458771
32716,B-20-2-07_masks.tif,54,9024,675.254834,262.4842638,44.56909762,5.889378016,0.985479023,-19.34217975,2572.766844,1440.587877,6805,0.754100177,214.2505493,207.7393036,169.3616486
32717,B-20-2-07_masks.tif,55,5834,426.7695526,148.7218025,51.44366477,2.890964381,0.938269418,-58.55563792,2048.71409,1367.409153,5202,0.891669523,211.3750458,205.821228,166.6882019
32718,B-20-2-07_masks.tif,56,15485,967.5807358,352.9409042,60.59540906,5.824548586,0.985151527,57.7443217,2812.655279,1413.062254,7052,0.45540846,198.2890015,195.4726257,147.9350586
32719,B-20-2-07_masks.tif,57,16048,957.5979797,419.3113702,60.46036318,6.935310145,0.989550071,82.4745145,407.4178714,1384.608425,6876,0.428464606,200.506546,192.9134674,146.5668945
32720,B-20-2-07_masks.tif,58,8337,557.5979797,210.6111001,53.92578107,3.905573473,0.966665037,-21.76932653,2607.267722,1470.638719,5611,0.673023869,213.732132,206.9310303,158.6121979
32721,B-20-2-07_masks.tif,59,12179,782.7106781,293.4338653,56.12179993,5.22851843,0.981539649,-29.65968573,3106.525084,1490.782741,6241,0.512439445,215.2807312,209.944397,153.6647949
32722,B-20-2-07_masks.tif,60,13476,876.8700577,359.5736595,49.20059249,7.308319705,0.990594495,85.47603879,380.7384981,1421.938112,6451,0.478702879,194.2771606,190.3307953,134.9562836
32723,B-20-2-07_masks.tif,61,17022,842.2842712,351.8636192,63.28649155,5.559853464,0.983692062,0.731892443,4524.687816,1574.887557,8344,0.490189167,198.8247833,192.823349,127.6181717
32724,B-20-2-07_masks.tif,62,17088,812.2842712,341.2532395,66.16064681,5.157948962,0.981026139,0.514649437,1030.968574,1562.280255,8031,0.469978933,196.8612823,188.2696991,135.7931824
32725,B-20-2-07_masks.tif,63,10313,688.2253967,252.2625492,58.01395371,4.348308175,0.973196655,-35.32121198,1772.432561,1524.770193,6984,0.67720353,212.242981,200.5932159,150.5274963
32726,B-20-2-07_masks.tif,64,2481,248.0416306,73.75580682,44.50524429,1.657238557,0.797428513,-51.28913465,4149.67634,1483.544942,2274,0.916565901,207.2216339,204.7937622,150.3799438
32727,B-20-2-07_masks.tif,65,9704,591.9827561,211.6543179,59.30991922,3.568615852,0.959935604,-35.34818093,1813.926731,1547.670445,5851,0.602947238,212.4691467,204.1319427,157.475647
32728,B-20-2-07_masks.tif,66,3019,311.6984848,109.504268,37.10941356,2.950848787,0.940827608,-43.40801092,4090.717125,1534.478967,2479,0.821132825,219.3775787,215.9608765,158.4864807
32729,B-20-2-07_masks.tif,67,11253,749.5391052,266.7992705,57.2902005,4.656979172,0.976673126,-37.62028571,2614.386475,1594.41109,8454,0.751266329,215.4369507,206.6797943,165.2531281
32730,B-20-2-07_masks.tif,68,8958,624.5685425,228.8436641,50.68965901,4.514602555,0.97515959,-32.64175563,2675.285666,1592.510159,8170,0.912033936,211.7308502,202.9929047,154.7036743
32731,B-20-2-07_masks.tif,69,17009,1013.84062,392.5830951,62.30422475,6.301067008,0.987326323,3.140954627,1986.042683,1723.611382,8165,0.480039979,201.1719513,196.4801025,150.5458679
32732,B-20-2-07_masks.tif,70,12015,744.2842712,317.0945253,50.66669932,6.258440545,0.987151967,2.632564357,1937.45335,1649.282813,6149,0.511776945,203.0395203,197.4828491,154.9157562
32733,B-20-2-07_masks.tif,71,8010,553.8406204,210.0967284,50.04112668,4.198481176,0.971220693,-63.17025162,2796.078777,1574.17578,5956,0.743570537,210.9315033,202.4796906,149.7167511
32734,B-20-2-07_masks.tif,72,4596,348.9705627,128.2249505,48.45727085,2.646144702,0.925843037,-6.167617585,1882.934508,1599.997607,3647,0.793516101,206.3803101,201.6720581,158.2667999
32735,B-20-2-07_masks.tif,73,8350,636.5685425,239.7203637,45.1476207,5.309700931,0.982104937,-62.18039396,2824.764311,1606.73521,7206,0.862994012,212.8999481,207.4011993,159.1429291
32736,B-20-2-07_masks.tif,74,10959,659.1126984,258.8032227,55.81713781,4.636626543,0.976465415,-80.50845071,3208.835478,1626.650516,7701,0.702710101,207.4600677,201.4562988,140.1484222
32737,B-20-2-07_masks.tif,75,10109,633.6396103,227.0494585,57.5244206,3.947009916,0.967373022,-39.59849464,1382.796617,1699.116134,7907,0.7821743,208.3738403,198.260025,145.3923035
32738,B-20-2-07_masks.tif,76,14820,996.0660172,326.7100828,60.47761151,5.40216577,0.982717629,-44.52164352,2168.324629,1774.324831,8095,0.546221323,210.0817719,203.8082733,146.4975891
32739,B-20-2-07_masks.tif,77,8769,475.2132034,182.5406709,63.07739575,2.893915779,0.938399398,-89.58464994,3365.057133,1688.750257,8180,0.932831566,207.9437714,201.3054962,152.4098969
32740,B-20-2-07_masks.tif,78,5883,403.7989899,160.572533,49.07474265,3.271999492,0.952152438,-88.39684857,3028.465409,1711.81795,4865,0.826959035,214.2045288,208.5025635,152.2561188
32741,B-20-2-07_masks.tif,79,5396,444.8700577,176.887003,40.43727653,4.374355005,0.973519231,-76.45866165,3622.854151,1722.407895,4797,0.888991846,207.8165588,203.9191132,147.7763214
32742,B-20-2-07_masks.tif,80,6069,477.4974747,169.715198,46.78461497,3.627585653,0.961253642,45.57458149,4140.056022,1750.387543,5046,0.831438458,200.5429993,196.8533478,149.7911224
32743,B-20-2-07_masks.tif,81,8663,658.5685425,245.6545374,48.22193978,5.094248355,0.980543922,61.83929922,2872.84278,1755.455154,6557,0.756897149,203.1572418,198.2934265,162.1145325
32744,B-20-2-07_masks.tif,82,12102,688.7695526,268.847201,59.08287738,4.550340351,0.975553115,89.16101879,3242.496447,1733.743018,8691,0.718145761,202.0056305,197.4703674,147.2815552
32745,B-20-2-07_masks.tif,83,5858,446.4264069,165.2563375,45.90048233,3.600318103,0.960652456,-49.95328299,1363.348583,1784.375726,5188,0.885626494,211.5894318,205.6181641,157.4945984
32746,B-20-2-07_masks.tif,84,6062,450.1837662,159.6358814,51.38892731,3.106425641,0.946769122,-57.36367197,59.08858463,1786.670901,4706,0.776311448,206.1853027,202.582016,148.4390106
32747,B-20-2-07_masks.tif,85,3905,415.0121933,148.9769706,34.99801959,4.256725733,0.972014141,46.57990462,4136.458643,1796.090653,3517,0.900640205,188.9570618,192.2268982,145.8649445
32748,B-20-2-07_masks.tif,86,6605,570.8111832,195.4896284,44.65667158,4.377613052,0.973559169,47.03490162,4087.491597,1818.291597,5376,0.813928842,205.9069977,203.1595917,160.9774933
32749,B-20-2-07_masks.tif,87,6840,535.5979797,198.7960665,47.44639887,4.189908427,0.971101051,65.15668168,2843.287427,1790.387427,6240,0.912280702,205.7038422,203.2392578,161.7461548
32750,B-20-2-07_masks.tif,88,6020,392.1421356,161.6861099,48.40528607,3.340257295,0.954134546,86.24142172,3642.236379,1781.516279,5451,0.905481728,200.9844055,196.3604889,150.5402679
32751,B-20-2-07_masks.tif,89,7118,629.5979797,262.4237788,36.73103667,7.144469707,0.990155971,72.37143679,2789.251756,1810.228575,3765,0.528940714,193.3800812,192.3051758,162.1290894
32752,B-20-2-07_masks.tif,90,11949,771.2964646,288.1252756,53.67206776,5.368253686,0.982496638,-30.5732282,2530.924178,1885.430413,4360,0.364884091,206.5155945,197.4862366,152.0594025
32753,B-20-2-07_masks.tif,91,9993,745.3969696,285.1194648,52.31738076,5.449803882,0.983021046,-26.22924105,2482.282898,1887.097768,6240,0.624437106,213.502243,204.6924744,147.2733917
32754,B-20-2-07_masks.tif,92,11811,877.9827561,336.3433467,54.25439001,6.199375693,0.986904348,68.70512364,3200.683939,1851.951909,5276,0.446702227,188.2776794,187.1762695,139.1283112
32755,B-20-2-07_masks.tif,93,5485,485.4974747,167.8856003,42.79544715,3.92297806,0.966965209,54.87734236,4041.062534,1838.360073,4369,0.796536007,209.6843719,206.4119873,178.7340393
32756,B-20-2-07_masks.tif,94,11964,883.6812409,316.9351389,55.54441902,5.705976307,0.984523102,-54.35092431,2109.053912,1894.737713,7633,0.637997325,211.1131897,205.0571136,151.7861938
32757,B-20-2-07_masks.tif,95,5517,433.2132034,177.5676648,40.76851106,4.355510176,0.973286438,-81.78703348,3651.48124,1828.442269,4954,0.897951785,209.2975311,203.0213928,152.6784363
32758,B-20-2-07_masks.tif,96,6187,528.9116882,186.2815063,46.1010938,4.040717712,0.968892801,50.37366246,4031.036851,1880.114433,5619,0.908194602,203.3863678,197.9364624,156.7832336
32759,B-20-2-07_masks.tif,97,8129,580.7695526,221.0773422,47.77790097,4.627188256,0.976368145,72.70499644,2780.660721,1866.307172,6215,0.764546685,205.1781158,200.3483582,161.8535767
32760,B-20-2-07_masks.tif,98,8512,527.6984848,210.5573433,52.55743649,4.006233129,0.968346183,-76.87010938,3662.864192,1868.84375,7296,0.857142857,212.9083099,205.3549957,160.3656769
32761,B-20-2-07_masks.tif,99,4741,421.4558441,150.838456,42.9318927,3.513435967,0.958639926,-69.82312171,2316.986079,1886.009281,3245,0.684454756,205.1343536,201.684433,151.0955353
32762,B-20-2-07_masks.tif,100,11278,937.5807358,350.5639891,42.685207,8.212774724,0.992559384,-37.10162579,836.6737897,1995.651889,0,0,,,
32763,B-20-2-07_masks.tif,101,13015,950.2670273,355.0902611,55.35037565,6.415317998,0.987776486,-30.37208968,928.5854015,2033.645179,8893,0.683288513,210.8214264,204.1389923,163.3416138
32764,B-20-2-07_masks.tif,102,6870,464.2842712,177.3207414,51.70449812,3.429503193,0.956544183,-78.01763933,3649.88952,1918.571325,3418,0.497525473,206.53862,200.6129303,150.0046844
32765,B-20-2-07_masks.tif,103,8014,694.1248917,264.0099014,42.00482109,6.285228567,0.987261956,-38.56712641,794.0469179,1993.411405,0,0,,,
32766,B-20-2-07_masks.tif,104,14951,853.1126984,375.2037761,52.24136092,7.182121015,0.990259419,85.71339895,2784.00923,1922.003679,10110,0.676208949,206.4971313,199.6419373,159.6830902
32767,B-20-2-07_masks.tif,105,3928,285.5563492,94.59524849,53.86226678,1.756243362,0.822062566,-61.4745103,2180.819501,1928.017057,2707,0.689154786,201.6365051,195.4089355,135.3217621
32768,B-20-2-07_masks.tif,106,6683,571.7401154,213.738529,42.18487097,5.066710507,0.98032973,-32.54704124,1374.793506,2000.287296,6262,0.937004339,212.9742889,207.2315521,159.2481689
32769,B-20-2-07_masks.tif,107,18336,1183.865007,419.0827603,67.10463831,6.245213012,0.987097128,39.95783129,1713.756926,2060.043575,12174,0.663939791,199.7281036,196.7053528,159.3713684
32770,B-20-2-07_masks.tif,108,3268,310.5269119,104.2664098,40.97363701,2.54471942,0.919551022,-37.98135287,1452.391983,1962.574969,2911,0.890758874,212.0728302,204.3435211,147.8199921
32771,B-20-2-07_masks.tif,109,20483,1286.249783,466.2526403,57.61108121,8.093106925,0.992336862,39.41671294,1690.141288,2106.496509,13267,0.647707855,205.1808319,200.1977081,164.53479
32772,B-20-2-07_masks.tif,110,19779,946.7695526,398.7767138,65.99762572,6.042288786,0.986209757,82.54933954,2776.491178,1972.31766,10961,0.554173618,202.8911591,195.3199463,154.8105164
32773,B-20-2-07_masks.tif,111,15846,835.8406204,325.851104,63.50758741,5.130900373,0.980823602,82.04326119,3218.530418,1959.562918,11318,0.714249653,204.4689026,198.6798096,145.1572723
32774,B-20-2-07_masks.tif,112,16004,1181.379726,428.2579116,52.59517521,8.142532274,0.992429964,31.78573637,1179.35135,2119.559298,8869,0.554173957,200.4118805,197.0750885,159.1279755
32775,B-20-2-07_masks.tif,113,11145,830.2670273,301.2244435,49.43214167,6.093695991,0.98644304,-40.25876811,859.782952,2058.540242,8797,0.789322566,213.0567169,204.7792358,165.5554199
32776,B-20-2-07_masks.tif,114,11378,681.6984848,268.7168991,55.51759716,4.840211263,0.978424951,-10.46381027,4619.0254,2085.510459,8145,0.715855159,206.500061,199.9672241,158.1340637
32777,B-20-2-07_masks.tif,115,6832,587.5563492,265.8937098,34.09607418,7.798367295,0.991744202,89.45379327,3799.579186,1963.842213,6117,0.895345433,199.4279938,196.2081146,154.8348846
32778,B-20-2-07_masks.tif,116,8586,664.7106781,245.3484561,45.56178603,5.384961334,0.982606043,-37.96590558,5317.059981,2044.19986,7137,0.831236897,208.9005127,203.0725861,145.9539032
32779,B-20-2-07_masks.tif,117,12763,719.0121933,287.4551492,57.77334143,4.975567314,0.979594913,76.939671,3128.438455,2001.808822,8149,0.638486249,204.6276855,199.3748932,152.016449
32780,B-20-2-07_masks.tif,118,7536,527.9411255,207.3223373,47.53494395,4.361472215,0.97336042,73.3409757,3567.975186,1994.03397,3581,0.475185775,199.1200714,195.7693329,150.2756195
32781,B-20-2-07_masks.tif,119,13018,745.6984848,311.9597343,55.49203311,5.621703096,0.984051818,0.583585878,662.2422031,2126.925104,7932,0.609310186,199.1174927,194.4953308,145.3035736
32782,B-20-2-07_masks.tif,120,14391,931.4386002,343.9896624,57.92430563,5.938606577,0.985720508,30.5042472,1135.324995,2130.368633,8159,0.566951567,199.6288757,195.5461426,155.688324
32783,B-20-2-07_masks.tif,121,6531,586.3847763,270.5174933,34.68955966,7.798239468,0.99174393,88.67335056,3774.832644,1992.579697,5437,0.832491196,201.1070404,195.4366302,160.9867554
32784,B-20-2-07_masks.tif,122,11215,698.7695526,284.0383907,56.85230157,4.996075495,0.979763815,-9.178355717,4569.64601,2111.425234,6508,0.580294249,210.1190796,206.9093475,153.7601471
32785,B-20-2-07_masks.tif,123,15042,1080.793939,404.404159,51.94911002,7.784621504,0.991714899,43.0497846,1644.500731,2131.961308,11542,0.767318176,203.2178955,199.2455444,162.1134949
32786,B-20-2-07_masks.tif,124,16022,1148.308658,417.1221732,68.15666937,6.120049249,0.986560336,41.74732015,1612.227749,2163.099363,11281,0.70409437,201.8494873,198.47966,164.1089478
32787,B-20-2-07_masks.tif,125,8073,595.2132034,261.0022528,41.37798229,6.307756886,0.987353364,-86.96071123,3964.699864,2030.001982,7060,0.874520005,206.046463,200.9502869,151.632431
32788,B-20-2-07_masks.tif,126,19560,1137.480231,418.8806877,61.87148215,6.770173805,0.989031209,58.61816845,4853.399489,2120.729294,8381,0.428476483,196.5814362,193.4882507,142.7632751
32789,B-20-2-07_masks.tif,127,4414,346.9705627,137.0533766,42.26554378,3.242673921,0.951260832,85.12875292,3571.126189,2042.552787,3771,0.854327141,202.0519714,194.6075287,157.1559296
32790,B-20-2-07_masks.tif,128,4975,336.3847763,120.7460056,54.44057705,2.217941326,0.892590358,-11.34227127,5113.351156,2073.464322,4067,0.817487437,201.4356995,199.719696,142.4425812
32791,B-20-2-07_masks.tif,129,18826,1024.426407,424.7291996,60.48044452,7.022587268,0.98980953,82.84549432,2591.327738,2064.03782,9137,0.485339424,202.6584167,196.3294373,144.67276
32792,B-20-2-07_masks.tif,130,6794,495.1126984,196.2210165,46.58635849,4.211984429,0.971407637,71.62519154,3492.11466,2070.768472,5743,0.845304681,201.6524506,198.464386,149.0795746
32793,B-20-2-07_masks.tif,131,5171,336.627417,109.569897,61.13686112,1.79220678,0.829860226,-18.89424791,5163.736995,2080.964224,4309,0.833301102,204.296814,197.8027344,146.9347839
32794,B-20-2-07_masks.tif,132,7377,540.627417,226.3508729,43.36609464,5.219535556,0.981475454,-85.56336885,4035.689033,2061.513623,6711,0.909719398,199.5918579,191.1981812,143.4039612
32795,B-20-2-07_masks.tif,133,11670,794.6690476,306.4514693,50.14654904,6.111117818,0.986520755,-13.25346403,2822.045159,2206.164867,6587,0.564438732,211.7303772,207.4347992,155.7135315
32796,B-20-2-07_masks.tif,134,5009,334.8700577,104.4307946,61.73828918,1.691507749,0.806533389,-25.35034937,5216.952086,2101.265921,2874,0.573767219,203.2101593,199.080719,139.1680603
32797,B-20-2-07_masks.tif,135,6469,494.9116882,177.145586,47.63242291,3.719012705,0.963171292,54.20259276,3461.613542,2116.351059,5890,0.910496213,202.1927032,198.161972,146.7565308
32798,B-20-2-07_masks.tif,136,10600,726.6690476,288.5185516,50.37480729,5.727437326,0.984639774,72.01494312,2576.994528,2120.599151,7294,0.688113208,203.2530823,196.6427155,158.0228882
32799,B-20-2-07_masks.tif,137,17987,981.0538239,382.3258369,61.98730827,6.16780834,0.986769055,17.86761942,4730.318007,2266.638572,9050,0.503141158,198.9247589,195.8473969,144.6118164
32800,B-20-2-07_masks.tif,138,19012,1058.225397,418.0659587,59.2945549,7.05066358,0.989890941,14.25580016,5068.942773,2285.122817,8638,0.454344624,202.7123108,197.9467468,150.9304199
32801,B-20-2-07_masks.tif,139,12102,716.627417,310.6379523,50.32700411,6.1723911,0.986788826,6.595178931,567.6917039,2240.163609,5581,0.461163444,200.0016174,195.1643066,152.1682434
32802,B-20-2-07_masks.tif,140,7058,506.8700577,205.2313071,44.79710242,4.581352274,0.975887041,-79.69146909,4076.389912,2117.342873,6202,0.878719184,207.9843597,204.9808197,160.9745178
32803,B-20-2-07_masks.tif,141,10110,677.5979797,271.7363662,48.83651061,5.564205198,0.983717772,75.85367792,2496.221365,2140.030267,5523,0.546290801,205.8987885,199.6896667,155.283905
32804,B-20-2-07_masks.tif,142,19511,1315.279221,491.0833437,56.3276427,8.718336506,0.993400086,31.61179568,4855.00082,2282.262672,8603,0.440930757,197.3298798,195.8889923,152.3351135
32805,B-20-2-07_masks.tif,143,14472,884.5269119,382.4957355,52.10074916,7.341463254,0.990679625,-3.969583255,4516.046849,2296.66107,11285,0.779781647,206.1466522,201.5610962,166.4855042
32806,B-20-2-07_masks.tif,144,6042,461.9411255,172.4574917,45.33418091,3.804138251,0.964830819,65.68132086,3450.897054,2163.547335,5729,0.948195962,201.0912933,196.5617065,150.9951172
32807,B-20-2-07_masks.tif,145,4951,386.0416306,143.640714,44.60815785,3.220054826,0.950555831,-15.95738439,4640.921834,2189.625126,1012,0.204403151,214.6620483,215.9871521,162.8596802
32808,B-20-2-07_masks.tif,146,4865,407.6984848,147.2174441,43.33198214,3.39743157,0.955700772,-23.42396264,1344.204522,2215.521891,3369,0.692497431,211.261795,205.4069519,144.34729
32809,B-20-2-07_masks.tif,147,10946,834.0243866,300.5396572,48.4813048,6.199083512,0.986903105,31.61749201,4803.352275,2276.859218,6299,0.575461356,203.5686646,200.394989,162.3278351
32810,B-20-2-07_masks.tif,148,10887,670.3259018,257.6910465,56.43406505,4.566232226,0.975725098,-64.74121311,794.0226876,2217.396804,7400,0.679709746,205.3589172,198.1832428,140.2010803
32811,B-20-2-07_masks.tif,149,19567,1177.03658,403.2449961,65.57456863,6.149411343,0.986689236,41.23190364,4964.2171,2297.251393,12662,0.64710993,192.0217133,189.4697571,142.1410522
32812,B-20-2-07_masks.tif,150,5871,417.6984848,151.5686938,50.33289113,3.011325009,0.94325132,-20.14690389,1396.111736,2223.604837,4901,0.834781128,204.7941284,196.9712372,146.2405701
32813,B-20-2-07_masks.tif,151,6207,355.4558441,109.3179526,73.21540526,1.493100423,0.742589074,-21.57893567,5269.182697,2206.953279,4193,0.67552763,202.7858276,196.9828339,124.6169815
32814,B-20-2-07_masks.tif,152,11196,680.8700577,288.5854751,51.63504209,5.588946256,0.983862788,-5.706350518,4473.15702,2311.794659,6791,0.606555913,202.4061279,196.7686615,152.9072266
32815,B-20-2-07_masks.tif,153,3732,290.627417,94.92448594,50.99116872,1.861586787,0.843470093,-25.14633533,5327.098071,2210.377546,2517,0.674437299,205.7767181,201.9451752,143.1331024
32816,B-20-2-07_masks.tif,154,15947,965.8233765,343.6321862,61.96320095,5.5457462,0.983608296,48.49134572,1207.275475,2306.928074,7762,0.486737317,193.3495178,189.7250671,140.5949554
32817,B-20-2-07_masks.tif,155,14672,940.8528137,358.0450191,54.21209184,6.604523214,0.988470836,61.08483506,378.3225191,2324.6113,9568,0.652126499,193.5849762,191.1573944,145.3466797
32818,B-20-2-07_masks.tif,156,13034,817.5979797,334.4414156,54.27214214,6.162303577,0.986745247,-11.22473434,4644.736305,2418.63718,7367,0.565214056,204.078598,196.4199829,146.3271332
32819,B-20-2-07_masks.tif,157,7107,487.7989899,200.6821567,45.91188821,4.37102817,0.973478357,-87.15834726,5218.368229,2288.477135,5376,0.756437315,200.8608704,196.7397766,144.3640289
32820,B-20-2-07_masks.tif,158,12815,743.0538239,265.2960835,63.60547522,4.170962995,0.970833972,29.29110541,4991.26984,2427.409052,8790,0.685914943,196.5286713,192.101593,140.1219635
32821,B-20-2-07_masks.tif,159,5335,464.0416306,194.1011208,35.70148175,5.436780528,0.982938899,-77.40149904,733.7898782,2346.829616,4294,0.804873477,198.2422028,195.9657593,140.2936707
32822,B-20-2-07_masks.tif,160,8047,560.8700577,228.0517579,47.30155404,4.821231829,0.978252859,-4.703525598,4549.993414,2435.966199,6966,0.865664223,205.095459,200.8175354,154.9465942
32823,B-20-2-07_masks.tif,161,8879,625.6984848,242.9874172,48.53218055,5.006727793,0.979850717,-82.11275881,876.3967789,2372.263318,8165,0.919585539,203.9470978,202.2481384,145.0592804
32824,B-20-2-07_masks.tif,162,8199,538.2842712,216.5725146,50.60097828,4.280006473,0.972322089,-14.15273939,4595.040127,2440.958166,6987,0.852177095,209.9254303,203.5624695,155.3334808
32825,B-20-2-07_masks.tif,163,6991,376.2842712,104.198475,86.20808378,1.208685664,0.56169414,30.18180629,5249.264626,2420.007438,4281,0.612358747,198.7084808,193.3522491,118.9708023
32826,B-20-2-07_masks.tif,164,7033,536.1837662,208.7403996,43.78558163,4.76733189,0.977752704,-71.00068618,3497.795678,2422.47206,5737,0.815725864,208.8462677,205.2351379,153.1129456
32827,B-20-2-07_masks.tif,165,3625,264.1421356,85.63062827,54.87331571,1.560514927,0.767696075,-0.42978031,5180.431172,2426.408828,1802,0.497103448,206.0715942,201.8179779,146.3229675
32828,B-20-2-07_masks.tif,166,8184,712.5685425,273.2330254,39.66345615,6.888785091,0.989407684,-24.71754852,2680.827957,2503.260142,6503,0.794599218,211.4399567,206.9803162,150.6034088
32829,B-20-2-07_masks.tif,167,8858,501.254834,165.086735,70.10517661,2.354843721,0.905354486,-57.11736645,4752.510951,2499.798713,6876,0.77624746,205.2575684,195.1833954,127.5061111
32830,B-20-2-07_masks.tif,168,4336,312.0416306,97.32376205,57.45774602,1.693831882,0.807127356,-35.19064743,5224.709871,2512.430812,3137,0.72347786,198.0746002,191.7988586,146.5135498
32831,B-20-2-07_masks.tif,169,8030,539.6984848,216.0804804,48.50939738,4.45440455,0.974474804,-73.76185826,5342.251059,2509.847945,5916,0.736737235,204.1397858,200.1592255,155.1184998
32832,B-20-2-07_masks.tif,170,3952,475.6984848,192.8915498,31.70031523,6.084846424,0.986403306,-72.50076864,5100.930415,2553.677885,2387,0.603997976,200.808548,200.772934,157.275238
32833,B-20-2-07_masks.tif,171,10460,736.3675324,274.4690735,50.77798358,5.405277133,0.982737694,-36.59156029,4788.312428,2652.292161,8793,0.840630975,203.6466522,199.0755157,142.7973328
32834,B-20-2-07_masks.tif,172,10493,655.9411255,258.6606749,53.70166472,4.816623028,0.978210758,-77.49761921,5221.90508,2587.531021,7469,0.711807872,203.678009,200.3193207,162.9582214
32835,B-20-2-07_masks.tif,173,7858,627.1543289,233.7449678,48.53460118,4.816047976,0.978205496,-31.10750043,4639.50789,2650.353525,2976,0.378722321,209.9156647,203.0991211,149.6394501
32836,B-20-2-07_masks.tif,174,4244,355.4558441,130.0837278,43.58634027,2.984506774,0.942195463,-22.87664225,4744.747172,2625.829877,3578,0.843072573,204.4857483,199.5617676,143.4172668
32837,B-20-2-07_masks.tif,175,7448,544.3847763,238.6770622,40.45955154,5.899152441,0.985527456,88.81975461,4362.591165,2605.912057,6134,0.823576799,202.0384674,196.7716064,157.4704895
32838,B-20-2-07_masks.tif,176,7696,530.6690476,177.4090931,58.55899376,3.029578921,0.943953355,-27.74182276,4664.636435,2689.421518,528,0.068607069,223.7405243,201.640152,163.1268921
32839,B-20-2-07_masks.tif,177,7765,525.3553391,203.8360085,49.66513087,4.104207618,0.969862625,18.22062014,4932.819189,2712.450741,5390,0.694140373,194.3875732,194.3708649,147.5332031
32840,B-20-2-07_masks.tif,178,7517,506.0416306,213.3179948,46.61560717,4.576106753,0.975831043,89.09005033,4374.584143,2644.026207,5025,0.668484768,199.3713379,193.4205017,145.5952301
32841,B-20-2-07_masks.tif,179,11842,791.4386002,294.7314529,52.66039994,5.596832786,0.983908606,38.38487123,5062.845381,2761.99696,6304,0.53234251,193.6706848,190.6207123,149.2649078
32842,B-20-2-07_masks.tif,180,10083,691.1543289,261.0360812,50.50740374,5.168273596,0.981102601,25.86300772,5014.314986,2798.672121,5920,0.587126847,196.740036,190.471283,147.5888519
32843,B-20-2-07_masks.tif,181,19834,1203.521861,426.6570199,65.15229811,6.548610444,0.988271947,46.69344331,4938.38913,2851.601845,10272,0.517898558,192.8570862,187.1157532,142.2554474
32844,B-20-2-07_masks.tif,182,10980,830.7106781,302.9559663,51.28377038,5.907443312,0.985568348,-28.5812329,5364.236703,2881.921494,9050,0.824225865,204.9952545,201.8639832,154.0362396
32845,B-20-2-07_masks.tif,183,12038,917.6812409,325.6499216,49.79821272,6.539389745,0.988238654,30.75923362,4918.765077,2925.227529,5723,0.475411198,187.1027374,188.1506195,140.0794983
32846,B-20-2-07_masks.tif,184,9302,624.5685425,217.7676423,56.87999829,3.828545163,0.965285835,-29.87536023,5385.750376,2929.344657,6807,0.731778112,214.1997986,208.3152618,162.5072784
32847,B-20-2-07_masks.tif,185,14594,910.8528137,327.8551792,59.97398372,5.466623339,0.983126261,59.61844294,4776.595519,2901.542072,9771,0.669521721,191.4704742,190.1360168,143.2027435
32848,B-20-2-07_masks.tif,186,10675,808.4680374,296.1801046,49.55412509,5.976901097,0.985904205,64.46272186,4767.500796,2957.838595,8099,0.758688525,194.7983704,192.6528015,137.3237457
32849,B-20-2-07_masks.tif,187,13756,912.1665222,339.0054747,54.88270837,6.176908625,0.986808272,-47.24873248,5287.072914,3132.388558,6955,0.505597557,202.2878571,200.6278992,146.1654968
32850,B-20-2-07_masks.tif,188,3719,388.0416306,133.7403141,42.32423986,3.159898785,0.948603909,70.22351151,5387.294703,3200.834902,1032,0.27749395,184.962204,190.5155029,143.8071747
32851,B-20-2-07_masks.tif,189,7982,576.6690476,214.6066068,48.4137493,4.432761559,0.974221636,-64.49309858,4285.886495,3428.738787,5900,0.739163117,204.0969543,200.6605072,143.2903442
32852,B-20-2-07_masks.tif,190,5431,540.8700577,238.2821663,32.24343285,7.390099169,0.990802468,-8.551364643,4405.489229,3546.434358,0,0,,,
32853,B-20-2-07_masks.tif,191,8362,662.4264069,255.4492507,44.50652801,5.739590618,0.984705258,-73.64111805,4925.77027,3510.137049,5838,0.698158335,192.2427216,185.9885254,129.2081146
32854,B-20-2-07_masks.tif,192,5055,432.9705627,180.7428233,40.1182821,4.505248326,0.97505501,-4.325464543,4279.088625,3574.711375,3886,0.768743818,196.7444611,195.6788483,137.5311432
32855,B-20-2-07_masks.tif,193,5503,429.6984848,152.7086036,49.32199964,3.096155968,0.946405399,23.16171657,4157.69344,3585.19244,4662,0.847174269,185.9648285,182.1673126,122.2638321
32856,B-20-2-07_masks.tif,194,6306,445.2132034,180.2901705,45.30691364,3.979308146,0.967909256,-80.29398107,4606.707422,3585.812242,5088,0.806850618,193.5169067,188.4367065,133.883255
32857,B-20-2-07_masks.tif,195,5608,445.5563492,190.3802216,39.37389982,4.835188348,0.978379607,-83.75562098,4631.05831,3628.921006,3125,0.557239658,194.7353668,190.3958435,137.6780853
32858,B-20-2-07_masks.tif,196,1676,226.9705627,83.93203009,28.22803281,2.973357394,0.941747715,-67.17093773,4781.809069,3629.238663,1293,0.771479714,192.4392853,181.542923,126.1515884
32859,B-20-2-08_masks.tif,1,4486,336.9705627,123.2391007,47.58227817,2.590021022,0.922458081,-83.13036357,985.4378065,92.91306286,4013,0.894560856,203.6085205,201.2310028,154.0219269
32860,B-20-2-08_masks.tif,2,8294,541.4974747,200.063757,53.90549212,3.711379846,0.96301674,-32.46711279,3485.680733,257.674584,6069,0.731733783,207.3147125,201.2468262,136.4326935
32861,B-20-2-08_masks.tif,3,7222,445.2132034,176.312704,54.22332614,3.251602522,0.951534939,-83.51438273,1133.068679,266.2673775,5927,0.82068679,199.5650482,195.5145874,148.3016663
32862,B-20-2-08_masks.tif,4,13399,779.7817459,283.6899055,62.4232349,4.54462038,0.975490764,47.70233171,106.604672,342.7447571,7852,0.586013882,189.985611,188.067627,150.942688
32863,B-20-2-08_masks.tif,5,10885,680.5269119,252.4823192,58.88865323,4.287452766,0.972419508,-88.5041972,4247.22802,282.2852549,7139,0.655856684,203.5909729,198.8985901,142.2040863
32864,B-20-2-08_masks.tif,6,15998,1139.823376,407.7054624,58.09042113,7.018462846,0.989797488,29.48605036,989.2831604,468.7897862,7541,0.471371421,188.2436066,186.809845,150.5081482
32865,B-20-2-08_masks.tif,7,15747,998.509668,359.6498518,58.27658698,6.171429565,0.986784681,30.22630602,1028.655109,442.3240617,7837,0.497682098,190.9490814,187.7450562,144.9550781
32866,B-20-2-08_masks.tif,8,6598,414.3847763,165.0683722,51.54143444,3.202634425,0.950002286,-89.92054344,1142.255835,312.3619279,5564,0.843285844,199.5706329,198.1763153,144.8670044
32867,B-20-2-08_masks.tif,9,13294,825.0121933,315.1537189,63.00028742,5.002417161,0.979815619,-9.867138655,3936.425606,440.969836,8394,0.631412667,206.7614899,202.4779663,162.6267548
32868,B-20-2-08_masks.tif,10,10965,685.2964646,247.1460952,59.43012946,4.158599306,0.970657666,50.53908732,82.72813497,389.1919745,6727,0.613497492,181.7431183,179.187149,138.3912659
32869,B-20-2-08_masks.tif,11,12774,861.9238816,280.2550631,61.02065681,4.592790013,0.976008466,46.79074159,4234.569673,432.800454,10822,0.847189604,203.083252,198.1724243,161.9472351
32870,B-20-2-08_masks.tif,12,6446,461.4558441,186.1541596,46.43372967,4.009028801,0.968391035,7.923223084,4102.696866,442.9408936,5261,0.816165064,203.5865784,199.082489,157.1921692
32871,B-20-2-08_masks.tif,13,4316,435.254834,158.3384746,36.44829493,4.344194288,0.973145165,-41.24183078,4499.363299,419.4158943,3849,0.891797961,209.0937958,201.0285797,134.466095
32872,B-20-2-08_masks.tif,14,2654,261.7989899,86.65487916,41.36098693,2.095087317,0.878736568,-30.69101482,4598.002261,403.2343632,2558,0.963828184,202.378418,195.3248596,144.294754
32873,B-20-2-08_masks.tif,15,8052,588.4264069,223.668291,47.44492359,4.714272342,0.977243233,-19.72759648,1177.353825,474.2781918,6792,0.843517139,204.3348083,200.6220551,155.6406097
32874,B-20-2-08_masks.tif,16,5654,423.7989899,171.6244527,43.35342914,3.958728436,0.967569132,8.326653523,4057.512911,446.0933852,3765,0.665900248,205.1723785,204.6233673,157.3107605
32875,B-20-2-08_masks.tif,17,8168,703.5391052,265.4590585,41.72640119,6.361896807,0.987569044,48.52893378,4207.842434,468.9682909,6784,0.830558276,202.910965,199.39534,157.3441925
32876,B-20-2-08_masks.tif,18,6883,528.3259018,192.4495099,47.02110962,4.092832166,0.969692246,-38.35606825,4615.41726,458.2092111,6430,0.934185675,211.2359314,206.2323456,152.3937836
32877,B-20-2-08_masks.tif,19,3361,288.8700577,87.85686695,49.84318991,1.762665413,0.82349561,-47.12677144,4555.60726,463.9437667,200,0.059506099,212.6799927,199.8049927,180.4949951
32878,B-20-2-08_masks.tif,20,4711,387.4558441,147.7530491,41.70574337,3.542750642,0.959336018,-72.82834939,4682.05986,504.3050308,4408,0.935682445,201.4848022,196.203949,138.3784027
32879,B-20-2-08_masks.tif,21,2667,259.2132034,76.47888777,46.26661593,1.65300371,0.796256379,-57.69904256,4728.933258,534.3955756,2462,0.923134608,202.9882202,195.5337067,144.9934998
32880,B-20-2-08_masks.tif,22,14351,1046.409163,363.5297622,53.3901322,6.808931673,0.989156409,32.17817533,3376.93652,665.4439412,7697,0.536338931,201.7677002,198.162796,154.1047211
32881,B-20-2-08_masks.tif,23,12588,855.0121933,320.2766706,54.81025268,5.843371539,0.985247749,2.654386489,3282.704639,677.5824595,9197,0.73061646,207.0804596,202.5600739,162.2289886
32882,B-20-2-08_masks.tif,24,3252,268.0416306,74.31356407,56.98906373,1.303996929,0.641798913,-67.04525441,4675.158364,569.8468635,2759,0.848400984,214.657486,210.7147522,154.184494
32883,B-20-2-08_masks.tif,25,9689,851.6812409,292.787591,48.03445039,6.095366733,0.986450522,53.07731837,4081.195789,686.7915162,3845,0.396841779,196.2067566,193.5953217,158.1898499
32884,B-20-2-08_masks.tif,26,11315,802.6101731,277.1132058,53.0034037,5.228215293,0.981537488,57.58764114,4111.624569,655.3460009,8833,0.780645161,204.7251282,200.9076233,161.2495117
32885,B-20-2-08_masks.tif,27,6966,455.7989899,181.7296748,52.96006439,3.431447392,0.956594529,-84.7304755,4322.565748,606.2850991,5210,0.747918461,205.0858002,201.7427979,148.0362701
32886,B-20-2-08_masks.tif,28,3695,303.2132034,95.84062365,51.5201242,1.860256068,0.843225245,-66.16854915,4401.251962,650.2828146,3342,0.904465494,204.8249512,200.3001251,148.5969543
32887,B-20-2-08_masks.tif,29,6366,510.4264069,184.8816761,46.34478497,3.989266025,0.968071902,-29.2376007,197.8889413,735.176563,3523,0.553408734,199.3244324,192.1018982,144.6957092
32888,B-20-2-08_masks.tif,30,3668,303.7989899,108.297564,44.32328279,2.443356114,0.912411917,-69.67884093,4321.502181,686.4629226,2833,0.772355507,210.0109406,204.6876068,148.3603973
32889,B-20-2-08_masks.tif,31,14313,1077.823376,371.4718622,54.69132698,6.79215303,0.989102474,58.15391278,4069.802348,746.6260043,4762,0.332704534,206.7603912,200.2654419,164.7007599
32890,B-20-2-08_masks.tif,32,10756,704.3675324,257.4594071,54.44963821,4.728395185,0.977380541,-41.48525149,594.7243399,768.1868724,9726,0.904239494,207.420105,200.649292,154.8001251
32891,B-20-2-08_masks.tif,33,11478,750.1248917,279.1425283,54.53140476,5.11893155,0.980732941,-34.0324371,633.451908,797.2197247,9736,0.848231399,206.2527771,200.0023651,146.5222931
32892,B-20-2-08_masks.tif,34,10242,809.5391052,277.2582647,48.13271065,5.760287773,0.984815817,59.08688582,4039.948545,782.0433509,7473,0.729642648,201.1528168,197.5895844,156.3226318
32893,B-20-2-08_masks.tif,35,17341,990.3675324,349.1217552,68.51203884,5.09577238,0.980555674,-65.84712431,780.4503201,813.408108,3974,0.229167868,211.2732697,201.2438354,165.5986481
32894,B-20-2-08_masks.tif,36,11461,735.7401154,281.0353092,53.24848086,5.277808956,0.981886015,-70.44201435,793.8699939,867.4123549,8697,0.758834308,205.8317871,201.817749,149.085083
32895,B-20-2-08_masks.tif,37,11248,660.0416306,260.4057529,58.11619686,4.480777597,0.974778269,-85.20168543,996.3408606,906.8891358,8545,0.759690612,201.6885834,199.6479797,148.3805695
32896,B-20-2-08_masks.tif,38,7881,614.5685425,210.7752406,49.72279313,4.239006447,0.971776283,30.45692721,232.2876539,987.2568202,4664,0.591803071,199.9532623,196.1333618,164.2585754
32897,B-20-2-08_masks.tif,39,5431,382.9705627,143.0857648,50.93511573,2.80917718,0.934495051,5.608935569,5166.026883,971.3741484,4582,0.843675198,199.1351013,195.421875,145.7891693
32898,B-20-2-08_masks.tif,40,11931,800.5685425,323.1873288,47.92012827,6.744291813,0.988946388,19.80083543,214.1865728,1068.456961,9063,0.759617802,196.8135223,190.2263031,153.9238586
32899,B-20-2-08_masks.tif,41,11077,745.1543289,278.0068476,55.62777742,4.997626375,0.979776503,21.74502276,164.069062,1057.469712,0,0,,,
32900,B-20-2-08_masks.tif,42,13519,729.5979797,292.4080805,60.87329902,4.803552383,0.978090688,-79.25714179,610.5348768,983.8562024,4991,0.369184111,204.5563965,195.7465363,143.9613342
32901,B-20-2-08_masks.tif,43,9169,669.4974747,228.8157053,55.3952487,4.130601643,0.97025243,-70.48932388,1019.835969,1001.962482,6304,0.687534082,200.1402283,195.7668152,140.3688202
32902,B-20-2-08_masks.tif,44,8458,551.4558441,230.686987,48.82139338,4.725120916,0.977348819,-80.66929778,2596.724994,1012.437337,6943,0.820879641,209.0630798,202.445343,156.7004242
32903,B-20-2-08_masks.tif,45,10708,634.5269119,238.7380587,59.95895081,3.981691732,0.967948302,-86.80845071,620.5215727,1040.607957,8400,0.784460217,203.7889252,197.6740417,143.3520203
32904,B-20-2-08_masks.tif,46,7101,479.7989899,202.6248108,46.59954843,4.348214042,0.973195478,4.672367174,50.74623292,1107.402197,5364,0.755386565,188.706192,183.7388153,137.4448242
32905,B-20-2-08_masks.tif,47,3481,418.3847763,174.8348644,27.8695876,6.273320829,0.98721324,2.1967941,12.74633726,1114.854927,2183,0.627118644,182.0032043,174.067337,135.2391205
32906,B-20-2-08_masks.tif,48,4172,356.9705627,138.2774194,40.48064365,3.415889841,0.956189175,5.089910681,5043.000479,1094.791467,3724,0.89261745,203.7559052,198.8182068,146.8359222
32907,B-20-2-08_masks.tif,49,7660,509.2132034,215.85339,46.73107228,4.619054935,0.976283837,-83.34480122,3080.223107,1067.811097,6664,0.86997389,200.443573,193.0113983,137.0808868
32908,B-20-2-08_masks.tif,50,13032,754.1837662,307.2025916,54.78278765,5.607648037,0.983971121,11.55260646,381.4930939,1193.476826,4990,0.382903622,199.0460968,194.2615204,150.9975891
32909,B-20-2-08_masks.tif,51,4331,318.1421356,119.2101559,49.1533214,2.425271629,0.911036847,7.627484059,5000.712307,1101.423459,3993,0.921957977,205.0573578,197.1470032,146.5975494
32910,B-20-2-08_masks.tif,52,12401,687.5979797,271.6564488,62.80738034,4.325231324,0.972905886,13.44756507,329.5596323,1186.342714,6930,0.558825901,194.8575745,185.7570038,144.2900391
32911,B-20-2-08_masks.tif,53,11867,626.8700577,247.6031244,63.04421324,3.927452049,0.967041712,-80.63255971,563.3320131,1108.103227,7150,0.602511165,208.3536987,200.3970642,150.9057312
32912,B-20-2-08_masks.tif,54,16082,1049.480231,377.9715275,61.67604137,6.12833637,0.986596906,43.72113832,931.5994279,1236.576856,10913,0.678584753,195.7229919,191.7754059,153.7464447
32913,B-20-2-08_masks.tif,55,10835,596.0416306,249.5729536,56.96316841,4.381303931,0.973604302,-87.45470275,551.1833872,1163.309645,7841,0.723673281,200.1311035,192.9177399,143.9172363
32914,B-20-2-08_masks.tif,56,10568,833.4386002,288.0975887,48.55983413,5.932837166,0.98569252,35.40311867,893.6915216,1262.430072,8399,0.794757759,203.7879486,199.1831207,163.691391
32915,B-20-2-08_masks.tif,57,15868,1079.338095,381.6123588,62.83388859,6.073352571,0.986351437,29.42176521,855.4577767,1306.109277,6812,0.429291656,199.4376068,193.4851685,158.493103
32916,B-20-2-08_masks.tif,58,8451,646.4680374,226.3140455,49.16702966,4.602963553,0.976115698,42.5235757,260.2637558,1256.217016,4827,0.571175009,187.6378632,186.1278229,146.2465363
32917,B-20-2-08_masks.tif,59,10674,805.882251,311.4542876,45.61103117,6.828485995,0.989218763,28.25356459,813.5934982,1330.923365,7912,0.741240397,193.9091187,189.6682281,152.6758118
32918,B-20-2-08_masks.tif,60,10115,791.1959595,287.4468649,47.92934504,5.997304253,0.986000631,37.51967087,243.6058329,1317.930005,6198,0.612753337,192.4243317,189.1745758,146.1939392
32919,B-20-2-08_masks.tif,61,14718,1044.208153,374.9798575,53.63652728,6.991128557,0.989717136,47.24475154,628.5935589,1356.89523,6169,0.419146623,182.2415314,180.8874969,146.4152985
32920,B-20-2-08_masks.tif,62,10419,698.1837662,291.9516737,48.17359224,6.060409036,0.986292669,14.80945355,178.977541,1348.751224,5130,0.492369709,198.1516571,196.6834259,152.6818695
32921,B-20-2-08_masks.tif,63,8818,575.8406204,213.806951,53.2566595,4.014651933,0.96848096,-68.44720491,4118.982649,1267.57394,7161,0.812088909,205.7374725,199.1847534,147.1663208
32922,B-20-2-08_masks.tif,64,7275,462.2842712,176.360374,54.35002507,3.244899588,0.951329378,-74.02063929,4679.063505,1264.283299,6013,0.82652921,202.843338,196.7240906,142.9569244
32923,B-20-2-08_masks.tif,65,13345,741.8406204,287.6712215,60.05929365,4.78978696,0.977963155,13.65860743,132.8442862,1374.089771,7689,0.576170851,193.855896,186.5706787,148.5185394
32924,B-20-2-08_masks.tif,66,11538,749.882251,270.6628791,56.39050197,4.799795527,0.978055992,30.44524696,740.3370601,1378.470619,9939,0.861414457,201.2758789,195.7403107,158.7470551
32925,B-20-2-08_masks.tif,67,6771,618.5685425,234.2405524,38.026887,6.159866634,0.986734687,31.04834722,790.9265987,1364.435239,25,0.003692217,232.2799988,221.3600006,226.2799988
32926,B-20-2-08_masks.tif,68,7226,506.8700577,204.8689713,48.54268478,4.220388144,0.971523058,-81.30507879,4692.695821,1320.331165,6637,0.91848879,204.9050751,200.9314423,146.87117
32927,B-20-2-08_masks.tif,69,6607,534.7695526,207.2164827,41.34410555,5.011995784,0.979893486,-68.25227766,4004.81565,1364.871803,5693,0.861661874,209.3244324,205.3319855,156.899704
32928,B-20-2-08_masks.tif,70,6123,444.3847763,188.8201032,42.92059625,4.399288912,0.973822575,-89.79854353,2084.5561,1364.37449,5837,0.95329087,203.3907776,198.4874115,155.9472351
32929,B-20-2-08_masks.tif,71,6363,426.7279221,185.4385245,45.15573483,4.106643932,0.969898928,-88.58717673,2064.255068,1403.094295,5461,0.858242967,206.6689301,199.741806,161.8786011
32930,B-20-2-08_masks.tif,72,7640,560.8700577,237.2162269,42.61796911,5.56610819,0.983728995,-79.30742866,2223.900131,1444.429319,6821,0.892801047,208.6925659,203.2228394,164.8904877
32931,B-20-2-08_masks.tif,73,11098,664.1837662,265.921236,56.298401,4.723424312,0.977332355,-76.18276829,356.6531808,1476.136421,8702,0.784105244,206.5799866,199.7976379,150.211792
32932,B-20-2-08_masks.tif,74,8270,561.1126984,227.3530598,48.33750431,4.70345052,0.977137167,-77.65476677,2231.506288,1482.488634,7692,0.930108827,211.0457611,204.2801666,171.0473175
32933,B-20-2-08_masks.tif,75,10130,594.2842712,247.6807277,52.91339736,4.680869876,0.976913441,-78.60352019,397.8581441,1513.442646,7857,0.775616979,199.0435333,195.4378204,144.2471619
32934,B-20-2-08_masks.tif,76,9203,702.3259018,270.5375898,48.36332455,5.593858411,0.983891349,70.5848798,2256.43225,1564.141584,8303,0.902205802,195.4894562,190.5376434,154.4381561
32935,B-20-2-08_masks.tif,77,7366,429.3553391,143.7342011,66.32854055,2.167003826,0.887157556,-51.44551235,3471.42126,1599.063399,6589,0.894515341,204.7817535,196.1098785,128.5572968
32936,B-20-2-08_masks.tif,78,8975,747.1543289,283.0002583,42.25670855,6.697167573,0.9887894,67.75032102,2232.701504,1608.831309,8376,0.933259053,202.6118622,198.07724,163.3593597
32937,B-20-2-08_masks.tif,79,9115,509.4558441,198.7737594,59.42557709,3.344919295,0.954265369,87.46975658,92.62270982,1590.394624,7449,0.817224355,195.648819,192.6908264,139.5249023
32938,B-20-2-08_masks.tif,80,5541,403.5979797,128.8543202,56.91114576,2.264131541,0.897177358,-48.94165655,3542.518498,1615.815376,4644,0.838115864,207.1096039,198.7054291,138.0432892
32939,B-20-2-08_masks.tif,81,8812,487.2132034,197.1019362,58.22814432,3.384994293,0.955367025,-83.16276597,333.4036541,1612.704607,7583,0.860531094,203.0770111,199.039032,161.8401642
32940,B-20-2-08_masks.tif,82,11164,618.0416306,254.8147478,56.90513522,4.477886695,0.974745271,-89.20252922,856.4479577,1610.836797,9203,0.824346113,198.7041168,193.3649902,141.2638245
32941,B-20-2-08_masks.tif,83,6735,587.254834,225.0204557,39.71305275,5.666158609,0.984303077,68.10825537,2188.010542,1633.773125,4994,0.741499629,202.3768463,196.0506592,164.0905151
32942,B-20-2-08_masks.tif,84,10920,676.2842712,287.7762281,50.88638072,5.655270113,0.984242089,84.37360935,736.9601648,1651.460531,8228,0.753479853,199.6460876,195.5986938,152.9163818
32943,B-20-2-08_masks.tif,85,12246,753.1126984,304.9427233,54.16301775,5.630091083,0.984099687,-84.37319308,307.5908052,1667.415973,6351,0.518618324,195.5477905,188.9625244,130.0746307
32944,B-20-2-08_masks.tif,86,5325,456.4264069,159.3390487,46.77412308,3.406564104,0.955943441,-54.27662112,3448.544789,1683.871362,4786,0.898779343,214.7214813,210.1274567,151.7388153
32945,B-20-2-08_masks.tif,87,5718,437.3553391,160.2619399,46.40666072,3.453425379,0.957157574,63.46286576,2146.641133,1681.849423,4929,0.86201469,200.8847656,197.7926483,155.9085083
32946,B-20-2-08_masks.tif,88,11256,697.5979797,270.8618577,53.73083795,5.04108754,0.980127229,-73.34576876,3057.170931,1704.918443,8147,0.723791756,206.4226074,198.9528656,141.0260162
32947,B-20-2-08_masks.tif,89,11072,673.882251,242.5243095,60.53515472,4.006338311,0.968347873,47.69157194,4304.447977,1753.196712,7594,0.685874277,199.4795837,196.1643372,140.5559692
32948,B-20-2-08_masks.tif,90,5485,434.2842712,138.9419678,61.88012025,2.245340947,0.895348277,-80.74408243,48.40765725,1709.184321,2723,0.49644485,189.8527374,184.8420868,129.2790985
32949,B-20-2-08_masks.tif,91,14518,839.8406204,308.4414252,65.13649377,4.735309,0.977447306,-83.1482405,150.6662075,1751.033407,7447,0.512949442,200.068222,192.7314301,143.6716766
32950,B-20-2-08_masks.tif,92,10032,651.4974747,248.0425371,52.21151671,4.750724605,0.977595105,-65.594388,3191.983254,1794.654904,7560,0.753588517,208.4626923,201.9195709,143.2411346
32951,B-20-2-08_masks.tif,93,5496,385.1126984,130.7291219,54.69287655,2.390240378,0.908277627,-62.99899959,4525.5746,1785.665029,4949,0.900473071,206.3249207,200.6809387,147.3726044
32952,B-20-2-08_masks.tif,94,11779,644.7695526,255.5021751,59.54140511,4.291168047,0.972467921,-75.78011787,139.3986756,1811.04525,8617,0.731556159,204.364624,199.5214081,155.1893921
32953,B-20-2-08_masks.tif,95,12977,807.9411255,329.0652603,56.42530583,5.831873758,0.985189085,-87.00833974,2855.163212,1802.524698,9538,0.734992679,203.6735229,198.3996582,146.7422943
32954,B-20-2-08_masks.tif,96,4940,373.3553391,120.513388,54.28732018,2.219917793,0.892793013,-49.56421812,4580.036235,1812.641498,4611,0.93340081,205.9802704,196.8314972,138.7618713
32955,B-20-2-08_masks.tif,97,4857,404.7695526,143.3553142,46.32797053,3.09435774,0.946341324,-60.49250747,4426.071237,1843.255919,4318,0.889026148,210.083374,204.7982788,144.5013885
32956,B-20-2-08_masks.tif,98,5274,381.5563492,151.8400841,45.31415727,3.350831026,0.954430452,89.38171737,2816.094615,1853.101062,4106,0.778536215,205,201.2123718,152.5462799
32957,B-20-2-08_masks.tif,99,4857,355.1126984,117.1769168,53.62534583,2.185103239,0.889135373,-63.36576502,4498.039119,1877.098415,4566,0.940086473,211.2649994,208.1325073,148.7571106
32958,B-20-2-08_masks.tif,100,10969,710.4264069,280.7866565,51.54141714,5.447786888,0.983008363,16.9958203,2753.817486,2004.374601,6931,0.631871638,200.7668457,195.5220032,145.2560883
32959,B-20-2-08_masks.tif,101,5696,459.7989899,196.728264,39.749692,4.949177065,0.979374425,-0.418499522,4229.555302,2011.136763,5077,0.891327247,196.711441,190.9891663,150.0793762
32960,B-20-2-08_masks.tif,102,5905,388.8700577,138.1661961,55.37894648,2.494922797,0.916159447,-17.88235903,4274.003895,2031.466384,4535,0.767993226,211.3001099,205.355896,147.1124573
32961,B-20-2-08_masks.tif,103,6578,550.5685425,214.8317816,42.24124108,5.085830248,0.98047882,-48.12625719,2933.604743,2063.200821,6034,0.917300091,208.2315216,202.3392487,145.9126587
32962,B-20-2-08_masks.tif,104,5152,395.3553391,139.3847505,47.83937302,2.913599023,0.939255725,-50.67352447,2874.366654,2047.491266,4211,0.817352484,211.1975708,203.6948395,148.3303223
32963,B-20-2-08_masks.tif,105,6254,438.7279221,189.4446602,43.01412747,4.404242777,0.97388222,0.845162736,4144.299328,2096.445955,5897,0.942916533,207.1117554,201.4588776,161.7303772
32964,B-20-2-08_masks.tif,106,5440,445.254834,164.165373,43.70927023,3.755847949,0.963903605,-46.53948579,4350.48989,2061.064522,4640,0.852941176,207.5278015,202.1685333,149.8588409
32965,B-20-2-08_masks.tif,107,5363,383.5563492,155.9400186,44.38189984,3.513594937,0.958643749,4.466509453,4184.145068,2086.279881,5170,0.964012679,199.9518433,194.3330688,160.8100586
32966,B-20-2-08_masks.tif,108,8163,593.1543289,221.5364626,48.75540098,4.543834286,0.975482176,-57.90264337,1284.30038,2088.893299,7290,0.893054024,208.8619995,204.8386841,146.9146729
32967,B-20-2-08_masks.tif,109,14159,914.0243866,335.8096431,54.75000768,6.133508603,0.986619655,30.75597128,2676.832192,2174.938767,7970,0.56289286,197.8023834,189.2587128,159.6723938
32968,B-20-2-08_masks.tif,110,11567,801.7817459,298.7106487,50.93820628,5.864176823,0.985353018,33.2836143,2723.766491,2162.893922,4958,0.428633181,208.8204956,202.4185181,167.9088287
32969,B-20-2-08_masks.tif,111,6245,498.0832611,186.9020952,44.94333463,4.15861655,0.970657913,-56.40737674,4395.982546,2097.542194,5500,0.880704564,205.5879974,199.460907,144.0258179
32970,B-20-2-08_masks.tif,112,9826,561.6984848,218.2627139,62.42453069,3.496425387,0.958227711,-83.89193027,2133.488093,2087.489823,7091,0.721656829,202.3391571,198.360733,143.0836334
32971,B-20-2-08_masks.tif,113,7265,471.3553391,164.6999695,58.72847397,2.80443128,0.934265352,-17.12192369,3663.021748,2186.506401,4669,0.642670337,206.3013458,198.9657288,144.5429382
32972,B-20-2-08_masks.tif,114,11427,765.4386002,274.2436624,53.97106645,5.081308939,0.980443718,45.21372726,2397.084974,2264.855868,6848,0.599282401,195.5769501,190.8976288,151.789566
32973,B-20-2-08_masks.tif,115,4857,369.7989899,136.8518306,47.6370174,2.872804345,0.937460405,-12.94964833,3596.100268,2239.802141,3494,0.719374099,210.0955963,204.7097931,155.3465881
32974,B-20-2-08_masks.tif,116,6796,508.3259018,186.2855793,47.98675812,3.88202051,0.966252227,-43.51590008,2172.967775,2257.829459,5901,0.868304885,208.6785278,202.0447388,147.9689941
32975,B-20-2-08_masks.tif,117,7145,420.2842712,145.7932909,62.86102628,2.319295429,0.902272894,-83.08355187,1213.453884,2225.964031,6732,0.942197341,205.5328217,197.197113,131.9224548
32976,B-20-2-08_masks.tif,118,6604,486.2842712,194.0303808,44.8313311,4.328008472,0.972941129,14.43495169,4240.594791,2322.001817,5808,0.87946699,195.6379089,194.526001,142.8722382
32977,B-20-2-08_masks.tif,119,4854,335.5563492,120.908993,52.12431409,2.319627513,0.902302389,-74.86528664,1144.251545,2293.982489,4252,0.875978574,203.6138306,198.1672211,146.4823608
32978,B-20-2-08_masks.tif,120,6986,475.4558441,192.9678029,47.97160976,4.022541747,0.968606483,-78.50446775,1270.266247,2310.019897,6350,0.908960779,200.4751129,194.6751251,143.0888214
32979,B-20-2-08_masks.tif,121,12415,799.7401154,306.3152396,53.8648898,5.686732875,0.98441735,69.57785721,2381.356907,2352.085219,8546,0.688360854,200.356781,195.8072815,149.3878937
32980,B-20-2-08_masks.tif,122,12363,856.3675324,317.0283625,52.14332623,6.079941297,0.986381207,62.85031108,2327.419558,2391.192914,0,0,,,
32981,B-20-2-08_masks.tif,123,5929,476.6690476,176.4143282,43.74453675,4.032831098,0.968769053,-58.59732,4408.013999,2374.015517,5577,0.940630798,204.0254669,200.7120361,148.8536835
32982,B-20-2-08_masks.tif,124,7496,480.1421356,209.839238,46.36207236,4.52609703,0.975287196,-87.59040123,1249.058431,2369.614328,6567,0.876067236,198.8359985,193.5888519,144.8696442
32983,B-20-2-08_masks.tif,125,9472,683.1543289,253.1968273,49.25847314,5.140167998,0.980893362,64.26685257,2314.081715,2434.570207,231,0.024387669,237.2077942,235.4069214,194.4155884
32984,B-20-2-08_masks.tif,126,10695,688.8111832,246.9733415,56.65139039,4.359528333,0.973336333,60.72203964,2274.015989,2472.791211,9313,0.870780739,202.4849091,194.1217651,151.116394
32985,B-20-2-08_masks.tif,127,10201,721.9827561,263.5012326,54.41110681,4.842783911,0.97844812,65.4431334,2245.389472,2510.159984,7352,0.720713656,205.8766327,196.0554962,157.8943176
32986,B-20-2-08_masks.tif,128,10067,655.9827561,236.6881004,55.75536737,4.245117763,0.971858663,60.58961964,2171.718089,2534.628986,8088,0.803417105,198.5840759,190.8153992,154.1592407
32987,B-20-2-08_masks.tif,129,10025,698.1837662,257.5209355,53.105275,4.849253404,0.978506219,10.34239026,2052.448279,2616.742444,6404,0.638802993,195.9914093,188.809967,147.4850159
32988,B-20-2-08_masks.tif,130,7294,479.5563492,198.6083626,48.93441309,4.058664446,0.969171661,-88.74215043,2586.488484,2616.116534,4632,0.635042501,205.711792,202.3333282,159.3274994
32989,B-20-2-08_masks.tif,131,10388,653.6396103,237.9225415,57.79318423,4.116792397,0.97004944,56.87138753,2409.22372,2688.683385,7398,0.712167886,189.2750702,182.6991119,142.2880554
32990,B-20-2-08_masks.tif,132,6943,476.9705627,209.0351766,43.9429099,4.756971649,0.977654585,86.91565892,2533.961544,2656.532047,4745,0.683422152,199.3976746,190.9304504,153.4781952
32991,B-20-2-08_masks.tif,133,7296,584.627417,244.1342333,39.3627286,6.202167429,0.986916213,85.43260767,582.2441064,2818.158306,6746,0.924616228,197.7699432,194.1016846,156.8235931
32992,B-20-2-08_masks.tif,134,5369,421.2132034,169.090291,41.3058134,4.09361969,0.969704088,-78.90503791,595.1473272,2872.162973,5088,0.947662507,201.9872284,196.2014618,148.1430817
32993,B-20-2-08_masks.tif,135,9523,624.2842712,256.4585865,49.42605237,5.18873295,0.981252754,89.91528166,621.6928489,2982.278274,4375,0.45941405,203.6617126,199.0233154,162.0457153
32994,B-20-2-08_masks.tif,136,13963,929.3969696,350.7387539,59.37299682,5.907378314,0.985568029,14.06764924,3043.00974,3154.160352,7231,0.517868653,197.3045197,192.170517,155.2568054
32995,B-20-2-08_masks.tif,137,8634,562.0416306,231.2116825,49.39912473,4.680481361,0.976909563,89.78553683,624.6501042,3070.929697,7226,0.83692379,199.7070313,194.8421021,160.4724579
32996,B-20-2-08_masks.tif,138,4883,426.1421356,188.1382322,34.31063738,5.483379109,0.983230105,-88.34982496,600.9592464,3134.14315,4823,0.987712472,194.5440521,189.2635345,150.1756134
32997,B-20-2-08_masks.tif,139,5149,410.0416306,162.2374153,41.4565095,3.913436449,0.966801155,-73.62997139,609.2379103,3193.699165,4907,0.953000583,203.9186859,200.1691437,154.2944794
32998,B-20-2-08_masks.tif,140,5847,478.0416306,192.6303966,41.09875604,4.687012823,0.97697463,-79.36842415,698.0560971,3209.218745,5526,0.945100051,201.958374,196.429245,149.0425262
32999,B-20-2-08_masks.tif,141,6457,506.2842712,208.9305014,40.26002413,5.189527475,0.981258549,-75.66499615,719.5649683,3247.747406,6020,0.932321512,202.3147888,195.3091431,150.8981781
33000,B-20-2-09_masks.tif,1,2219,254.4852814,97.85099803,30.01573829,3.259989712,0.951790305,85.74463122,2086.059486,13.38846327,616,0.277602524,204.5503235,204.1785736,130.8100586
33001,B-20-2-09_masks.tif,2,1758,220.1421356,78.29501454,32.97757666,2.374189449,0.906969465,-59.69767268,2366.522184,21.37144482,946,0.53811149,211.2378387,211.5359344,155.9217834
33002,B-20-2-09_masks.tif,3,4364,399.6984848,143.7189296,41.95291464,3.425719783,0.956445957,-30.71496794,2435.468836,53.42896425,3127,0.716544455,217.35466,213.2497559,157.262558
33003,B-20-2-09_masks.tif,4,6956,558.1837662,217.6902769,42.91336619,5.07278492,0.980377282,-21.13437255,2483.077343,85.95658424,3548,0.510063255,205.5735626,199.4794312,141.5030975
33004,B-20-2-09_masks.tif,5,4320,375.1126984,127.8952712,46.49506411,2.750727925,0.931578537,-53.27481422,2899.071991,35.5662037,3167,0.733101852,215.6883545,209.6229858,163.3817444
33005,B-20-2-09_masks.tif,6,14315,851.6812409,308.2338938,62.96599823,4.895243505,0.978912514,37.62656293,1840.202305,110.2628711,8996,0.628431715,196.8870544,193.5602417,135.1741943
33006,B-20-2-09_masks.tif,7,619,124.2426407,51.35550603,16.69203453,3.076647483,0.945704011,-85.552095,2241.423263,12.30048465,0,0,,,
33007,B-20-2-09_masks.tif,8,5834,501.0121933,187.5339524,42.25791809,4.437841733,0.9742814,-55.90917268,2952.165752,52.31196435,4692,0.804250943,211.1916046,206.7595978,148.802002
33008,B-20-2-09_masks.tif,9,7092,561.7401154,212.2080142,44.38596101,4.780971491,0.977880895,-33.7509776,3509.873942,91.02791878,6674,0.94106035,209.7066193,204.5602264,156.9497986
33009,B-20-2-09_masks.tif,10,6597,483.1126984,172.971714,50.2594525,3.441575772,0.956855385,-68.70644915,4508.774898,42.23434895,5289,0.801728058,211.6027679,205.3238831,150.1013489
33010,B-20-2-09_masks.tif,11,5677,428.5269119,160.8034926,46.3580931,3.468725348,0.957543044,-25.29306723,3456.843756,86.38418179,5033,0.886559803,209.4679108,203.6608429,148.9463501
33011,B-20-2-09_masks.tif,12,5662,412.9705627,169.9115861,43.22236348,3.93110354,0.967103952,-85.64094353,2059.168668,48.10014129,5022,0.886965736,200.161087,197.8448792,144.838913
33012,B-20-2-09_masks.tif,13,16431,869.254834,346.0319269,65.23762304,5.304177418,0.982067307,-10.0152949,3682.664232,226.0512446,6458,0.393037551,212.2296448,203.5860901,153.3894348
33013,B-20-2-09_masks.tif,14,8711,622.8111832,219.0751234,51.61290295,4.244580538,0.971851435,46.24603797,1924.566066,128.6620365,7997,0.918034669,193.3410034,190.4143982,138.0212555
33014,B-20-2-09_masks.tif,15,16615,1020.911688,395.6437051,57.45539946,6.886101373,0.989399382,-9.87972013,3625.15817,251.5682817,10671,0.642250978,205.052948,196.0582886,152.5530853
33015,B-20-2-09_masks.tif,16,12782,1176.208153,390.527746,46.14408846,8.463223763,0.992994773,54.35910388,865.0557033,177.3842122,9508,0.743858551,194.3900909,193.3271942,154.100235
33016,B-20-2-09_masks.tif,17,7247,496.8700577,184.8545087,52.3977645,3.527908309,0.958985811,79.55135543,2214.203119,100.802263,2902,0.400441562,205.0627136,201.0844269,162.068924
33017,B-20-2-09_masks.tif,18,6915,496.2842712,200.5777518,46.30780193,4.331402992,0.972984113,76.84517008,2210.486479,144.2845987,2809,0.406218366,200.2046967,197.8686371,151.1669617
33018,B-20-2-09_masks.tif,19,13341,807.5979797,329.1162554,54.97397484,5.986764762,0.985950946,-11.50931752,3553.22562,286.1024661,11151,0.835844389,211.9623413,206.0921021,166.3239136
33019,B-20-2-09_masks.tif,20,11973,729.882251,263.7754522,61.62649228,4.280228234,0.972324998,-57.55554092,4177.350873,225.0359977,8706,0.727136056,213.6315155,208.2422485,155.0042572
33020,B-20-2-09_masks.tif,21,7490,532.9705627,236.6496858,41.44720268,5.709666045,0.984543256,-3.643548234,174.1720961,264.8712951,6054,0.808277704,189.4953766,180.0612793,128.3432465
33021,B-20-2-09_masks.tif,22,6000,466.0416306,183.4177211,42.89245812,4.27622312,0.972272393,78.54866539,2204.464833,184.5216667,418,0.069666667,210.1889954,178.5454559,196.3301392
33022,B-20-2-09_masks.tif,23,13337,805.254834,316.7440526,55.57698783,5.699194306,0.984485955,-14.12148559,3499.323761,299.4431281,9344,0.700607333,211.4861908,203.9646759,155.5813293
33023,B-20-2-09_masks.tif,24,12498,829.0121933,300.5643692,56.48755364,5.320895486,0.982180838,10.82226935,4381.576412,295.3650184,9786,0.783005281,198.0060272,192.9450226,143.3534698
33024,B-20-2-09_masks.tif,25,12082,742.7695526,293.6838257,53.93404105,5.44524052,0.98299233,-12.09502727,4294.79275,301.7577388,9989,0.826767092,210.1954193,204.8019867,154.9096069
33025,B-20-2-09_masks.tif,26,6980,508.0832611,183.6501448,49.12032166,3.738781396,0.963567069,43.38976589,4487.153009,246.2204871,5927,0.849140401,200.2416077,195.6458588,151.2135925
33026,B-20-2-09_masks.tif,27,3794,357.2132034,142.9349162,35.00156936,4.083671642,0.969553983,78.46990565,2175.090406,212.3547707,3328,0.877174486,202.0264435,200.1583557,154.106369
33027,B-20-2-09_masks.tif,28,11448,646.2842712,269.5043545,56.17642383,4.797463707,0.978034416,6.969788606,3101.929944,331.9854997,6301,0.550401817,195.1166534,191.1852112,136.5232544
33028,B-20-2-09_masks.tif,29,5085,475.0121933,158.3526646,43.13415573,3.671166433,0.962186083,51.29989824,4569.001573,251.5142576,0,0,,,
33029,B-20-2-09_masks.tif,30,7232,599.6396103,218.4981048,44.68599961,4.88963225,0.978863564,-40.74583685,286.3314436,271.8579923,6514,0.900719027,203.4381409,195.4270782,151.0098267
33030,B-20-2-09_masks.tif,31,5901,581.9827561,215.253178,36.4924564,5.898566422,0.98552456,-37.37321319,306.640061,306.3501102,5681,0.962718183,203.6106262,198.4527435,156.0994568
33031,B-20-2-09_masks.tif,32,9845,603.3969696,218.4712474,58.74133247,3.719208234,0.963175238,-35.95752998,358.872321,335.5770442,5955,0.604875571,200.0670013,192.928299,143.5392151
33032,B-20-2-09_masks.tif,33,6150,506.3259018,193.6693712,41.88464852,4.62387481,0.976333853,-49.10310969,2390.553984,313.5325203,5632,0.915772358,207.9783325,204.2127075,143.9588013
33033,B-20-2-09_masks.tif,34,16258,941.7401154,345.1479637,66.47366144,5.19225143,0.981278395,80.40262648,2064.648112,301.9629721,7143,0.439352934,194.3240967,191.1677094,146.8906555
33034,B-20-2-09_masks.tif,35,11333,655.0538239,223.4328436,65.93984591,3.388434421,0.955459719,-41.75636429,4162.586958,341.9607341,8910,0.786199594,211.7820435,203.015152,143.2120056
33035,B-20-2-09_masks.tif,36,11769,694.0416306,298.3762963,54.39713492,5.485147274,0.983241007,-88.18773202,3852.23273,327.5318209,9540,0.810604129,202.8153076,197.9801941,154.3850098
33036,B-20-2-09_masks.tif,37,9900,602.5685425,215.8952661,59.58259766,3.623461793,0.961163615,-34.32719211,4185.926566,408.8834343,8239,0.832222222,211.2789154,203.3166656,153.0320435
33037,B-20-2-09_masks.tif,38,8408,527.1126984,197.1433097,56.54633307,3.486403078,0.957981927,-12.82528535,842.9688392,428.7566603,3015,0.35858706,199.6069641,191.7081299,142.1329956
33038,B-20-2-09_masks.tif,39,5427,412.627417,162.7724037,44.04555247,3.695546873,0.962693011,77.78323327,2036.885572,385.5168601,4173,0.768933112,205.1797333,202.5976563,149.6764984
33039,B-20-2-09_masks.tif,40,6407,431.7989899,174.5964169,47.69510876,3.660677612,0.961964789,81.21673159,3875.967379,384.2388013,6049,0.944123615,205.4220581,198.8019562,158.2387238
33040,B-20-2-09_masks.tif,41,8690,654.8111832,242.3263419,47.65963242,5.08451974,0.980468655,-31.61311861,5379.457537,469.7981588,7690,0.884925201,210.2184601,206.7400513,162.9022064
33041,B-20-2-09_masks.tif,42,7530,568.7695526,225.6938781,44.50779461,5.070884326,0.980362422,-74.13625325,403.7693227,425.8030544,6962,0.924568393,197.513504,194.3559265,145.4768677
33042,B-20-2-09_masks.tif,43,7189,566.2842712,231.3081764,41.6982929,5.547185755,0.983616873,87.95470504,3839.422034,421.1140632,4144,0.576436222,207.7748566,203.7294922,159.0236511
33043,B-20-2-09_masks.tif,44,6367,580.8111832,221.5803543,38.33077789,5.780742435,0.984923904,-42.18558065,903.8671274,489.4157374,5580,0.876393906,206.600174,200.449646,148.2419281
33044,B-20-2-09_masks.tif,45,6634,501.0121933,189.9737826,45.38254985,4.186053521,0.971047007,-64.77221241,1070.809466,464.500603,6020,0.907446488,203.9762421,200.9099731,151.4068146
33045,B-20-2-09_masks.tif,46,5482,463.6984848,190.602985,39.59576374,4.813721645,0.978184191,-72.91606557,422.2805545,460.2894929,4863,0.887085005,196.9761505,192.3526611,140.671402
33046,B-20-2-09_masks.tif,47,6573,613.3969696,217.315939,40.39445095,5.379846337,0.982572658,-30.34052594,5384.789442,536.8892439,5226,0.795070744,215.0206604,210.9490967,167.2443542
33047,B-20-2-09_masks.tif,48,1899,246.627417,90.0083152,28.56792689,3.150677176,0.948294397,-35.1805856,29.09268036,477.9878884,1163,0.612427593,198.86586,200.5571747,160.6182251
33048,B-20-2-09_masks.tif,49,7247,467.5563492,196.7739529,47.8542529,4.111942846,0.969977659,84.95270486,3855.975852,471.4568787,6381,0.880502277,208.5931702,200.4779816,159.0361938
33049,B-20-2-09_masks.tif,50,4736,457.8406204,171.265403,36.38826394,4.706610989,0.97716822,-56.94285937,1092.268159,528.5016892,4434,0.936233108,205.5444336,200.9936829,145.8067169
33050,B-20-2-09_masks.tif,51,6722,599.4974747,211.8772561,50.16953499,4.223225432,0.971561868,-27.79783091,39.73281761,571.007587,4998,0.743528712,199.2094879,192.1562653,141.9275665
33051,B-20-2-09_masks.tif,52,7153,510.9705627,222.1489034,42.46943544,5.23079483,0.981555864,-85.95524408,3858.074794,514.0480917,6528,0.912624074,205.0912933,199.7267151,148.7950439
33052,B-20-2-09_masks.tif,53,8996,574.8700577,233.0522925,50.81782642,4.586034251,0.975936857,80.62598814,3274.454869,548.0306803,6626,0.736549578,195.6190796,193.7600403,145.0724487
33053,B-20-2-09_masks.tif,54,6605,392.3847763,150.8382087,57.01899928,2.645402595,0.925799758,-85.35277354,3566.634519,541.4214989,6116,0.925965178,207.1934204,200.3487549,153.2235107
33054,B-20-2-09_masks.tif,55,8876,649.7401154,237.1297571,53.00619679,4.473623302,0.974696487,-27.56131528,62.11108607,639.1279856,7699,0.867395223,201.1218414,195.830368,146.6795654
33055,B-20-2-09_masks.tif,56,10313,611.9411255,243.3799149,55.57248367,4.379504007,0.973582306,79.7521466,3803.991952,560.9896247,8790,0.852322312,203.8889618,199.6144409,149.5426636
33056,B-20-2-09_masks.tif,57,11214,796.4680374,295.6507525,52.43728197,5.638178436,0.984145636,63.19192348,3166.182094,635.4148386,6889,0.614321384,195.2611389,193.2776947,144.0846252
33057,B-20-2-09_masks.tif,58,6492,421.2132034,165.27632,51.1670491,3.230131947,0.950871813,85.04829779,3566.828558,589.3667591,5887,0.90680838,207.3220673,202.3079681,155.3295441
33058,B-20-2-09_masks.tif,59,7068,458.3847763,191.6127696,49.2064904,3.89405479,0.966464108,84.01619357,3427.657046,612.4755235,5847,0.827249576,196.5613098,191.7527008,141.7581635
33059,B-20-2-09_masks.tif,60,10088,717.254834,276.8861991,51.71946432,5.353616917,0.98239994,72.65577647,3446.887688,686.318299,5991,0.59387391,199.320816,195.9507599,142.1886139
33060,B-20-2-09_masks.tif,61,4435,383.5979797,133.1991177,44.84449949,2.970244271,0.941621755,-49.52702904,822.4822999,694.0430665,4254,0.959188275,203.4532166,194.2315521,131.466156
33061,B-20-2-09_masks.tif,62,10864,707.0121933,282.0570329,53.35975969,5.285950211,0.981942282,75.61687075,3123.009389,700.5688513,6349,0.584407216,198.9658203,196.0063019,136.5322113
33062,B-20-2-09_masks.tif,63,6604,490.3847763,200.3594986,45.59968546,4.393878961,0.973757205,-10.74056633,125.8325257,763.1508177,5520,0.835857056,202.0813446,195.4670258,156.4253693
33063,B-20-2-09_masks.tif,64,6536,516.3259018,191.2921594,45.81487745,4.175328409,0.970895842,-51.8296793,847.6664627,748.6378519,6019,0.920899633,209.091217,204.535965,156.0913849
33064,B-20-2-09_masks.tif,65,7667,603.3969696,228.9781162,45.63442563,5.017661842,0.979939334,-49.99865579,897.5686709,768.3520282,6954,0.907004043,209.0366669,205.0379639,155.4682159
33065,B-20-2-09_masks.tif,66,5097,423.254834,138.9373434,49.39135938,2.812988853,0.934678652,-51.15292929,735.0545419,764.2030606,4423,0.867765352,210.7246246,205.1901398,142.710144
33066,B-20-2-09_masks.tif,67,9409,607.2132034,254.8815263,48.25427257,5.282050952,0.981915366,-86.82572532,2138.194601,776.6426825,8163,0.8675736,206.946228,202.5991669,166.4764252
33067,B-20-2-09_masks.tif,68,5197,449.3553391,169.5375388,40.64337646,4.171344842,0.970839392,-65.33748203,4326.525303,834.2822782,4930,0.948624206,206.5896606,201.4344788,147.3718109
33068,B-20-2-09_masks.tif,69,7303,500.1421356,221.0610124,43.21800511,5.115021202,0.980703181,85.76187556,2177.704094,823.2042996,6564,0.898808709,207.3414001,201.6038971,164.523468
33069,B-20-2-09_masks.tif,70,13016,851.0538239,306.725284,59.73210529,5.135015458,0.980854625,25.40428186,1949.494545,942.1002612,6825,0.52435464,201.9359741,197.7459412,157.692749
33070,B-20-2-09_masks.tif,71,12124,657.6984848,265.8051832,59.58341998,4.461059525,0.974551897,-80.83409095,450.2725998,856.3159848,10078,0.831243814,205.049408,201.8051147,150.934021
33071,B-20-2-09_masks.tif,72,15442,833.1126984,351.1613106,60.65437815,5.789545971,0.984970068,85.82396891,2136.865043,865.6964771,10468,0.677891465,206.3782043,201.3185883,161.8240356
33072,B-20-2-09_masks.tif,73,18468,1224.308658,450.6242548,62.6144502,7.196809256,0.990299333,29.21272998,1730.550412,1024.543914,9310,0.504115226,204.2317963,201.1810913,169.5958099
33073,B-20-2-09_masks.tif,74,5352,396.5269119,145.2433324,47.95826992,3.028535696,0.943913589,-62.2654823,4336.168722,881.468423,4887,0.913116592,209.5559692,204.806839,158.8674011
33074,B-20-2-09_masks.tif,75,15071,1118.651804,408.323507,50.44149112,8.094992791,0.992340445,28.26675478,1699.486763,1053.773937,6607,0.438391613,196.734375,193.5206604,158.8873901
33075,B-20-2-09_masks.tif,76,12232,834.9533188,261.5900158,65.1471586,4.015371067,0.968492432,44.87311332,1834.034581,968.9811969,4013,0.328073905,199.2095642,194.0832367,149.9471741
33076,B-20-2-09_masks.tif,77,9060,635.9827561,219.6894086,55.73470131,3.94169886,0.967283551,35.2160394,1902.055077,959.5586093,6507,0.718211921,199.921463,197.2191467,161.7415161
33077,B-20-2-09_masks.tif,78,5244,385.3553391,122.1955805,56.79308447,2.151592604,0.885430397,-57.60382731,427.4858886,920.7883295,4947,0.943363844,204.5189056,198.1489716,158.5093994
33078,B-20-2-09_masks.tif,79,5682,465.8406204,173.3112824,46.56632538,3.721815732,0.963227804,-49.98857235,504.93629,942.7009856,5395,0.949489616,203.2583923,198.7566223,153.3834991
33079,B-20-2-09_masks.tif,80,6865,440.8700577,166.2502045,53.08112178,3.132002469,0.947658892,-76.27654618,3802.081573,921.027094,6658,0.96984705,209.7709503,202.7012634,160.170929
33080,B-20-2-09_masks.tif,81,5484,444.627417,175.3956778,40.52147081,4.32846277,0.972946888,-13.73811821,26.39824945,990.6444201,3493,0.636943837,198.5582581,191.5828857,150.6387024
33081,B-20-2-09_masks.tif,82,6112,511.254834,192.5750015,41.47811045,4.642810376,0.976528818,-60.13494446,546.6750654,972.3347513,3361,0.549901832,205.8467712,204.6623077,161.825943
33082,B-20-2-09_masks.tif,83,9677,646.8111832,237.4263368,53.24652196,4.45900179,0.974528097,-56.84281335,2471.237574,989.2525576,7941,0.82060556,211.7360535,202.6069794,147.5812836
33083,B-20-2-09_masks.tif,84,5730,432.627417,175.0311085,43.07629068,4.063281812,0.969242797,-75.85590157,3830.134206,958.7225131,5121,0.893717277,210.568634,204.8908386,159.6463623
33084,B-20-2-09_masks.tif,85,5847,398.8700577,141.8362458,53.67163492,2.642666765,0.925639873,-17.83857193,5072.195485,1002.155635,5144,0.879767402,204.3925018,199.2414398,142.7573853
33085,B-20-2-09_masks.tif,86,4827,415.0121933,136.6089971,50.06930296,2.728398221,0.93041198,-44.74752084,346.0708515,988.5574891,3914,0.810855604,210.5275879,203.723053,152.5700073
33086,B-20-2-09_masks.tif,87,6578,662.7106781,248.6894658,38.37194171,6.481023757,0.988024573,-40.39655793,5129.672545,1022.306476,6291,0.956369717,209.931488,203.6604614,152.1664276
33087,B-20-2-09_masks.tif,88,11323,682.3259018,255.9014021,59.31601756,4.314204031,0.97276526,-22.19461603,238.5849157,1066.920692,8624,0.761635609,205.5237732,199.8665314,154.9022522
33088,B-20-2-09_masks.tif,89,4935,393.5979797,128.3201393,51.37303961,2.49781092,0.916362062,-45.85591992,2542.612766,994.7839919,4594,0.930901722,206.707016,195.5224152,140.3404388
33089,B-20-2-09_masks.tif,90,5657,447.5979797,166.6362937,44.20260504,3.769829709,0.964175827,-32.43624308,5179.305109,1048.428319,5168,0.913558423,207.2118835,200.9214325,154.6193848
33090,B-20-2-09_masks.tif,91,7574,528.9116882,195.8768857,50.23634242,3.899107225,0.966552466,-38.44054247,5221.658965,1065.195537,6644,0.877211513,209.8607788,205.0713501,170.8314209
33091,B-20-2-09_masks.tif,92,12287,853.0954544,303.8007187,58.28693625,5.212157959,0.981422478,49.54109096,1922.19834,1100.191015,7210,0.586799056,205.7814178,200.2644958,166.4172058
33092,B-20-2-09_masks.tif,93,5608,434.0416306,173.5433106,41.74495749,4.157228106,0.970638014,-12.74026412,2593.836662,1090.291548,3906,0.696504993,203.4127045,199.8174591,152.0762939
33093,B-20-2-09_masks.tif,94,4143,334.2842712,106.0008607,52.39115115,2.02325886,0.869318602,-71.01228603,2461.085445,1049.437123,3386,0.817282163,210.3112793,203.464859,143.2037811
33094,B-20-2-09_masks.tif,95,11305,635.3969696,229.5227753,64.83875907,3.539900804,0.959269127,-53.81287152,3644.193631,1086.266431,10103,0.893675365,213.1178894,204.2598267,151.3438568
33095,B-20-2-09_masks.tif,96,13674,830.8528137,296.4572116,59.67735587,4.967666668,0.979529277,46.61632385,1885.941787,1132.892131,10114,0.739651894,203.6187439,196.4884338,161.3820496
33096,B-20-2-09_masks.tif,97,9073,697.6396103,256.8804119,46.76659466,5.492818406,0.983288182,-59.0786545,3684.449576,1120.549322,8509,0.93783754,213.7537842,206.6976166,167.3430481
33097,B-20-2-09_masks.tif,98,7788,677.6396103,249.8294434,41.80385024,5.976230466,0.985901019,-55.06344001,3713.04019,1158.757833,0,0,,,
33098,B-20-2-09_masks.tif,99,5501,447.0121933,163.0442734,44.97097425,3.625544612,0.961209124,-46.11218425,4820.267224,1163.820396,5064,0.920559898,205.2215576,199.4662323,140.2355804
33099,B-20-2-09_masks.tif,100,8026,661.1543289,257.931965,41.53510192,6.209975492,0.986949311,65.87734349,2430.991528,1169.289559,4997,0.622601545,188.585144,189.1953125,147.5107117
33100,B-20-2-09_masks.tif,101,6566,488.0832611,179.769027,48.20147993,3.729533352,0.963382723,-42.33190305,4861.647426,1197.886537,6192,0.943039903,206.113205,201.2779388,149.0114594
33101,B-20-2-09_masks.tif,102,17292,929.0538239,360.1034872,70.04615855,5.140945551,0.980899197,-19.84399963,2203.05436,1293.425688,9955,0.575699746,208.865097,200.5304871,152.6916199
33102,B-20-2-09_masks.tif,103,13255,635.1126984,250.6968986,67.9689642,3.688402517,0.962545531,7.268251159,3072.396454,1256.822633,8660,0.653338363,200.741333,192.4105072,138.1181335
33103,B-20-2-09_masks.tif,104,15080,916.2253967,359.2593681,54.24519182,6.622879486,0.988535027,-20.45284446,2248.845027,1311.145424,11320,0.75066313,208.9126282,202.6566315,159.7562714
33104,B-20-2-09_masks.tif,105,24415,1464.149278,498.6593886,71.1029454,7.013202981,0.9897821,41.16387366,2039.988859,1351.413475,13304,0.544910915,201.5160065,193.3384705,143.4048462
33105,B-20-2-09_masks.tif,106,17287,1026.610173,388.9833695,61.49312047,6.325640438,0.987425226,22.55404939,3003.104819,1368.994389,10741,0.62133395,206.1278229,199.2695313,158.9396667
33106,B-20-2-09_masks.tif,107,9760,488.627417,190.8113448,65.8579717,2.897315842,0.938548623,1.062481314,5004.996004,1278.378791,9138,0.936270492,200.0584412,193.2916412,132.2295837
33107,B-20-2-09_masks.tif,108,13745,836.0832611,331.4422614,57.5418708,5.760018866,0.984814388,14.49278802,2941.027937,1355.248163,7696,0.559912696,198.1826935,192.8308258,157.5376892
33108,B-20-2-09_masks.tif,109,7916,485.4558441,187.7557778,55.74824929,3.367922405,0.954902683,80.62309773,3736.405129,1254.95288,5377,0.679257201,202.5884247,196.8166199,136.8082581
33109,B-20-2-09_masks.tif,110,5256,416.7279221,173.4481222,42.39259929,4.091471745,0.969671773,0.106477098,5134.527207,1336.314117,4852,0.923135464,205.9352875,204.2186737,160.0537872
33110,B-20-2-09_masks.tif,111,10510,614.8700577,244.1937527,56.35742281,4.332947472,0.973003637,8.624061282,5197.382493,1362.856708,10097,0.960704091,200.6251373,196.8862,156.3070221
33111,B-20-2-09_masks.tif,112,3612,350.3847763,133.8721007,35.90712536,3.728287891,0.963357789,19.34657069,5242.833056,1313.254153,3400,0.941306755,199.5941162,198.1117706,163.7929382
33112,B-20-2-09_masks.tif,113,9087,731.8406204,280.3577531,45.2254767,6.199111066,0.986903222,-10.22627885,2366.528447,1392.37218,6457,0.710575547,210.0249329,205.569931,153.7536011
33113,B-20-2-09_masks.tif,114,9810,560.2842712,220.0692664,57.7759932,3.809008799,0.964922336,0.428009871,3206.212232,1391.528542,4461,0.454740061,208.6135406,203.4521332,164.830307
33114,B-20-2-09_masks.tif,115,12437,871.6396103,332.4664534,50.117481,6.633742295,0.988572761,-20.96783187,2279.52191,1426.130578,5371,0.431856557,207.2178345,201.6637573,150.6486664
33115,B-20-2-09_masks.tif,116,9210,675.6396103,251.1630214,48.56694842,5.17148039,0.981126255,-58.0904694,4488.380347,1358.695874,7301,0.792725299,211.8956299,206.6669006,153.1854553
33116,B-20-2-09_masks.tif,117,8145,467.254834,153.287952,68.96553618,2.222674693,0.89307471,-40.69692001,4773.747452,1361.54733,7130,0.875383671,203.9486694,196.2727966,117.1489487
33117,B-20-2-09_masks.tif,118,18865,1217.823376,435.0450466,69.06360926,6.299193618,0.987318736,24.18509438,1992.012775,1521.506706,8514,0.451311953,196.2767181,191.484848,157.8783112
33118,B-20-2-09_masks.tif,119,8020,543.8406204,199.5606689,52.12456003,3.828534356,0.965285635,-26.77875828,2444.337406,1392.501995,6611,0.824314214,207.3907166,201.5085449,151.0361481
33119,B-20-2-09_masks.tif,120,12085,872.1665222,315.3112057,50.35065825,6.262305532,0.987167924,47.3439219,3665.237815,1434.78676,8936,0.739429044,199.1196289,193.7645416,147.6819611
33120,B-20-2-09_masks.tif,121,12926,799.9411255,325.178542,60.04647546,5.415447609,0.982803039,-1.057735918,1216.156584,1519.254526,10784,0.834287483,206.4308167,200.9844208,161.0088043
33121,B-20-2-09_masks.tif,122,21233,1132.166522,431.6983349,64.3878346,6.704656827,0.988814572,25.58285395,2053.215419,1534.755051,13621,0.641501436,209.5077515,203.5092926,172.5562744
33122,B-20-2-09_masks.tif,123,10037,572.8700577,229.7079048,58.76773086,3.908742118,0.966719991,2.25030238,4857.47305,1455.452027,7990,0.796054598,202.3872375,198.4032593,142.3121338
33123,B-20-2-09_masks.tif,124,9298,586.627417,238.3153904,50.65156774,4.704995345,0.977152354,-1.80375305,4904.614003,1470.730157,354,0.038072704,239.5254211,211.3079071,218.1355896
33124,B-20-2-09_masks.tif,125,11526,903.5807358,318.1506455,48.06450127,6.619243664,0.988522355,41.9301518,2102.034964,1485.541038,6894,0.598125976,201.7001801,194.4263153,158.6124115
33125,B-20-2-09_masks.tif,126,4313,431.4558441,176.6103124,33.48888028,5.273700133,0.981857518,-72.76222196,72.09552516,1391.968004,4178,0.968699281,195.2934418,192.8733826,135.6517487
33126,B-20-2-09_masks.tif,127,2700,250.7279221,91.13155417,40.16423858,2.268972534,0.897640643,2.670233865,5256.358148,1406.576667,2425,0.898148148,201.1946411,199.8061829,159.9496918
33127,B-20-2-09_masks.tif,128,10423,564.0416306,234.6861677,58.26083907,4.028197525,0.968696001,-7.1954599,1075.828168,1510.271995,8105,0.777607215,208.3739624,202.0002441,163.9261017
33128,B-20-2-09_masks.tif,129,10114,628.0416306,268.8245218,49.42443452,5.439101617,0.982953583,-2.983896118,1122.460055,1528.609156,988,0.097686375,223.743927,223.4726715,204.8674164
33129,B-20-2-09_masks.tif,130,4180,356.627417,135.7243884,40.98220301,3.311788495,0.953323241,19.31952268,5155.257895,1461.27799,3907,0.934688995,199.1458893,196.2761688,150.1433258
33130,B-20-2-09_masks.tif,131,9668,673.882251,246.9780789,50.675539,4.873713901,0.978723766,-51.33339146,4439.07561,1496.942077,9023,0.933285064,209.6222992,203.229187,148.1635895
33131,B-20-2-09_masks.tif,132,10173,615.7401154,222.201406,59.19751179,3.753559893,0.96385876,56.79948877,3622.156001,1498.920869,8960,0.880762803,205.1342621,199.9493256,148.1370544
33132,B-20-2-09_masks.tif,133,9352,690.8700577,281.4861179,47.51585381,5.924046298,0.985649717,0.906071511,4938.59506,1608.859388,648,0.069289991,201.8179016,176.0895081,195.7067871
33133,B-20-2-09_masks.tif,134,12685,1104.308658,393.1497952,43.16984026,9.107047718,0.993953141,34.16859166,1026.884115,1664.142294,3417,0.269373276,195.2639771,193.4454193,167.8890839
33134,B-20-2-09_masks.tif,135,10293,744.1837662,291.1644911,49.10891326,5.92895407,0.985673637,-79.88248059,1638.057709,1534.422617,5083,0.493830759,206.2447357,200.0202637,158.9136353
33135,B-20-2-09_masks.tif,136,8479,577.254834,217.1150603,51.41647307,4.222675094,0.971554347,22.2849101,4838.253214,1607.9165,7379,0.87026772,204.3691559,201.3888092,154.7913055
33136,B-20-2-09_masks.tif,137,10836,685.8406204,271.0912872,51.95088103,5.218223095,0.981466046,-72.53418713,4475.825581,1559.243355,9477,0.874584718,210.4335785,202.9427032,151.6881866
33137,B-20-2-09_masks.tif,138,9074,574.627417,233.6217153,53.73036105,4.348039186,0.973193293,-7.096100594,4990.086621,1620.06965,6266,0.690544413,209.0528259,203.516922,154.9446259
33138,B-20-2-09_masks.tif,139,8232,718.1248917,264.6693386,50.54535548,5.236274156,0.981594806,44.47766225,4199.136905,1624.30758,5258,0.638726919,203.0713196,196.2683563,147.8560333
33139,B-20-2-09_masks.tif,140,8254,697.5979797,257.4360507,42.92509859,5.997331611,0.98600076,-73.50052273,1579.996971,1588.932033,5052,0.612066877,209.6848755,206.4210205,161.5576019
33140,B-20-2-09_masks.tif,141,12302,726.6690476,280.1566,57.80534498,4.84655182,0.978481986,-74.76788726,4508.253373,1601.818404,8524,0.692895464,207.5427094,199.3221436,154.4526062
33141,B-20-2-09_masks.tif,142,7275,440.8700577,156.3310782,61.73953524,2.532106495,0.918712032,-84.88011068,3778.484674,1596.642199,5952,0.81814433,207.7567139,200.4563141,160.4862213
33142,B-20-2-09_masks.tif,143,6163,531.8406204,201.5864543,41.87154077,4.81440259,0.97819043,-64.88956284,4578.499108,1628.329872,4938,0.801233166,211.5396881,203.214859,167.86026
33143,B-20-2-09_masks.tif,144,5196,387.1126984,123.1458243,58.21771283,2.115263865,0.88119431,-67.26684295,3671.146844,1629.138568,4585,0.882409546,213.5914917,207.2730713,154.772522
33144,B-20-2-09_masks.tif,145,12109,804.7106781,304.4294164,54.76191163,5.559145166,0.983687872,28.14774927,4003.29284,1708.641011,9975,0.823767446,205.6106262,198.6650696,155.1103821
33145,B-20-2-09_masks.tif,146,11019,838.1837662,337.4101554,50.73488245,6.650457025,0.988630459,79.43344426,3357.165079,1638.438425,6915,0.627552409,192.4888,189.013443,140.8454132
33146,B-20-2-09_masks.tif,147,9316,582.5685425,206.2204451,58.24588375,3.540515343,0.959283565,43.19698124,4167.429476,1678.337162,7126,0.764920567,202.4681396,194.6247559,151.5837708
33147,B-20-2-09_masks.tif,148,13517,965.8233765,340.2620472,58.19245254,5.847185198,0.98526713,39.68875716,4099.892728,1753.066065,7104,0.525560405,203.6927032,195.4376373,155.0950165
33148,B-20-2-09_masks.tif,149,10300,725.1959595,256.0369114,52.92903302,4.837362347,0.97839925,42.74645027,4132.626796,1718.543107,9075,0.881067961,205.6796722,200.9420319,164.8959808
33149,B-20-2-09_masks.tif,150,11182,525.9411255,186.6571148,77.14409307,2.419590501,0.910598064,-76.21959056,3749.841531,1669.065909,6708,0.599892685,207.9332123,194.9496155,148.1471405
33150,B-20-2-09_masks.tif,151,6323,556.0832611,206.8692947,40.38487255,5.122445156,0.980759622,27.72116249,3964.636407,1725.758343,4870,0.770204017,198.8525696,193.2445526,159.0948639
33151,B-20-2-09_masks.tif,152,6202,473.4558441,182.5479811,49.99229241,3.651522512,0.961770032,-77.0847724,4435.27991,1683.047082,5771,0.930506288,208.0516357,201.7662506,154.7750854
33152,B-20-2-09_masks.tif,153,6006,509.8406204,199.8796643,41.20227459,4.851180337,0.978523478,-60.39652975,4513.863636,1718.78355,5684,0.946386946,207.5445099,199.6618652,151.5063324
33153,B-20-2-09_masks.tif,154,20797,1075.882251,392.2253527,77.08568297,5.088173803,0.980496977,-13.65359157,1723.703275,1888.995192,7786,0.37438092,202.6818695,193.3808136,152.9781647
33154,B-20-2-09_masks.tif,155,5157,368.3847763,136.1472462,49.35557689,2.758497718,0.931977486,-87.27680846,4743.666473,1716.205546,4502,0.872988171,196.824295,187.8485107,132.4067078
33155,B-20-2-09_masks.tif,156,11443,739.2964646,272.1329783,54.43037196,4.999653107,0.979793064,-30.245709,5003.505025,1818.142008,10013,0.875032771,207.9243927,202.4034729,153.2137146
33156,B-20-2-09_masks.tif,157,19617,1037.39697,390.8492671,67.60199533,5.781623238,0.984928532,-15.2370092,1661.091655,1904.689198,7932,0.404343172,204.418808,194.0882568,141.7825317
33157,B-20-2-09_masks.tif,158,6358,479.0121933,175.5214786,47.64135371,3.684225256,0.962458892,-60.43858468,4518.267065,1758.945738,5495,0.864265492,210.0677032,201.6072845,151.5170135
33158,B-20-2-09_masks.tif,159,5053,352.8700577,113.7186267,58.71570896,1.936766645,0.856393045,-71.15192132,4641.362953,1743.622007,4201,0.831387295,207.1887665,198.0314178,135.0835571
33159,B-20-2-09_masks.tif,160,6048,475.1126984,182.4467008,43.6886237,4.176068856,0.970906316,68.22503483,3903.679067,1761.317626,4761,0.787202381,202.6444092,200.1577454,158.1539612
33160,B-20-2-09_masks.tif,161,8377,485.1126984,178.8678379,61.77204545,2.895611381,0.938473885,-68.14939709,4707.0191,1803.438582,7665,0.915005372,206.479187,196.7555084,134.0635376
33161,B-20-2-09_masks.tif,162,14398,928.8111832,364.3042628,52.84314923,6.894067976,0.989423998,-18.07284729,1974.69336,1968.374566,7738,0.537435755,206.2660828,199.6665802,155.042511
33162,B-20-2-09_masks.tif,163,8218,659.1543289,246.0280532,44.0631757,5.583529769,0.983831207,-59.44140189,4723.110489,1871.374909,7850,0.955220248,207.8719788,201.6358032,159.4277649
33163,B-20-2-09_masks.tif,164,12114,800.2670273,282.7405482,55.80452745,5.066623823,0.980329051,-42.01606857,5107.18879,1942.838369,9718,0.802212316,208.8840332,201.5483704,146.8381348
33164,B-20-2-09_masks.tif,165,16079,949.0538239,355.0355457,62.65215332,5.666773238,0.984306509,-20.21358567,1909.247341,1997.698862,9703,0.603457926,206.9751587,201.0916138,158.8067627
33165,B-20-2-09_masks.tif,166,4905,364.2842712,119.0593739,54.03275384,2.203466702,0.891088121,-20.89385717,5062.5421,1909.592661,1904,0.388175331,201.0840302,194.9679565,142.3671265
33166,B-20-2-09_masks.tif,167,6734,511.0121933,198.5585364,44.97947461,4.414425428,0.974004177,-64.40887942,4735.347045,1909.794179,6080,0.902880903,210.5223694,200.0833893,145.4801025
33167,B-20-2-09_masks.tif,168,8575,621.6396103,220.3354072,51.17056276,4.305901583,0.972658656,-38.79553415,4854.846414,1946.291429,7968,0.929212828,207.6036682,200.7659454,139.7103424
33168,B-20-2-09_masks.tif,169,6049,570.5685425,214.5084645,38.75427553,5.535091589,0.983544601,-57.00874677,920.6528352,1936.673665,5828,0.963465036,211.6407013,207.3049011,154.360672
33169,B-20-2-09_masks.tif,170,7949,648.2253967,246.3299596,42.72808388,5.76505982,0.984841138,-57.909679,4510.160272,1949.25022,7225,0.908919361,205.9169617,199.7348022,143.5576477
33170,B-20-2-09_masks.tif,171,12328,682.6690476,246.6047192,65.4267049,3.769175286,0.964163155,-72.15425658,4281.921561,1936.363076,9069,0.73564244,206.2198639,198.869339,143.8449707
33171,B-20-2-09_masks.tif,172,13242,891.5391052,339.5343349,50.92409854,6.667458918,0.988688701,24.85567895,673.4734179,2074.299653,10725,0.809922972,201.8652649,194.297348,158.7184143
33172,B-20-2-09_masks.tif,173,14315,848.7106781,318.2958613,61.88339466,5.143477714,0.980918183,26.91203335,718.751729,2058.454698,5105,0.356618931,215.3055878,211.9187012,176.1345673
33173,B-20-2-09_masks.tif,174,7816,565.254834,214.2690913,48.07201308,4.45725231,0.974507836,-64.194724,4676.18782,1994.745266,6730,0.861054248,206.2658234,196.3502197,142.4175262
33174,B-20-2-09_masks.tif,175,9004,615.1543289,231.716662,50.95639215,4.547352201,0.975520572,-30.46156131,4928.518436,2060.089516,8245,0.915704131,202.1440887,194.3112183,135.0089722
33175,B-20-2-09_masks.tif,176,10419,819.0538239,310.2742805,46.88463816,6.617823934,0.988517401,25.85344615,631.4289279,2112.872253,9249,0.887705154,199.4972382,191.8625793,156.2541962
33176,B-20-2-09_masks.tif,177,12538,838.7106781,309.4285298,54.93425084,5.632706827,0.984114571,23.53050291,596.6603126,2151.696523,5555,0.443053119,199.8703918,193.7062073,151.1508484
33177,B-20-2-09_masks.tif,178,8484,510.627417,206.5875904,53.43181659,3.866377816,0.965973781,-8.642087263,1191.682107,2147.049505,6861,0.808698727,206.1990967,199.9819336,159.9526367
33178,B-20-2-09_masks.tif,179,6729,531.254834,202.6282687,43.26247305,4.683695924,0.976941621,-59.4960708,4565.427107,2109.716303,6486,0.96388765,207.2698059,200.111618,150.4768677
33179,B-20-2-09_masks.tif,180,7684,541.254834,204.9941562,50.28770234,4.076427171,0.969443965,60.8215021,451.042556,2124.747007,6527,0.849427382,194.6854553,189.9281464,144.6718292
33180,B-20-2-09_masks.tif,181,7466,510.627417,209.6687212,47.7753769,4.388635628,0.973693612,-10.63954743,1232.829226,2162.590812,3443,0.461157246,203.8649445,196.7833252,161.4228821
33181,B-20-2-09_masks.tif,182,7313,511.254834,191.3270828,50.0484119,3.822840237,0.965180277,-59.14409737,4577.014221,2152.203063,6235,0.852591276,210.515152,202.0668793,154.7624664
33182,B-20-2-09_masks.tif,183,9129,660.0832611,264.8059285,45.59092279,5.808303765,0.985067723,-20.63324119,4690.13375,2207.528097,7859,0.860882901,199.2058716,192.4971313,138.7465363
33183,B-20-2-09_masks.tif,184,6361,532.6690476,201.3264148,41.48472287,4.853025425,0.978539984,-29.57113423,4790.892941,2180.652413,4962,0.780066027,208.2206726,201.443161,156.243042
33184,B-20-2-09_masks.tif,185,6557,572.3259018,183.9768885,48.20843884,3.816279741,0.96505829,56.01668845,447.3248437,2174.772914,3359,0.512276956,200.5141449,194.8654327,155.296814
33185,B-20-2-09_masks.tif,186,6063,521.7989899,237.2645177,34.31366339,6.914578457,0.98948698,-6.632082192,841.2327231,2237.907801,5780,0.953323437,205.6953278,198.8392792,139.7615967
33186,B-20-2-09_masks.tif,187,10812,719.8406204,282.5858122,49.69042557,5.686926786,0.984418421,-15.47511253,978.4134295,2280.100999,8000,0.739918609,205.4477539,198.3213806,155.5848694
33187,B-20-2-09_masks.tif,188,9909,572.8700577,233.2748843,55.32808495,4.216211071,0.971465776,-6.135470122,1267.456656,2253.006862,8147,0.822181855,206.9606018,201.4172058,148.9634247
33188,B-20-2-09_masks.tif,189,9352,652.4680374,237.6536135,51.20145558,4.641540183,0.976515816,-46.61716108,1404.500321,2253.377032,4862,0.519888794,211.5818634,207.928833,157.7132874
33189,B-20-2-09_masks.tif,190,11208,709.0538239,250.7061802,58.15075014,4.311314636,0.972728231,-33.93743252,1449.766149,2287.257049,9390,0.837794433,210.4233246,203.3678436,159.2640076
33190,B-20-2-09_masks.tif,191,4194,397.6984848,154.1326881,35.71825361,4.31523584,0.972778465,-22.93963098,4723.318789,2252.351693,3443,0.820934669,212.8707581,207.3912354,153.7778168
33191,B-20-2-09_masks.tif,192,5578,449.5979797,171.1088789,45.35604334,3.772570672,0.96422883,-36.07263603,1471.988347,2338.988347,4973,0.891538186,211.6682129,204.4920502,157.6334229
33192,B-20-2-09_masks.tif,193,5703,522.6690476,189.1962555,43.12859405,4.386793952,0.973671221,-36.30210466,1509.505699,2358.998071,5183,0.908819919,209.1497192,202.2942352,156.2344208
33193,B-20-2-09_masks.tif,194,1463,163.8994949,49.47757995,38.25681649,1.293301024,0.634143727,-43.05946772,864.2781955,2362.944634,0,0,,,
33194,B-20-2-09_masks.tif,195,20322,1052.911688,420.2824645,63.1239,6.658056054,0.988656546,9.509459594,5163.552997,2553.567907,8914,0.438637929,191.4989929,185.693634,128.9078979
33195,B-20-2-09_masks.tif,196,8747,559.6984848,215.2866881,53.62491186,4.014676773,0.968481356,78.22454264,1180.482565,2426.195839,7413,0.847490568,193.2055817,187.641037,143.5443115
33196,B-20-2-09_masks.tif,197,10680,623.5979797,242.9276932,57.80290599,4.20268997,0.971279158,-73.8895717,1515.617228,2439.972659,9088,0.85093633,205.1153107,200.1449127,146.5534821
33197,B-20-2-09_masks.tif,198,10324,593.1126984,236.6610075,57.35603596,4.126174405,0.970187578,77.51881614,1078.650717,2470.297365,9518,0.921929485,199.8235931,194.3530121,141.51828
33198,B-20-2-09_masks.tif,199,10232,691.9411255,277.7437748,54.36964764,5.108434336,0.980652895,82.28371176,4604.829652,2512.752541,8095,0.791145426,201.781601,195.7283478,148.5368805
33199,B-20-2-09_masks.tif,200,6779,559.1126984,211.6406674,43.34574303,4.88261713,0.978802127,79.89502964,1061.84806,2516.282195,3996,0.589467473,203.6771698,199.3443451,155.9139099
33200,B-20-2-09_masks.tif,201,22019,1246.267027,482.7998439,70.71901363,6.827016089,0.989214094,18.88136175,5119.92125,2716.926881,9092,0.412916118,194.0524597,190.4374237,135.0967865
33201,B-20-2-09_masks.tif,202,13758,726.0416306,303.7431155,60.0495826,5.058205275,0.980262858,86.56021494,4595.53329,2560.162088,10721,0.779255706,206.5109558,198.0183716,153.3548126
33202,B-20-2-09_masks.tif,203,10251,839.3380951,299.7691895,44.867162,6.681260328,0.98873565,-45.59184289,3935.948395,2681.375866,8186,0.798556238,210.1236267,203.7385712,156.2194061
33203,B-20-2-09_masks.tif,204,11889,805.5391052,291.3643972,52.86911056,5.511051616,0.983399513,-31.20982794,3853.79788,2695.660274,10284,0.865001262,207.5834351,200.1084137,153.9379578
33204,B-20-2-09_masks.tif,205,10815,630.3847763,275.9101793,50.66398584,5.445883792,0.982996382,-88.63764916,4582.178363,2611.642903,9808,0.906888581,209.0570984,201.0563812,163.0480194
33205,B-20-2-09_masks.tif,206,13835,764.7695526,299.0875359,63.93108669,4.678280182,0.976887572,89.69621747,4571.75627,2661.400506,9937,0.718250813,206.5067902,198.0816193,153.3028107
33206,B-20-2-09_masks.tif,207,5221,386.2842712,137.2659814,49.72996555,2.760226754,0.932065784,-72.74686529,4436.729362,2792.964949,2866,0.548936985,201.5659485,196.8632202,160.5279083
33207,B-20-2-09_masks.tif,208,9295,789.1126984,330.9618425,44.32395194,7.466884788,0.990991516,-87.36889878,4021.361162,2796.659172,5814,0.625497579,197.2879181,190.4308624,144.8015137
33208,B-20-2-09_masks.tif,209,13048,743.9411255,289.3958822,59.24926528,4.884379255,0.978817584,89.76590273,3965.448651,2856.226931,10760,0.824647456,205.9981384,199.2332764,159.0193329
33209,B-20-2-09_masks.tif,210,5643,527.0121933,160.6173635,50.11757282,3.204811296,0.950071969,-57.13415635,3749.299663,2952.808967,4304,0.762714868,204.109436,196.141037,147.09758
33210,B-20-2-09_masks.tif,211,18220,1008.024387,376.3292697,65.84345255,5.715515441,0.984575125,-63.4070889,4382.577497,3108.987651,12552,0.688913282,205.4631958,198.9814301,151.6507263
33211,B-20-2-09_masks.tif,212,13577,929.0538239,325.4610481,59.95047677,5.428831689,0.982888465,-23.62992321,5318.544671,3296.167342,7164,0.527657067,201.5675659,197.485199,152.9257355
33212,B-20-2-09_masks.tif,213,9487,693.7401154,262.9693184,48.42279893,5.430692241,0.98290029,-22.54306588,5215.029936,3283.462528,8571,0.903446822,201.1113129,198.2186432,159.4582825
33213,B-20-2-09_masks.tif,214,5961,469.9411255,185.0453913,47.44420262,3.900274028,0.966572821,-15.17857992,1696.912766,3287.553431,5242,0.879382654,203.7935944,198.8334656,146.6207581
33214,B-20-2-09_masks.tif,215,9815,662.0832611,258.7735706,52.38136902,4.940183418,0.979298464,-21.41136892,5352.593887,3333.188181,7118,0.725216505,195.0271149,191.3793182,139.0123596
33215,B-20-2-09_masks.tif,216,8391,592.7695526,226.2219931,48.89480052,4.626708581,0.976363185,-17.77418534,5248.932785,3316.707186,7382,0.879752115,202.027771,197.711731,156.3864746
33216,B-20-2-09_masks.tif,217,5862,420.627417,167.740948,45.47556255,3.688595338,0.962549523,-12.46392788,1749.265097,3318.20232,5468,0.932787445,202.5239563,196.559433,147.4283142
33217,B-20-2-09_masks.tif,218,11411,719.882251,237.3709056,64.99390394,3.652202609,0.961784551,-37.76651157,451.8866883,3370.125843,8036,0.704232758,204.9579468,199.6740875,137.0409393
33218,B-20-2-09_masks.tif,219,16464,1072.325902,416.7954849,60.83315843,6.851452328,0.98929131,-78.07372265,4884.498907,3322.780916,11121,0.675473761,197.8315735,191.5601044,154.3655243
33219,B-20-2-09_masks.tif,220,13509,762.2253967,277.7002676,63.29907824,4.387113925,0.973675113,-23.80625338,352.0016285,3420.216596,8848,0.65497076,206.6699829,200.2497711,150.5746002
33220,B-20-2-09_masks.tif,221,11907,699.3553391,278.8231933,56.80584908,4.90835359,0.979026217,-79.99314122,1449.757034,3320.43613,10427,0.875703368,203.0357666,197.9668121,151.8917236
33221,B-20-2-09_masks.tif,222,12596,781.7817459,267.0123693,69.54382468,3.839483527,0.965486879,32.12904489,147.4608606,3424.686885,5581,0.443077167,202.6179962,197.5235596,153.9862061
33222,B-20-2-09_masks.tif,223,13029,820.8528137,289.0672986,62.39169176,4.633105634,0.976429199,-51.24504157,5002.05695,3372.455139,8090,0.620922557,202.162674,194.6285553,147.7681122
33223,B-20-2-09_masks.tif,224,11240,844.5269119,333.5372755,52.20491803,6.389001038,0.987674949,-1.481445822,570.2494662,3511.099377,5025,0.447064057,202.6937256,197.9102478,145.2167206
33224,B-20-2-09_masks.tif,225,13061,723.3553391,290.5744366,59.00552523,4.924529279,0.97916524,-79.67472408,1450.676135,3375.245923,10675,0.817318735,208.931427,203.034668,166.2836609
33225,B-20-2-09_masks.tif,226,20325,1349.320851,490.0635531,54.95382076,8.91773395,0.993692856,52.66381517,4845.758672,3505.332349,11891,0.58504305,194.2186584,189.5679016,149.0675354
33226,B-20-2-09_masks.tif,227,9670,702.8700577,291.4352692,44.6995562,6.519869412,0.988167699,-6.21912902,515.8302999,3520.748294,5608,0.579937952,200.8721466,196.2664032,155.1779633
33227,B-20-2-09_masks.tif,228,6739,456.9705627,193.0658065,47.31332172,4.080580257,0.969507109,-83.8625241,1419.207152,3451.290993,6139,0.910966019,198.2993927,193.4121246,148.1930237
33228,B-20-2-09_masks.tif,229,12571,875.0121933,323.5688868,55.89745989,5.788615214,0.984965197,84.84114339,4181.838676,3461.389229,7503,0.596849893,194.9156342,186.831131,129.5121918
33229,B-20-2-09_masks.tif,230,5997,391.2132034,138.1422757,57.32537227,2.409792911,0.909833536,-77.1392962,5376.450058,3462.159246,4477,0.746539937,196.7507324,189.8454285,131.9555511
33230,B-20-2-09_masks.tif,231,7080,475.7989899,204.9655683,46.8777684,4.372340563,0.973494493,-85.16101252,1401.290819,3493.033757,6772,0.956497175,207.6707001,200.449646,150.9757843
33231,B-20-2-09_masks.tif,232,6459,569.3553391,225.7164388,43.79666472,5.153735799,0.980994804,-81.976335,5045.435981,3515.517572,5252,0.813128967,197.3132172,191.5877686,142.3583374
33232,B-20-2-09_masks.tif,233,4772,441.4558441,180.9156874,36.21025732,4.996255226,0.979765286,-75.31273491,5360.512783,3530.30176,4687,0.982187762,198.2093048,192.6112671,141.4755707
33233,B-20-2-09_masks.tif,234,13617,772.4264069,291.4421576,61.71729741,4.722211921,0.977320579,75.27226982,4269.560549,3543.696482,6359,0.466989792,194.1484528,186.6861115,133.8340912
33234,B-20-2-09_masks.tif,235,6824,490.3847763,205.9274865,43.85688387,4.695442728,0.977058202,-88.67273268,1417.777989,3534.199297,3589,0.525937866,205.1791534,198.7138519,163.7882385
33235,B-20-2-09_masks.tif,236,4070,356.0416306,135.2757786,39.40060441,3.433342727,0.956643524,73.32730713,1866.436609,3557.87371,3754,0.922358722,198.6638184,192.0562134,157.9003754
33236,B-20-2-09_masks.tif,237,5261,533.8406204,200.3139628,41.8460619,4.78692507,0.977936501,57.52746888,1269.763733,3601.773997,4279,0.813343471,188.2416382,182.4409943,142.2049561
33237,B-20-2-09_masks.tif,238,6858,533.8406204,195.2515672,50.2400164,3.886375467,0.966329135,64.35820215,1185.370079,3606.276465,4032,0.587926509,195.7571869,190.0255432,141.3229218
33238,B-20-2-09_masks.tif,239,8639,540.627417,225.7953847,49.92864979,4.522361122,0.97524583,-89.96129169,1414.515453,3579.001389,6903,0.799050816,200.6675415,192.9052582,153.482254
33239,B-20-2-09_masks.tif,240,3196,302.627417,112.1962937,37.20103105,3.01594581,0.943430288,-64.18325363,1625.999687,3586.082916,2591,0.810700876,206.19104,206.0868378,169.7005005
33240,B-20-2-09_masks.tif,241,4378,378.0416306,134.3584687,44.02389651,3.051944043,0.944795703,78.02695404,1866.816126,3605.241206,4010,0.915943353,197.3710785,192.2763062,155.2019958
33241,B-20-2-10_masks.tif,1,16147,812.0416306,351.0330609,60.69169769,5.783872824,0.984940343,1.09711309,1241.476249,164.8762618,7342,0.454697467,201.6913605,195.0422211,142.1496887
33242,B-20-2-10_masks.tif,2,15109,1040.267027,392.4676467,56.43630986,6.95416918,0.989606969,26.24194356,1544.565027,199.8427427,4223,0.279502283,202.70755,198.587265,150.4806976
33243,B-20-2-10_masks.tif,3,16006,1087.923882,373.1235528,62.28299626,5.990777182,0.985969892,28.09519413,1506.330564,224.4900662,9103,0.568724228,204.0762329,197.8012695,163.2780457
33244,B-20-2-10_masks.tif,4,15381,1146.894444,424.552448,53.81908399,7.888511221,0.991932569,28.55636371,1451.318575,278.1254795,72,0.0046811,202.625,193.722229,200.4583282
33245,B-20-2-10_masks.tif,5,15880,826.0832611,320.36031,66.99296086,4.78199957,0.977890512,15.93611443,1843.680605,274.6192695,9103,0.573236776,197.641983,190.4020691,133.5403748
33246,B-20-2-10_masks.tif,6,8556,776.2253967,291.407679,42.73347286,6.819190193,0.989189188,22.49326668,74.72814399,252.2717391,6422,0.750584385,190.5562134,186.3657684,143.845993
33247,B-20-2-10_masks.tif,7,11819,826.1248917,303.0519766,52.28425563,5.796237757,0.985005016,31.13083296,1401.100008,299.2137237,7150,0.604958118,197.5331421,192.7871399,148.2092285
33248,B-20-2-10_masks.tif,8,6147,671.7401154,223.305811,41.00459715,5.445872572,0.982996311,25.72850482,46.19863348,282.014804,4329,0.704245974,192.6435699,186.5631714,146.3252411
33249,B-20-2-10_masks.tif,9,11310,727.4974747,275.366046,54.38139679,5.063607452,0.980305372,19.0587592,1356.513528,329.045977,5791,0.512024757,196.7525482,191.3885345,152.5527496
33250,B-20-2-10_masks.tif,10,13727,939.9827561,355.7472221,53.32307103,6.671544141,0.988702628,16.51023517,1329.378451,400.7037954,6780,0.493917098,191.5697632,188.2638702,155.8187256
33251,B-20-2-10_masks.tif,11,13803,878.9533188,303.7131376,68.27962796,4.448078391,0.974401193,60.18250808,2073.5188,287.8786496,3639,0.263638339,191.6070404,186.6111603,153.8430939
33252,B-20-2-10_masks.tif,12,20799,1057.923882,362.3166608,74.74712299,4.847232192,0.978488093,59.91054169,2043.601087,336.4534353,7470,0.359151882,201.7934418,195.8413696,154.5945129
33253,B-20-2-10_masks.tif,13,12249,821.1126984,336.9538676,48.91562283,6.888471374,0.989406714,-7.207504549,2735.968242,416.7265899,7233,0.590497183,202.8610535,196.4386902,153.153595
33254,B-20-2-10_masks.tif,14,8607,723.6984848,281.950923,41.64181901,6.770859913,0.989033444,-7.109384881,2783.508075,407.1898455,5254,0.610433368,204.4958191,199.6208649,144.9449921
33255,B-20-2-10_masks.tif,15,14563,899.5391052,316.8689483,69.28756079,4.573244386,0.975800404,59.47808499,2017.950079,396.3940809,10737,0.737279407,204.2899323,199.5737152,161.4866333
33256,B-20-2-10_masks.tif,16,8583,632.7695526,253.4796506,46.94142708,5.399913601,0.982703083,73.71166452,565.2620296,351.4689503,7912,0.921822207,191.2075348,188.2388763,143.6912231
33257,B-20-2-10_masks.tif,17,10291,801.1543289,315.0473894,43.67704659,7.213111096,0.990343344,73.11674884,561.3603148,402.1648042,5704,0.554270722,197.5930939,194.2310638,152.835907
33258,B-20-2-10_masks.tif,18,10494,833.1543289,326.6454079,44.05226052,7.414952242,0.990864304,73.67493115,548.8174195,449.7994092,176,0.016771488,227.5170441,203.9147797,204.8125
33259,B-20-2-10_masks.tif,19,16286,901.4974747,350.5463807,61.22984588,5.725090039,0.984627077,-15.5470648,3624.777416,587.8016701,8644,0.530762618,206.1078186,197.9568481,145.0853729
33260,B-20-2-10_masks.tif,20,10055,704.0832611,260.0869097,51.56473602,5.043891034,0.980149538,72.59016161,508.6303332,482.4659373,6839,0.680159125,197.1482697,192.1095123,143.0988464
33261,B-20-2-10_masks.tif,21,12417,1034.166522,348.8683946,50.23704765,6.944444607,0.989577688,28.88367586,407.1447209,609.23645,6834,0.550374487,200.7272491,195.2314911,159.1928558
33262,B-20-2-10_masks.tif,22,9101,864.0243866,320.9252673,43.17745204,7.432705085,0.990908093,32.3943361,453.2551368,598.8100209,5904,0.648719921,191.4195404,187.8119965,147.7110443
33263,B-20-2-10_masks.tif,23,13036,1016.894444,356.7952979,50.58121931,7.053908599,0.989900287,52.4776314,2932.559911,684.4294262,6428,0.493096042,198.8752289,193.8795929,150.6079712
33264,B-20-2-10_masks.tif,24,16665,1120.208153,379.7560991,58.5938265,6.481162296,0.988025088,50.17714427,2703.094629,744.1849985,10021,0.601320132,202.6127167,197.9947052,153.4562378
33265,B-20-2-10_masks.tif,25,11511,621.8406204,217.4755161,69.16034653,3.14451166,0.948085882,-66.46123147,3818.289897,730.1009469,7487,0.650421336,206.3145447,199.6754303,133.5592346
33266,B-20-2-10_masks.tif,26,7688,546.7695526,187.7252058,54.79916207,3.425694822,0.956445308,65.98852967,2898.057622,735.1653226,5101,0.663501561,195.4902954,189.5736084,146.0345001
33267,B-20-2-10_masks.tif,27,13881,824.8700577,315.352872,57.31559969,5.502042614,0.983344644,-4.320925595,987.9019523,871.2978892,6304,0.454145955,207.3005981,197.6311798,142.5163422
33268,B-20-2-10_masks.tif,28,12119,762.3847763,341.4994211,46.2004621,7.391688429,0.990806441,1.106679325,1080.84809,877.5861045,10501,0.866490635,200.059906,192.7044067,153.0023804
33269,B-20-2-10_masks.tif,29,20773,1317.03658,475.5860038,60.54730798,7.854783634,0.991862854,59.74327686,2938.956819,850.5975064,7291,0.350984451,195.959671,192.610199,143.3076324
33270,B-20-2-10_masks.tif,30,17179,945.254834,373.7256255,68.801672,5.431926501,0.982908128,-1.633470207,936.6228535,907.6991676,8088,0.470807381,204.9050446,194.7108002,148.8209686
33271,B-20-2-10_masks.tif,31,11813,736.8700577,304.4511744,51.22808596,5.943051915,0.985742016,-1.957753662,1037.794972,898.0510455,3614,0.30593414,210.2078094,204.8848877,166.3157196
33272,B-20-2-10_masks.tif,32,19408,1043.539105,400.0542754,63.83946685,6.266566673,0.987185482,-19.48263577,3857.175031,934.5988768,7200,0.370981039,210.5690308,203.8695831,139.5798645
33273,B-20-2-10_masks.tif,33,16924,999.5807358,351.9192021,71.43155774,4.926662854,0.979183474,39.79965118,3700.517017,893.8376861,8508,0.502718034,195.9481659,188.144928,148.1124878
33274,B-20-2-10_masks.tif,34,18229,1019.497475,427.5933689,56.2279611,7.604639409,0.991316346,12.0839756,3992.275605,1069.679467,7906,0.433704537,203.0102386,198.3331604,147.9674988
33275,B-20-2-10_masks.tif,35,21462,1086.426407,460.3238521,69.60414702,6.613454396,0.988502135,-1.599592741,2315.869118,1218.534899,10600,0.493896189,204.652832,196.7046204,148.8018799
33276,B-20-2-10_masks.tif,36,18483,1038.526912,407.3288436,60.50836158,6.731777773,0.988905023,-1.944106872,2266.296705,1230.141644,8851,0.478872477,205.9308624,198.3145447,152.1539917
33277,B-20-2-10_masks.tif,37,17906,1063.23759,372.0842948,66.76604688,5.572956798,0.983769291,-54.79864756,859.286552,1417.298392,9956,0.556014744,206.237854,199.2960052,144.0785522
33278,B-20-2-10_masks.tif,38,11884,818.5269119,342.4020823,50.45558923,6.786207189,0.989083264,84.75535866,676.5168294,1354.385729,6097,0.513042747,190.8728943,186.2929382,138.0933228
33279,B-20-2-10_masks.tif,39,10693,780.9533188,300.4325209,47.38232641,6.340602999,0.987484879,36.74314286,602.6686617,1460.918919,6746,0.630880015,192.3760681,185.7823944,139.5782623
33280,B-20-2-10_masks.tif,40,13327,1015.681241,366.1114296,58.49867478,6.258456811,0.987152034,29.8366598,555.0511743,1540.088767,8282,0.621445186,193.3581238,186.8100739,152.765152
33281,B-20-2-10_masks.tif,41,11755,767.3553391,312.6614315,52.06256283,6.005494439,0.98603906,-7.374308865,3491.907784,1507.867461,3733,0.317566993,210.2944031,202.8968658,156.89151
33282,B-20-2-10_masks.tif,42,19295,1055.965512,387.0654907,66.43512944,5.826217153,0.985160095,44.60361113,2459.572428,1497.231666,9109,0.472091215,188.8478394,183.3899384,144.7326813
33283,B-20-2-10_masks.tif,43,11133,712.2842712,268.4595168,55.69703678,4.819996401,0.978241586,-2.755610803,3534.458996,1526.471751,8715,0.782807868,208.0728607,202.2908783,153.2589722
33284,B-20-2-10_masks.tif,44,11551,771.5391052,292.3280927,51.91239232,5.631181296,0.984105893,31.70356105,590.3221366,1518.915159,9334,0.808068565,205.8753967,198.690918,159.4260712
33285,B-20-2-10_masks.tif,45,16647,1056.509668,409.5828515,68.25269912,6.000976617,0.986017882,28.35250727,1095.506638,1574.460744,9687,0.58190665,205.9190674,201.1140747,168.6630554
33286,B-20-2-10_masks.tif,46,18264,1052.610173,376.8140892,65.80032946,5.726629218,0.984635404,24.67668418,1014.000548,1604.627573,5939,0.325175208,204.320755,196.9770966,166.0346832
33287,B-20-2-10_masks.tif,47,17587,1141.781746,406.3442678,76.77098437,5.2929407,0.981990386,23.43765469,973.3292204,1645.71314,10782,0.61306647,203.5506439,197.3189545,160.4508514
33288,B-20-2-10_masks.tif,48,17950,991.254834,389.0526653,62.25319368,6.249521387,0.987115028,-6.728164431,1205.601393,1629.416435,9210,0.513091922,207.5421295,201.1094513,146.6258392
33289,B-20-2-10_masks.tif,49,14074,1027.4386,394.9576955,49.80706735,7.929752072,0.992016601,25.55918997,1067.564019,1611.845318,10041,0.713443229,202.8410492,196.4556274,167.1457062
33290,B-20-2-10_masks.tif,50,6634,464.0832611,147.5409849,60.48027289,2.439489404,0.91212065,-49.74624649,4997.029997,1523.254748,4656,0.701839011,208.356308,203.3715668,145.9907684
33291,B-20-2-10_masks.tif,51,18115,1161.781746,474.6166106,52.83407699,8.983153253,0.993784671,-21.46248347,1731.446039,1726.924206,5999,0.33116202,208.621933,202.6664429,150.3302155
33292,B-20-2-10_masks.tif,52,12911,737.5391052,254.1556017,66.57204933,3.817752408,0.965085729,-50.85425202,298.1819379,1606.484471,9279,0.71868949,203.5005951,197.349823,143.6543884
33293,B-20-2-10_masks.tif,53,679,158.8284271,73.44069199,12.61628888,5.821101015,0.985133801,-0.60082363,10.62444772,1563.807069,0,0,,,
33294,B-20-2-10_masks.tif,54,13457,810.6101731,297.206076,59.66473245,4.981268897,0.979642082,-52.67014965,351.9644795,1641.399495,8964,0.666121721,205.8835297,200.1074371,149.9842682
33295,B-20-2-10_masks.tif,55,8810,557.5979797,205.1433927,55.4681896,3.698397121,0.962751604,20.71597765,525.2405221,1640.063564,5821,0.660726447,195.4848022,188.9680481,146.1436157
33296,B-20-2-10_masks.tif,56,13941,1009.823376,359.9043996,54.15424905,6.64591248,0.988614815,-55.20452172,3068.788896,1656.575927,8940,0.64127394,207.6780701,200.8817749,143.3721466
33297,B-20-2-10_masks.tif,57,10954,851.6812409,314.7288371,46.78647709,6.726918901,0.988888899,54.77523637,4388.405058,1644.104437,8177,0.746485302,198.0917206,193.6613617,156.4194641
33298,B-20-2-10_masks.tif,58,7595,535.5979797,188.8652359,53.65657795,3.519889697,0.958794711,-19.14696568,5066.328637,1645.150099,5870,0.772876893,203.2033997,199.055191,146.8083496
33299,B-20-2-10_masks.tif,59,9291,720.8111832,257.8709933,47.59955166,5.417508868,0.982816237,61.75166984,4442.129373,1615.341298,7833,0.843073943,195.6916962,191.9640045,150.4285736
33300,B-20-2-10_masks.tif,60,17371,998.5685425,389.7832895,60.26656405,6.46765409,0.98797471,15.6854436,4869.454954,1750.498647,8222,0.473317598,201.0390472,197.833252,141.6002197
33301,B-20-2-10_masks.tif,61,7989,555.5979797,210.7662241,49.5498949,4.253615966,0.971972616,-20.57024058,5009.048316,1655.702716,6009,0.752159219,203.5318756,200.4396667,152.4698029
33302,B-20-2-10_masks.tif,62,12995,937.0538239,359.7388983,52.60229878,6.838843674,0.989251572,-18.58649676,1750.704271,1805.376145,6923,0.532743363,202.0852203,195.226059,150.716156
33303,B-20-2-10_masks.tif,63,11535,747.4974747,294.5999056,54.48205661,5.40728313,0.982750612,-17.21114071,422.6515821,1787.369744,9039,0.783615085,203.2379761,195.3768158,147.425827
33304,B-20-2-10_masks.tif,64,16054,883.6396103,342.0004588,62.55955868,5.466797817,0.983127347,-20.47827689,341.3285785,1826.66513,6992,0.435530086,202.5151672,195.6691895,137.6929321
33305,B-20-2-10_masks.tif,65,10618,561.6984848,219.212352,62.76470489,3.492605477,0.958134289,76.18965826,99.34074214,1740.926728,7849,0.739216425,190.3726654,183.8982086,135.0963135
33306,B-20-2-10_masks.tif,66,18850,933.5391052,354.4080893,68.62029693,5.164770559,0.98107671,-22.88972572,1254.800053,1870.043024,9875,0.523872679,207.064209,199.5488586,145.446991
33307,B-20-2-10_masks.tif,67,20092,1321.480231,514.9120929,75.47773595,6.822039459,0.989198266,25.96427553,1582.875224,1906.545093,10795,0.537278519,201.6390991,197.1496124,162.9032898
33308,B-20-2-10_masks.tif,68,7561,510.627417,197.3622124,53.12903878,3.714770997,0.963085526,-2.139098147,516.1926994,1796.508531,5825,0.770400741,202.4372559,196.7107239,154.1405945
33309,B-20-2-10_masks.tif,69,7452,496.0416306,187.956625,51.7635694,3.631059975,0.961329245,81.48500915,702.7816694,1737.499329,6201,0.832125604,203.1625519,197.4741211,154.1804504
33310,B-20-2-10_masks.tif,70,14130,934.7106781,336.0266021,57.29924551,5.864415825,0.985354221,66.23486855,967.7832272,1777.641897,8396,0.594196745,199.917099,194.4627228,150.4715271
33311,B-20-2-10_masks.tif,71,6502,446.3847763,179.5303662,47.34036982,3.7923313,0.964607465,-0.064077936,475.131498,1808.474623,5393,0.829437096,205.0991974,198.6925659,161.1898804
33312,B-20-2-10_masks.tif,72,15162,748.8700577,301.9710569,69.92009501,4.318802154,0.972824031,88.88949715,120.6722728,1803.895528,7614,0.502176494,197.1631165,191.0827484,140.7236633
33313,B-20-2-10_masks.tif,73,7475,509.7989899,211.5079012,46.4814046,4.550376715,0.975553511,79.98931795,730.184214,1798.941672,4933,0.65993311,195.65802,190.2337341,152.5686188
33314,B-20-2-10_masks.tif,74,16642,1018.024387,380.1440023,61.24984022,6.206448881,0.986934377,67.20737368,1003.003846,1852.86474,10536,0.633096984,206.4325104,199.4216919,160.4376373
33315,B-20-2-10_masks.tif,75,22969,1101.053824,433.8192302,72.2336887,6.005774286,0.98604037,73.73593894,2354.564456,1859.536549,5383,0.234359354,195.318222,186.6501923,145.5210876
33316,B-20-2-10_masks.tif,76,20819,1059.053824,400.8532608,76.14470061,5.264361899,0.981792499,74.15340082,2318.097171,1907.773284,8328,0.400019213,204.7844696,196.4123383,147.1065063
33317,B-20-2-10_masks.tif,77,14143,968.9533188,363.6952502,56.32200014,6.457427813,0.987936359,23.75147968,1485.085767,1988.301704,7705,0.544792477,202.1653442,196.6907196,162.7614594
33318,B-20-2-10_masks.tif,78,10076,645.1126984,257.9459149,50.6225136,5.095478208,0.980553406,-82.47425022,4073.279674,1851.371179,7353,0.729753871,203.3652954,197.0518188,162.7828064
33319,B-20-2-10_masks.tif,79,5402,437.5979797,160.5165219,45.1249976,3.55715303,0.959671542,-55.40959941,3365.865976,1880.955387,3972,0.735283228,208.2001495,201.5898743,157.8846893
33320,B-20-2-10_masks.tif,80,17961,1024.752309,375.6349763,64.50259962,5.823563368,0.985146465,60.90904396,1014.395913,1928.53516,11258,0.626802517,197.2064362,187.891449,150.2094574
33321,B-20-2-10_masks.tif,81,21968,1190.752309,429.24337,68.32474397,6.282399978,0.987250409,63.53510552,967.0188456,1967.497314,9658,0.439639476,200.8781281,193.3291626,151.5343781
33322,B-20-2-10_masks.tif,82,7283,540.9116882,203.4380493,46.37019803,4.387258582,0.973676873,-58.10481762,3386.694219,1914.758204,5472,0.751338734,211.6674042,206.0054779,165.4786224
33323,B-20-2-10_masks.tif,83,8405,585.7989899,260.3195842,43.82839236,5.939519343,0.985724928,-84.26692258,4080.805116,1904.086734,0,0,,,
33324,B-20-2-10_masks.tif,84,7404,423.7989899,154.8016386,63.38987504,2.442056219,0.912314165,-18.21282711,3462.219206,1985.153025,5509,0.744057266,207.8304596,200.2339783,155.6128082
33325,B-20-2-10_masks.tif,85,10118,691.4558441,303.9962067,44.08553296,6.895600129,0.989428722,-5.505651641,3554.26359,2049.466298,280,0.027673453,210.9392853,183.3107147,196.3999939
33326,B-20-2-10_masks.tif,86,9843,659.1126984,269.6936592,49.35872216,5.463951404,0.983109612,-9.136827781,3596.05161,2049.926648,5024,0.510413492,204.9492493,196.0804138,139.5419922
33327,B-20-2-10_masks.tif,87,6637,442.0416306,161.7350132,56.60911363,2.857049031,0.936745405,-11.80488962,3514.599066,2012.653458,5672,0.854602983,210.0997925,200.2836761,158.698349
33328,B-20-2-10_masks.tif,88,6364,442.3847763,186.9347709,44.28099344,4.221557746,0.971539066,-86.62063364,4061.589566,1943.652577,0,0,,,
33329,B-20-2-10_masks.tif,89,13262,647.1126984,247.8668816,69.48264742,3.567320631,0.959905898,85.64516968,3826.163625,2012.174031,8430,0.635650731,204.2131653,196.1820831,145.7705841
33330,B-20-2-10_masks.tif,90,4673,417.3137085,192.6641882,33.65197383,5.725197257,0.984627658,89.38405782,4072.211855,1998.377702,4067,0.870318853,196.6422424,190.5510254,144.4585724
33331,B-20-2-10_masks.tif,91,12301,937.9238816,327.9836409,57.85041472,5.669512353,0.98432179,-37.73262773,3014.657589,2163.806195,7284,0.59214698,209.525116,204.6002197,159.490799
33332,B-20-2-10_masks.tif,92,21136,1187.681241,459.8811872,65.62280338,7.007947901,0.98976669,70.4754307,1406.205999,2126.201552,9260,0.438115064,189.1305542,182.4101563,138.7200928
33333,B-20-2-10_masks.tif,93,10958,667.9411255,258.9025389,55.76920546,4.642392459,0.976524541,79.91433556,3831.59363,2079.671747,0,0,,,
33334,B-20-2-10_masks.tif,94,4348,375.6984848,127.1739788,48.05759009,2.646282898,0.925851093,26.12364249,3368.374195,2115.326357,3185,0.732520699,198.9777069,192.7783356,160.7152252
33335,B-20-2-10_masks.tif,95,7216,435.5563492,170.4964696,58.15258919,2.931880969,0.94003501,1.032566027,3445.985726,2115.569013,6075,0.841879157,213.7692108,209.0419769,164.6617279
33336,B-20-2-10_masks.tif,96,6915,433.7989899,152.1318208,62.70057845,2.426322445,0.911117646,-4.233649089,3497.072596,2136.012148,91,0.013159798,208.4615326,197.0329742,158.0989075
33337,B-20-2-10_masks.tif,97,9131,623.3969696,216.6787981,54.99926281,3.939667317,0.96724923,-36.42235086,2947.771986,2163.381229,5940,0.650531158,208.8200378,202.8959656,156.1976471
33338,B-20-2-10_masks.tif,98,9380,647.3553391,257.7262117,48.35616917,5.329748326,0.98224052,75.32715302,3805.33049,2123.570256,4994,0.532409382,202.3426056,196.2172546,157.4709625
33339,B-20-2-10_masks.tif,99,5310,408.5269119,149.8069187,46.35402162,3.23179982,0.950923816,29.15331592,3360.711864,2202.677966,4076,0.767608286,198.4349823,190.0046539,161.9708099
33340,B-20-2-10_masks.tif,100,14254,815.5979797,326.7812205,57.99111475,5.635022226,0.984127728,81.81547836,1307.93265,2178.056475,8227,0.57717132,198.5548859,193.6039886,147.3173676
33341,B-20-2-10_masks.tif,101,5627,431.9411255,141.9015212,54.06306353,2.624740663,0.92457915,22.01428509,3414.552515,2211.724009,5311,0.943842189,210.2391205,203.939743,171.4134827
33342,B-20-2-10_masks.tif,102,3833,331.1126984,112.9943898,44.5236758,2.537849532,0.919095695,-54.12684677,3681.79833,2222.973389,3195,0.833550744,203.1358337,197.0810699,152.9615021
33343,B-20-2-10_masks.tif,103,15419,904.1837662,387.0558854,61.57916376,6.285500837,0.987263067,-86.47707475,1527.78734,2231.432129,5895,0.382320514,207.8135681,201.0150909,163.0587006
33344,B-20-2-10_masks.tif,104,9561,688.2253967,261.2918864,48.98666012,5.333939602,0.982268671,-62.96466837,3654.172471,2305.056689,8127,0.850015689,207.950531,202.8898773,164.5428772
33345,B-20-2-10_masks.tif,105,9902,682.627417,282.4482502,46.76243182,6.040067617,0.986199541,-84.17059533,1502.386084,2271.907897,4732,0.477883256,204.0333862,198.7823334,157.5323334
33346,B-20-2-10_masks.tif,106,4045,332.8700577,120.5096853,43.25829315,2.785816927,0.933352508,-59.04047721,3592.542398,2284.627194,3558,0.87960445,208.8381042,201.6897125,157.0904999
33347,B-20-2-10_masks.tif,107,5217,389.7989899,141.8433186,50.90375534,2.786500086,0.93338635,-12.02997434,452.035461,2456.872724,4213,0.807552233,201.4360352,195.3982849,144.2819824
33348,B-20-2-10_masks.tif,108,5261,377.2132034,128.1349178,55.54497926,2.306867686,0.901159226,-15.99005712,433.0250903,2563.038586,3856,0.732940506,208.1073608,203.378891,146.7258759
33349,B-20-2-10_masks.tif,109,9811,572.2842712,234.1996587,53.93860241,4.341967501,0.973117233,-78.09889625,947.7571094,2561.77617,6330,0.64519417,206.463028,201.2851563,154.5178528
33350,B-20-2-10_masks.tif,110,18565,1024.426407,427.1126874,64.62517021,6.609076401,0.988486808,6.796588626,2637.764665,2737.016106,7052,0.379854565,200.686615,194.034317,148.5191498
33351,B-20-2-10_masks.tif,111,8768,660.627417,288.6286885,41.82610815,6.900682403,0.989444371,-86.31816694,965.0004562,2603.954494,358,0.040830292,226.178772,201.0251465,175.3826752
33352,B-20-2-10_masks.tif,112,8393,523.7989899,215.8787016,50.67737017,4.259863938,0.972055952,-88.58274877,1651.196592,2607.523055,6350,0.756582867,201.7771606,196.9450378,162.6467743
33353,B-20-2-10_masks.tif,113,12772,811.4974747,321.3250403,63.7116654,5.043425537,0.980145836,14.03573813,2551.155731,2781.192374,5505,0.431020983,204.8911896,196.6397858,149.4937286
33354,B-20-2-10_masks.tif,114,6723,496.627417,196.7102662,45.37058328,4.335634501,0.973037552,-87.14172149,1671.052506,2651.844117,5330,0.792800833,202.9133148,197.6712952,161.6322632
33355,B-20-2-10_masks.tif,115,11507,810.6101731,287.8805945,53.26288136,5.404900882,0.98273527,-36.98602368,2814.849831,2761.167898,7744,0.672981663,211.7887421,202.8217926,152.1124725
33356,B-20-2-10_masks.tif,116,6187,461.6984848,180.7499514,44.24200214,4.085483085,0.969581399,71.1799109,929.5301439,2674.764829,5229,0.845159205,193.5188446,186.2344666,147.4431
33357,B-20-2-10_masks.tif,117,10876,650.6690476,246.3003016,57.73114459,4.266333248,0.972141848,-21.14340112,3019.638102,2762.675156,8673,0.797443913,206.5830688,198.6279297,148.8223267
33358,B-20-2-10_masks.tif,118,8366,652.4264069,255.4305161,42.49340629,6.011062385,0.986065094,20.64695238,2588.773727,2773.792613,4062,0.485536696,204.4438629,195.7988739,158.2141876
33359,B-20-2-10_masks.tif,119,12306,780.3675324,287.4313417,58.49050985,4.914153465,0.979076225,-34.87253346,2751.207053,2771.853161,4729,0.384284089,205.6940155,197.5671387,156.3002777
33360,B-20-2-10_masks.tif,120,14266,917.9411255,381.7637392,50.73642032,7.524451603,0.991129445,5.883794097,3124.504346,2853.289429,5009,0.351114538,207.5194702,199.5999146,149.5372314
33361,B-20-2-10_masks.tif,121,14713,836.8700577,374.9991777,53.86550831,6.961768104,0.989629764,2.961270052,3078.314144,2853.628968,6863,0.466458234,208.5904083,201.5211945,163.8961029
33362,B-20-2-10_masks.tif,122,7044,484.2842712,160.539187,58.1458961,2.760971931,0.932103785,15.00412272,3229.534781,2774.925894,2626,0.372799546,200.8004608,192.9006042,153.8179779
33363,B-20-2-10_masks.tif,123,8055,478.3847763,201.3418522,52.08458401,3.865670735,0.965961112,-87.64839068,581.98982,2721.667412,6772,0.84072005,206.7582703,203.4697266,159.1506195
33364,B-20-2-10_masks.tif,124,5332,416.7695526,150.3190819,46.80326138,3.211722376,0.950292226,-48.26250972,1189.44805,2745.289947,4234,0.794073518,205.4477997,201.1880035,155.5184174
33365,B-20-2-10_masks.tif,125,12177,677.1126984,283.3610643,56.66004923,5.001073387,0.979804658,9.255100517,3185.319044,2826.60565,7875,0.646711013,202.300705,192.5987244,141.0413971
33366,B-20-2-10_masks.tif,126,6711,496.627417,202.533882,46.82895413,4.324971287,0.972902583,-85.49630657,582.4485174,2772.373864,6147,0.915958873,202.0235901,198.6944885,153.8812408
33367,B-20-2-10_masks.tif,127,8508,589.9411255,234.8672498,49.36829102,4.757451492,0.977659143,76.068651,629.1604372,2842.463916,7501,0.881640809,193.306366,188.3455505,144.2959595
33368,B-20-2-10_masks.tif,128,9306,667.6396103,238.0290063,52.15899307,4.563527635,0.975695957,-55.86761961,2806.340426,2875.575113,8099,0.870298732,207.8287506,200.2186737,157.1342163
33369,B-20-2-10_masks.tif,129,8305,628.3259018,233.9971275,46.93214266,4.985860739,0.979679952,-25.66312607,1071.450813,2940.145214,7232,0.870800722,206.4536743,200.6692505,153.8721008
33370,B-20-2-10_masks.tif,130,8835,563.4974747,203.6341118,55.79590755,3.649624511,0.961729467,-58.80673719,2834.12043,2917.941822,8090,0.915676287,210.1071625,202.6086578,159.7698364
33371,B-20-2-10_masks.tif,131,6854,550.9116882,206.3773794,44.432891,4.644698437,0.976548125,-32.406177,1116.26831,2959.329297,6250,0.911876277,207.3159943,202.0380859,151.013443
33372,B-20-2-10_masks.tif,132,4881,348.9705627,125.3494615,51.85286605,2.417406618,0.910428511,82.12958425,542.5382094,2924.305265,3984,0.816226183,206.894577,204.1272583,167.4377441
33373,B-20-2-10_masks.tif,133,18793,1292.693434,471.3059427,57.38723508,8.212731317,0.992559305,33.32666867,2637.158995,3113.146491,9897,0.526632257,198.230072,191.3935547,159.6936493
33374,B-20-2-10_masks.tif,134,19423,1293.865007,459.6586171,60.38404475,7.612252856,0.991333784,31.68012653,2690.224476,3096.588992,10979,0.565257684,202.6981506,195.7705688,155.8945313
33375,B-20-2-10_masks.tif,135,18060,1025.012193,421.4851636,58.31335636,7.227935243,0.990383106,-82.12019058,3579.585271,2945.000055,9560,0.529346622,201.0417328,192.4394379,142.2334747
33376,B-20-2-10_masks.tif,136,19906,1132.426407,419.9607394,64.15293889,6.546243192,0.988263413,5.743913538,940.7411333,3203.051442,8509,0.427459058,206.6511993,198.7779999,145.9906006
33377,B-20-2-10_masks.tif,137,6480,467.2132034,197.8118462,43.45375232,4.552238543,0.975573754,78.93589699,2978.343056,3020.178549,5764,0.889506173,196.2820892,187.6044464,141.3377838
33378,B-20-2-10_masks.tif,138,11086,852.2253967,324.6150844,49.19883447,6.598023874,0.988447978,67.71785604,2955.557189,3068.594353,7335,0.661645318,199.2248077,193.8748474,150.6601257
33379,B-20-2-10_masks.tif,139,13914,942.6518036,343.0164142,54.8688736,6.251566538,0.987123512,49.30115962,2923.297758,3136.635834,8983,0.645608739,201.2233124,194.9510193,159.4671021
33380,B-20-2-10_masks.tif,140,2698,238.9705627,79.0853236,44.16261335,1.790775445,0.829560192,-71.51318633,1163.425871,3072.829874,2412,0.893995552,202.593277,195.7367401,143.6247864
33381,B-20-2-10_masks.tif,141,14640,933.8233765,338.7910134,57.05934384,5.937520318,0.985715244,47.72006202,2885.66571,3168.321653,4852,0.331420765,203.530304,195.867691,161.6958008
33382,B-20-2-10_masks.tif,142,13385,871.9238816,313.9583884,59.05526377,5.316348931,0.98215007,47.13320856,2837.326933,3194.398805,6931,0.517818453,202.7844391,195.6977386,162.3327026
33383,B-20-2-10_masks.tif,143,8826,559.6984848,225.6764105,52.23162311,4.320685384,0.972848047,-78.09911584,1193.611489,3115.090301,8367,0.947994562,204.7847443,196.0046539,149.4693451
33384,B-20-2-10_masks.tif,144,12975,703.4558441,295.892075,57.30663537,5.163312645,0.981065919,0.754075412,1464.517457,3237.267977,8183,0.630674374,204.8423615,197.9100647,153.2802124
33385,B-20-2-10_masks.tif,145,15159,1150.693434,412.2434333,49.94915765,8.25326097,0.992632475,39.46079645,3379.326077,3285.004156,8099,0.534270071,198.7802124,193.053833,163.7547913
33386,B-20-2-10_masks.tif,146,8254,499.7989899,191.9330889,57.35201647,3.346579611,0.954311824,-3.889382967,1359.516477,3249.613036,6609,0.80070269,204.5831451,194.753067,140.8766785
33387,B-20-2-10_masks.tif,147,3834,430.2842712,173.506477,31.34474064,5.535425512,0.983546603,-71.02825836,1224.238915,3183.860981,3300,0.860719875,200.9309082,196.1557617,148.3836365
33388,B-20-2-10_masks.tif,148,3867,304.3847763,106.1424274,49.19382355,2.157637276,0.886112647,-74.65313545,1130.366951,3184.82648,3625,0.937419188,207.582901,196.0595856,144.1969604
33389,B-20-2-10_masks.tif,149,17372,1108.409163,396.7221481,68.0004218,5.834113049,0.985200538,-31.23180148,3645.258232,3341.465404,10344,0.595440939,203.3862152,196.4905243,134.4208221
33390,B-20-2-10_masks.tif,150,6594,505.1543289,177.1173388,48.43321832,3.656939285,0.961885445,47.96221847,1180.969669,3307.509706,6266,0.95025781,195.9569092,189.3284454,156.0223389
33391,B-20-2-10_masks.tif,151,7578,589.9827561,205.6705656,48.80607185,4.214036447,0.971435885,45.67580817,1137.053708,3331.37886,7245,0.956057007,201.5349884,194.8085632,159.2636261
33392,B-20-2-10_masks.tif,152,5966,436.3847763,180.0322443,43.47296948,4.141245616,0.970407478,6.518864492,1007.202816,3359.077439,5102,0.85517935,196.4110107,188.7232513,146.8463287
33393,B-20-2-10_masks.tif,153,8132,593.6984848,239.2093203,45.15609645,5.297387045,0.982020883,9.881061013,1061.715814,3379.349238,6878,0.845794393,203.776535,197.2980499,157.6288147
33394,B-20-2-10_masks.tif,154,15630,968.1665222,361.0687508,56.92283941,6.343126142,0.987494897,-33.04805104,4124.683365,3482.63762,7705,0.492962252,197.6964264,191.3868866,133.578064
33395,B-20-2-10_masks.tif,155,9049,598.4680374,196.7816127,61.59114463,3.194965995,0.949755638,-46.72107103,2828.070505,3410.280252,5106,0.564261244,205.619278,197.1936951,150.0963593
33396,B-20-2-10_masks.tif,156,8481,608.4264069,233.3650765,48.44562999,4.817051126,0.978214674,-70.07936439,3802.056361,3372.935267,6989,0.824077349,201.3710175,194.6078186,154.2810059
33397,B-20-2-10_masks.tif,157,11166,739.5391052,251.4234023,59.22602111,4.245150992,0.97185911,-47.98157704,1467.173563,3455.502328,6024,0.539494895,207.8628845,202.4543457,153.5122833
33398,B-20-2-10_masks.tif,158,8652,625.3969696,231.7710735,52.76450627,4.392556472,0.973741187,44.12550522,1188.359454,3448.678571,7046,0.814378178,194.6126862,188.7811584,150.8917084
33399,B-20-2-10_masks.tif,159,6916,473.6984848,179.5289323,50.6606822,3.54375276,0.9593595,-71.17940043,3813.438115,3417.801041,187,0.027038751,229.6684418,223.6417084,208.1336823
33400,B-20-2-10_masks.tif,160,7791,612.8111832,226.3001764,46.4893808,4.867782114,0.978671315,-34.19081951,2889.711205,3500.398023,5783,0.742266718,205.0544739,196.8746338,152.8308868
33401,B-20-2-10_masks.tif,161,6998,565.0121933,208.6251976,44.16712803,4.723540039,0.977333478,-71.35430919,3874.035582,3443.805802,5809,0.830094313,206.2158661,200.0874481,165.0482025
33402,B-20-2-10_masks.tif,162,11398,603.1543289,207.3193955,71.57101745,2.89669482,0.938521408,-36.56576137,2807.982102,3519.446657,407,0.035708019,207.6732178,191.6093292,168.4176941
33403,B-20-2-10_masks.tif,163,10204,580.5269119,201.4583644,67.92994632,2.965678251,0.941436261,-16.85959312,3360.025872,3561.787926,6408,0.627989024,205.0293427,195.4350739,132.6574554
33404,B-20-2-10_masks.tif,164,6851,516.0416306,209.9407183,42.70108222,4.916519849,0.979096577,-10.4925969,3518.216027,3544.852722,6551,0.956210772,202.9937439,197.3549042,150.6168518
33405,B-20-2-10_masks.tif,165,9694,615.9827561,221.6346836,59.38791266,3.731983053,0.963431691,-32.63647557,2718.244894,3540.405921,5270,0.543635238,211.9438324,210.2444,162.6011353
33406,B-20-2-10_masks.tif,166,5374,468.0416306,190.9909677,37.33491028,5.115613411,0.980707692,-9.470662416,3412.647748,3547.881466,4461,0.830107927,203.3017273,197.8722229,151.0963898
33407,B-20-2-10_masks.tif,167,6383,456.3847763,189.6337743,43.48520743,4.360880067,0.973353086,-5.549730758,3470.845214,3552.654238,4870,0.762964123,200.2878876,194.2420959,158.1445618
33408,B-20-2-10_masks.tif,168,9890,618.0832611,228.9517418,59.59720993,3.841652019,0.965526527,-67.18820403,2957.493933,3578.392315,7178,0.72578362,197.7910309,191.3389587,138.3966217
33409,B-20-2-10_masks.tif,169,5970,608.6690476,218.3896181,39.47407147,5.532482716,0.983528948,-66.90375814,2543.844891,3607.942211,4183,0.700670017,196.7222137,189.4150085,137.8649292
33410,B-20-2-10_masks.tif,170,2259,340.4852814,158.2039073,19.99178426,7.913446108,0.991983534,88.42707871,3775.545817,3634.380699,0,0,,,
33411,B-20-2-11_masks.tif,1,10957,702.5685425,253.8706325,57.23282541,4.435752222,0.974256844,-65.58749307,1750.490919,118.0971069,7990,0.729214201,202.8410492,197.1211548,156.479599
33412,B-20-2-11_masks.tif,2,5629,426.1837662,145.6576132,52.58791165,2.769792689,0.932551162,-53.68967401,1495.155267,128.5786108,3585,0.636880441,208.5673676,205.6934509,149.2727966
33413,B-20-2-11_masks.tif,3,7569,622.8111832,237.5384584,43.28386296,5.487921875,0.983258093,-55.27811646,1562.072797,148.7796274,6940,0.916897873,201.9682922,197.1449585,146.1311188
33414,B-20-2-11_masks.tif,4,19405,973.7401154,361.3468958,71.21536753,5.074001698,0.980386786,-80.90011753,2998.704458,129.8415357,5199,0.267920639,201.5733795,194.3362122,158.052124
33415,B-20-2-11_masks.tif,5,6160,493.9411255,181.4138592,45.93633481,3.949245405,0.967410571,-68.36868196,1834.966071,141.6446429,4186,0.679545455,198.7759247,196.0824127,148.8554688
33416,B-20-2-11_masks.tif,6,14988,936.0832611,369.3183666,59.30560346,6.227377265,0.987022626,-80.10253792,3012.673072,180.373699,8199,0.54703763,202.3673553,195.8241272,142.5488434
33417,B-20-2-11_masks.tif,7,6892,590.1837662,226.0612798,44.41850999,5.089348559,0.980506069,-69.03166142,1680.496808,197.9300638,5143,0.74622751,199.9858093,194.2562714,143.5667877
33418,B-20-2-11_masks.tif,8,4697,372.1837662,118.6862564,53.45294654,2.220387539,0.892841091,-55.80510411,1474.867149,249.2591016,4096,0.872045987,199.0378418,193.842041,133.8828125
33419,B-20-2-11_masks.tif,9,18954,1052.911688,413.4557715,71.65908854,5.769760401,0.984866017,3.961998832,2634.290071,449.3836657,10086,0.532130421,204.1688538,196.1532745,148.3958893
33420,B-20-2-11_masks.tif,10,5093,393.3553391,126.231911,53.48045077,2.360337454,0.905817436,-47.05946849,48.94050658,282.7995288,4692,0.921264481,195.6660309,191.7896423,138.4190063
33421,B-20-2-11_masks.tif,11,5500,414.4264069,135.6514204,53.58964115,2.531299286,0.918657884,-54.42683142,1390.192727,315.3632727,4530,0.823636364,205.5889587,202.5567322,139.6479034
33422,B-20-2-11_masks.tif,12,11025,593.6984848,221.5204377,66.36172847,3.338075165,0.954073118,4.076740268,2541.206984,498.0595918,4752,0.431020408,202.8148193,195.675293,155.6858215
33423,B-20-2-11_masks.tif,13,7523,476.3847763,198.9988844,49.23319109,4.041965999,0.96891232,6.307870945,2588.182507,478.1006248,4846,0.644157916,202.475647,195.1489868,161.1260834
33424,B-20-2-11_masks.tif,14,4507,402.7695526,143.9895538,42.33612179,3.401104015,0.955798598,-54.93607348,139.6334591,511.8451298,4202,0.932327491,199.7070465,198.4469299,153.137085
33425,B-20-2-11_masks.tif,15,7885,550.8700577,234.4982811,44.4562517,5.274810002,0.981865222,7.371239736,1384.922384,565.5750159,6653,0.843753963,195.1151428,187.0372772,136.668869
33426,B-20-2-11_masks.tif,16,10396,825.3553391,334.8110031,44.64626442,7.499194107,0.991069322,84.75083345,1018.924298,517.4224702,6503,0.62552905,195.1702271,194.636322,146.5723572
33427,B-20-2-11_masks.tif,17,9543,732.9533188,252.3663559,50.5385768,4.993539033,0.97974304,45.47389288,1563.61029,630.3039925,8440,0.884417898,198.6321106,194.1310425,159.3212128
33428,B-20-2-11_masks.tif,18,8317,715.1959595,270.6689285,40.34948602,6.708113415,0.988826162,46.9412437,1538.361789,665.5595768,6271,0.753997836,193.348587,186.8448486,155.6576233
33429,B-20-2-11_masks.tif,19,9018,549.6984848,195.0010643,63.60955779,3.065593774,0.945300405,10.66458806,871.4687292,713.5813928,5663,0.62796629,200.7716827,191.6194611,138.0527954
33430,B-20-2-11_masks.tif,20,11991,700.7695526,279.8146621,58.45130001,4.78714181,0.977938521,10.52569322,1041.589359,737.9849053,8745,0.729296973,199.3350525,190.9805603,142.333786
33431,B-20-2-11_masks.tif,21,10957,667.5979797,258.1068034,56.28306807,4.585869467,0.975935106,10.14515554,991.7588756,751.1301451,7271,0.663594049,205.6095428,198.1439972,154.4132843
33432,B-20-2-11_masks.tif,22,10083,642.1837662,244.1274695,53.92941146,4.526796471,0.975294929,12.44448829,939.7259744,781.650005,8434,0.836457404,199.824646,189.2615662,136.4459381
33433,B-20-2-11_masks.tif,23,19395,812.4264069,316.9797916,81.85250792,3.872572749,0.966084466,88.72937376,2791.993916,703.3588038,8285,0.427171952,203.8194275,195.5782776,145.8230591
33434,B-20-2-11_masks.tif,24,9779,559.6984848,223.3162848,56.40803652,3.958944479,0.96757273,77.08917913,2447.326618,702.9373147,5660,0.578791287,194.5558319,189.942749,151.3590088
33435,B-20-2-11_masks.tif,25,12134,739.254834,284.8297412,63.92930228,4.455386357,0.974486199,79.54829123,1544.232158,774.1054887,10214,0.841766936,200.1473541,192.9283295,149.9524231
33436,B-20-2-11_masks.tif,26,13483,695.3553391,267.5303521,67.89929721,3.940104877,0.967256627,-87.30406361,2776.136097,765.308685,9948,0.737817993,210.6047516,203.0096436,157.0574951
33437,B-20-2-11_masks.tif,27,9860,581.1126984,233.1028939,55.44598254,4.204143983,0.971299315,-80.17857337,2443.224544,782.9682556,5537,0.561561866,198.9689331,196.6998444,146.1502686
33438,B-20-2-11_masks.tif,28,18384,1112.468037,407.1142827,72.09947056,5.646564109,0.984193069,77.09906975,2800.899859,836.5036989,6050,0.329090513,195.2654572,186.2915649,140.536026
33439,B-20-2-11_masks.tif,29,5583,419.6984848,153.8522565,47.24440692,3.256517895,0.951684846,69.07614951,1534.690668,822.7204012,4887,0.875335841,200.9940643,193.6408844,155.0554504
33440,B-20-2-11_masks.tif,30,17597,1012.124892,390.5681216,60.01181597,6.508187019,0.988124927,70.90055063,2379.474797,864.4916747,9486,0.53906916,204.8900452,198.3285828,154.6801605
33441,B-20-2-11_masks.tif,31,15949,967.882251,356.7318317,64.84722094,5.501112099,0.983338962,72.88468716,2351.41965,908.130353,7117,0.446234874,195.0666046,187.9787903,146.8726959
33442,B-20-2-11_masks.tif,32,9246,755.4386002,278.0877018,43.57497746,6.3818209,0.987647026,44.07211931,878.5177374,945.6013411,4408,0.476746701,194.3341675,186.5775909,149.1436005
33443,B-20-2-11_masks.tif,33,7954,617.882251,214.3023017,48.98727214,4.374652687,0.973522884,44.754226,921.7042997,931.7119688,7064,0.888106613,196.075882,189.3660889,150.7344208
33444,B-20-2-11_masks.tif,34,15360,946.5269119,371.4738433,57.29826071,6.483160897,0.988032514,-89.20212304,2946.088021,909.3341797,6993,0.455273438,202.4311523,194.9299316,152.2987213
33445,B-20-2-11_masks.tif,35,14776,895.1126984,379.4246647,55.59507545,6.824789095,0.989207016,88.01654115,2935.036004,952.978614,6753,0.457024905,200.071228,194.6902161,149.1306152
33446,B-20-2-11_masks.tif,36,8565,595.4974747,219.5547403,51.06354967,4.29963725,0.972577804,61.49827492,1115.59965,977.6519556,7247,0.846117922,196.4604645,191.5440826,154.8152313
33447,B-20-2-11_masks.tif,37,8361,638.9116882,235.5919335,47.07790338,5.004299609,0.979830957,-62.6464994,578.6110513,1018.541442,6603,0.78973807,199.8356781,196.8930817,149.0142365
33448,B-20-2-11_masks.tif,38,8988,543.2132034,221.6293452,52.86586306,4.192295979,0.971134447,89.84245534,811.6568758,1081.562973,7581,0.843457944,193.9411621,190.4329224,136.7237854
33449,B-20-2-11_masks.tif,39,12462,891.5807358,332.2242907,49.53556695,6.706782847,0.988821703,-47.80294596,491.4535388,1182.563232,9891,0.793692826,201.27388,195.9996948,145.0746155
33450,B-20-2-11_masks.tif,40,14143,831.3969696,315.1095531,57.98850603,5.434000195,0.982921284,-68.9955493,3226.974263,1138.958566,8878,0.627731033,206.2796783,200.5161133,157.8637085
33451,B-20-2-11_masks.tif,41,8952,601.9411255,223.0761196,52.23068628,4.270978145,0.972203275,16.54057444,987.0098302,1268.01765,7167,0.800603217,195.2994232,187.9441833,142.7992249
33452,B-20-2-11_masks.tif,42,18937,1048.551299,380.4983357,65.57014337,5.8029206,0.985039796,42.05680177,3065.72757,1323.858056,8009,0.422928658,195.2349854,186.4772186,132.3526001
33453,B-20-2-11_masks.tif,43,7310,584.9116882,229.5643935,42.15405596,5.445843543,0.982996129,-58.489473,263.1529412,1310.428044,6834,0.934883721,197.555603,192.8103638,141.7888489
33454,B-20-2-11_masks.tif,44,6824,463.4558441,184.0439474,47.80946359,3.849529645,0.96566998,-77.50521893,1698.262896,1281.449004,6173,0.904601407,199.4420929,193.7746582,147.1485443
33455,B-20-2-11_masks.tif,45,6356,432.627417,169.6785463,48.13324162,3.525184271,0.958921042,-75.75336992,1747.786816,1325.546728,5743,0.903555695,201.8815918,196.53125,154.1666412
33456,B-20-2-11_masks.tif,46,17678,1176.208153,399.7726607,62.83757327,6.362000311,0.987569451,34.12172804,3082.8006,1470.220217,10160,0.574725648,200.079422,192.2355347,152.4202728
33457,B-20-2-11_masks.tif,47,12722,866.3675324,314.6077645,54.40919325,5.782253802,0.984931844,-26.80031659,1238.253498,1462.228895,9346,0.734632919,205.1724854,197.0471802,156.7702789
33458,B-20-2-11_masks.tif,48,12932,796.4680374,299.9170153,56.77619172,5.282443331,0.981918077,65.3439833,819.4000928,1407.820677,8884,0.686978039,191.4720917,186.7098083,148.2710419
33459,B-20-2-11_masks.tif,49,7291,491.0121933,175.7296847,55.19031199,3.184067609,0.949401919,-28.04822009,1316.775614,1430.389658,5701,0.781922919,207.0108795,200.6628723,162.7161865
33460,B-20-2-11_masks.tif,50,14126,954.4091629,324.2507736,57.64970052,5.624500573,0.984067807,38.01994283,3271.646963,1491.559252,9404,0.665722781,197.4044037,190.4137573,138.0643311
33461,B-20-2-11_masks.tif,51,8062,488.627417,196.8153505,53.67167325,3.667024681,0.962098933,89.30136235,308.0457703,1383.025304,6622,0.821384272,192.4471436,189.2505341,142.60495
33462,B-20-2-11_masks.tif,52,5839,508.9116882,195.2895504,40.34519569,4.840466061,0.978427248,-40.57033788,4283.679226,1425.993663,4878,0.835417023,205.7416992,198.6186981,147.0414124
33463,B-20-2-11_masks.tif,53,11235,594.2842712,218.5788066,67.74463417,3.226510989,0.950758626,88.10688445,103.2547397,1426.434713,8313,0.739919893,194.7592926,191.0467987,142.2299957
33464,B-20-2-11_masks.tif,54,13116,792.0832611,288.3084558,60.63779686,4.754599783,0.97763203,17.24903375,4125.127097,1565.767307,4971,0.379002745,205.8813171,200.5908203,150.3216705
33465,B-20-2-11_masks.tif,55,6355,459.3553391,170.0886511,48.30700477,3.520993527,0.958821097,-22.76251863,4342.877734,1482.831786,5737,0.902753737,207.8448639,202.2408905,157.6362152
33466,B-20-2-11_masks.tif,56,6006,459.9411255,173.4072717,45.19905501,3.836524273,0.965432662,-25.16367491,4387.199467,1485.607559,4834,0.804861805,206.0047607,199.707077,154.6503906
33467,B-20-2-11_masks.tif,57,2677,330.5269119,118.2130266,30.41234573,3.88700785,0.966340281,-39.26846262,4930.44901,1486.504296,2482,0.927157266,194.3348083,187.6462555,144.4327087
33468,B-20-2-11_masks.tif,58,4264,332.8700577,109.4431783,51.17644772,2.13854582,0.883936227,-22.8221559,1393.76454,1495.940197,473,0.110928705,202.410141,194.5200806,152.3044434
33469,B-20-2-11_masks.tif,59,8653,656.2253967,243.1050245,49.04960076,4.956309954,0.979434372,-30.69894151,1282.965908,1570.008321,570,0.065873108,228.9701691,213.5842133,180.1684265
33470,B-20-2-11_masks.tif,60,8829,693.5391052,249.5749546,45.83944815,5.444545356,0.982987949,-50.36199313,4952.24782,1544.229924,4139,0.468796013,205.4672699,199.8212128,158.987915
33471,B-20-2-11_masks.tif,61,10275,591.3969696,205.6018369,64.30181098,3.197450177,0.949835741,42.43054718,3243.706472,1553.679221,7392,0.719416058,202.6128235,194.1076813,138.4626617
33472,B-20-2-11_masks.tif,62,5136,454.6690476,167.4083704,40.8966828,4.093446191,0.96970148,-47.58224829,4436.946067,1533.435164,4553,0.886487539,203.2846527,195.3031006,152.3705292
33473,B-20-2-11_masks.tif,63,4809,447.5979797,166.0457433,40.20304422,4.130178361,0.970246238,-31.78398705,1248.604076,1555.995009,4669,0.970887918,213.8937683,204.7037964,156.3570404
33474,B-20-2-11_masks.tif,64,6603,540.5685425,193.2961131,44.30145243,4.363200359,0.973381807,-45.52719973,4454.001363,1568.94245,4464,0.676056338,213.9274139,205.7735291,155.409729
33475,B-20-2-11_masks.tif,65,1937,227.7989899,77.22001009,32.93212203,2.344823392,0.904501071,-43.78621089,4857.671141,1543.995354,1912,0.987093443,198.7275085,191.132843,136.9775085
33476,B-20-2-11_masks.tif,66,7826,547.9827561,188.7367739,54.88518775,3.438756096,0.956783003,-36.00917187,1325.544339,1602.991822,7518,0.960644007,207.9998627,199.131012,142.9091492
33477,B-20-2-11_masks.tif,67,12087,722.4680374,216.4486834,80.75272737,2.68038852,0.92779908,44.84650513,3095.950112,1604.490858,9037,0.747662778,199.3961487,190.6180115,150.7593231
33478,B-20-2-11_masks.tif,68,11887,685.8406204,271.5718234,56.44353142,4.81138966,0.978162802,-17.2805791,976.9161269,1658.061664,9430,0.793303609,204.2311707,196.6756134,151.1497345
33479,B-20-2-11_masks.tif,69,14213,915.0538239,321.5992007,60.63608559,5.303759264,0.982064453,-70.81262448,4570.894111,1615.026103,7965,0.560402448,204.1414948,197.1501617,142.6532288
33480,B-20-2-11_masks.tif,70,11262,667.9411255,265.6290015,58.05042245,4.57583236,0.975828109,10.53388986,1510.497603,1670.028947,10352,0.919197301,199.2146454,190.4332428,149.8182068
33481,B-20-2-11_masks.tif,71,14276,880.6690476,343.3685882,53.78187015,6.384467241,0.987657329,-12.95901,5340.095895,1753.820748,10385,0.727444662,201.0653839,194.3940277,156.314209
33482,B-20-2-11_masks.tif,72,10376,662.8700577,266.0131069,54.22025791,4.906157166,0.979007232,2.550588819,899.7667695,1734.032093,6469,0.62345798,199.7566833,191.5297546,154.5496979
33483,B-20-2-11_masks.tif,73,2797,282.3847763,105.1219079,35.2455717,2.98255647,0.942117518,17.54438643,1411.248838,1635.751877,2390,0.85448695,195.6405792,187.8552246,141.230957
33484,B-20-2-11_masks.tif,74,5508,457.0121933,169.154393,43.59043597,3.880539142,0.966226006,38.38357965,3042.315359,1661.988562,5302,0.962599855,202.4443665,194.280838,150.0984497
33485,B-20-2-11_masks.tif,75,7814,486.0416306,182.2718625,58.17853425,3.132974469,0.947692261,-6.865417199,5404.307525,1711.663169,5083,0.650499104,203.6972198,196.8396606,143.1253204
33486,B-20-2-11_masks.tif,76,7341,493.6984848,190.218543,50.17651906,3.79098723,0.964581903,14.36371033,1472.575671,1713.183762,0,0,,,
33487,B-20-2-11_masks.tif,77,7091,509.2132034,211.664336,43.72717824,4.840567,0.978428157,-6.317935928,1585.934988,1721.555916,5974,0.842476379,204.5430145,196.9795837,161.5224304
33488,B-20-2-11_masks.tif,78,7850,535.0121933,189.0360138,54.24668903,3.484747496,0.957941116,23.51542016,4262.05172,1724.153503,6555,0.835031847,201.7347107,195.7736053,164.4871063
33489,B-20-2-11_masks.tif,79,5658,426.1837662,136.3475271,56.09604969,2.430608355,0.91144604,-39.65872318,1020.190703,1698.908978,4781,0.844998233,210.815094,206.1779938,152.5398407
33490,B-20-2-11_masks.tif,80,3210,301.2132034,110.522229,38.57942433,2.864797258,0.937098574,-73.09755568,4401.138941,1674.826791,2511,0.782242991,201.9557953,196.6913605,152.7725983
33491,B-20-2-11_masks.tif,81,7346,464.627417,186.3341654,50.60268858,3.682297732,0.962418812,-6.696155769,1626.908658,1741.004084,6460,0.879390144,205.8396301,199.1068115,156.525238
33492,B-20-2-11_masks.tif,82,6422,480.7695526,180.2643453,48.17821496,3.741615282,0.963623278,26.44393517,4220.462628,1741.704921,5737,0.89333541,202.1641998,196.159317,154.6553955
33493,B-20-2-11_masks.tif,83,16742,1184.693434,403.9632048,59.19335605,6.824468686,0.989205997,44.49428269,4266.026998,1865.7744,8795,0.525325529,193.9430389,186.8282013,142.9309845
33494,B-20-2-11_masks.tif,84,6247,470.7695526,173.2094157,48.37223466,3.580761091,0.960212547,28.19329527,1421.253402,1793.503922,6016,0.963022251,202.0511932,196.5132904,163.627655
33495,B-20-2-11_masks.tif,85,8850,624.8111832,217.8767357,54.92833934,3.966563313,0.967699258,52.04031926,2012.808249,1787.360565,7878,0.890169492,200.6514282,194.1976318,154.4701691
33496,B-20-2-11_masks.tif,86,7340,583.1543289,216.6583926,43.89132453,4.936246397,0.979265079,33.14571193,1345.380518,1821.958038,6639,0.904495913,209.6281128,203.4365082,170.1793976
33497,B-20-2-11_masks.tif,87,6316,524.0832611,195.3134539,43.1523129,4.52614103,0.975287682,29.32551465,1385.201393,1813.424953,5997,0.94949335,202.8404236,196.7273712,165.7018585
33498,B-20-2-11_masks.tif,88,9629,715.5391052,256.4046705,50.560475,5.071247264,0.980365261,40.51155386,1811.99408,1851.741302,6666,0.692283726,196.4908447,189.1905212,146.2676239
33499,B-20-2-11_masks.tif,89,7291,625.3553391,255.2660779,44.84383982,5.692333193,0.984448238,-7.878440511,1691.217254,1884.986284,5236,0.718145659,200.7253571,191.8613434,147.6632996
33500,B-20-2-11_masks.tif,90,6851,501.8406204,182.3943089,50.30157818,3.626015635,0.961219404,57.76366278,1984.145818,1829.187564,6765,0.987447088,202.9640808,194.2459717,158.5727997
33501,B-20-2-11_masks.tif,91,8154,540.3259018,193.6215368,54.766096,3.535427043,0.959163784,46.87783458,1222.975963,1860.749203,4771,0.585111602,176.9149017,171.2089691,142.9337616
33502,B-20-2-11_masks.tif,92,10516,718.7695526,264.7625,52.72670312,5.021412004,0.979969593,7.90131401,1075.421168,1919.09728,7709,0.733073412,202.8862305,196.5023956,161.0734253
33503,B-20-2-11_masks.tif,93,7938,601.3969696,210.7618081,50.09563179,4.207189341,0.971341462,50.66754729,1959.943815,1867.336735,4708,0.593096498,200.0254822,192.6214905,158.0851746
33504,B-20-2-11_masks.tif,94,7337,511.8406204,183.2786155,52.74363401,3.474895482,0.957697013,34.52121479,1321.523784,1871.428786,6006,0.818590705,208.4453888,202.8686371,176.7417603
33505,B-20-2-11_masks.tif,95,4590,443.2132034,187.3364187,32.19145087,5.819446269,0.985125282,-9.826962971,1662.796514,1893.066449,3443,0.750108932,209.2355499,202.5666504,147.6270752
33506,B-20-2-11_masks.tif,96,7258,496.0416306,204.1108199,46.34598339,4.404067084,0.973880108,6.302904232,1121.021494,1905.292918,5943,0.818820612,198.6424408,191.0175018,154.1923218
33507,B-20-2-11_masks.tif,97,7132,520.6690476,180.5704562,51.78328618,3.487041274,0.957997643,57.14083735,1945.451346,1918.432557,5952,0.834548514,203.6357574,195.4173431,154.8450928
33508,B-20-2-11_masks.tif,98,12463,748.9116882,282.3130018,57.04275175,4.949147667,0.979374178,-19.80538907,924.7092193,2027.497713,7926,0.635962449,200.6424408,191.1998444,142.7335358
33509,B-20-2-11_masks.tif,99,4937,407.1126984,151.7410116,42.06954836,3.606908501,0.960799044,61.6482991,1893.45473,1999.290257,4756,0.96333806,199.809082,195.0868378,167.0067291
33510,B-20-2-11_masks.tif,100,3410,345.2132034,123.0971876,41.673123,2.953874794,0.940952582,83.78083347,5388.334311,1996.695601,2992,0.877419355,197.9615631,195.6524048,151.2068787
33511,B-20-2-11_masks.tif,101,8000,510.9705627,220.655749,46.96386884,4.698415067,0.97708756,86.99210924,1334.276,1999.52325,6727,0.840875,203.213623,198.147171,158.1165466
33512,B-20-2-11_masks.tif,102,16446,924.0832611,344.0396994,69.4544864,4.953455381,0.979410413,1.002587512,4342.503162,2179.906239,9894,0.601605254,201.6720276,192.891449,149.3639526
33513,B-20-2-11_masks.tif,103,5137,424.1837662,156.6255728,42.48686965,3.686446522,0.962505001,55.24813134,1873.295698,2033.690286,4159,0.809616508,199.3161774,192.3154602,159.9410858
33514,B-20-2-11_masks.tif,104,11205,724.8700577,301.3148807,50.13604875,6.009944706,0.986059874,-87.23286486,3964.128603,2015.961535,5850,0.522088353,211.1699219,206.1073456,171.0673523
33515,B-20-2-11_masks.tif,105,15359,798.5269119,334.7283558,59.9574397,5.582766001,0.983826746,-0.252250972,4288.437594,2173.003581,8448,0.55003581,206.7620697,198.5788422,158.7250214
33516,B-20-2-11_masks.tif,106,4940,380.3847763,138.5097222,49.62649551,2.791043793,0.933610768,79.60669945,5381.135628,2041.601417,4283,0.867004049,209.2857819,204.0968933,163.6184845
33517,B-20-2-11_masks.tif,107,9937,604.0416306,252.0489581,51.00537669,4.941615461,0.979310588,-89.93368016,1355.85237,2043.96508,7927,0.797725672,207.8216248,200.7227173,168.0277557
33518,B-20-2-11_masks.tif,108,12855,722.2842712,299.0870104,56.45380557,5.297906976,0.982024444,-1.874594178,4232.077713,2178.812991,10670,0.830027227,205.0932465,195.3259583,148.5501404
33519,B-20-2-11_masks.tif,109,9778,638.2842712,266.3052545,48.71836898,5.466218596,0.98312374,-80.48206582,3948.12794,2061.281346,7569,0.77408468,208.1051636,199.3104706,165.0972443
33520,B-20-2-11_masks.tif,110,11479,635.6984848,253.7293421,63.99104925,3.965075508,0.967674608,-1.613382166,4182.697796,2186.203154,6409,0.558323896,209.9992218,199.6929321,152.1666412
33521,B-20-2-11_masks.tif,111,11300,700.5269119,289.5168524,51.85762519,5.582917679,0.983827632,-82.11183608,3972.97115,2111.660796,8521,0.754070796,206.9584503,201.2382355,164.5635529
33522,B-20-2-11_masks.tif,112,5894,479.5979797,179.0682318,47.02560007,3.807888289,0.964901314,55.42561973,5376.299966,2131.076179,1868,0.316932474,208.9202423,207.1199188,179.0026703
33523,B-20-2-11_masks.tif,113,2395,229.8994949,74.70395656,47.17686355,1.583487136,0.77536154,54.49707812,5409.551566,2096.23048,2023,0.844676409,193.4246216,184.4453735,132.8516998
33524,B-20-2-11_masks.tif,114,9291,606.2842712,247.515607,50.2874693,4.922013583,0.97914371,-81.53900525,3969.208374,2160.745668,7880,0.848132601,205.2994995,198.0628204,162.4414978
33525,B-20-2-11_masks.tif,115,6019,498.6690476,179.9194038,43.31550171,4.153695483,0.970587292,-31.31995124,3997.401396,2287.086892,5703,0.947499585,208.8481445,202.7101593,162.3065033
33526,B-20-2-11_masks.tif,116,7071,468.4264069,166.0860477,55.08099875,3.015305668,0.943405546,-35.0230422,4058.752227,2276.565125,5677,0.802856739,209.3308105,203.2282867,157.646286
33527,B-20-2-11_masks.tif,117,12027,690.3259018,255.4264326,61.68670826,4.140704533,0.970399626,21.52726428,4166.777002,2340.385383,11473,0.953936975,206.0010529,200.121933,162.8623657
33528,B-20-2-11_masks.tif,118,17943,1154.208153,413.1103181,69.07366133,5.980721308,0.985922336,43.35342386,972.8879786,2401.092348,8964,0.49958201,192.486618,184.0265503,146.4675293
33529,B-20-2-11_masks.tif,119,4418,360.5269119,123.5010834,46.5378087,2.653779514,0.926286074,-62.25449971,1979.040742,2291.059529,3942,0.892258941,207.8330841,200.0043182,153.2658539
33530,B-20-2-11_masks.tif,120,20356,1194.107648,424.6434042,70.5622105,6.018000304,0.986097432,46.96317156,956.9269994,2484.688642,13258,0.65130674,205.9029999,200.3818817,170.597229
33531,B-20-2-11_masks.tif,121,20950,985.2375901,350.8617706,78.80344439,4.452365925,0.974451117,41.87450165,788.6617184,2504.573222,8543,0.40778043,195.8033447,185.2379761,133.0147552
33532,B-20-2-11_masks.tif,122,12910,914.7523087,332.9943924,63.67977297,5.229201941,0.98154452,49.06419732,932.7030209,2564.423935,6280,0.486444617,209.5708618,203.0076447,168.1023865
33533,B-20-2-11_masks.tif,123,18836,1001.882251,382.9172754,65.85825275,5.814264112,0.985098554,-18.96840439,532.7699618,2639.368603,8340,0.442769165,201.7053986,195.6262665,146.3491669
33534,B-20-2-11_masks.tif,124,11046,737.4974747,279.2367378,55.3818761,5.042023808,0.980134684,-19.42398623,4544.637968,2674.316947,8630,0.781278291,203.553421,198.6585236,153.8443756
33535,B-20-2-11_masks.tif,125,9158,592.8700577,233.480719,50.89280902,4.587695659,0.975954497,81.05697003,4778.28456,2745.028172,7723,0.843306399,201.0473938,194.5965271,159.4818115
33536,B-20-2-11_masks.tif,126,6655,467.2132034,188.1473726,45.83826461,4.104591966,0.969868357,-13.50481335,4582.163035,2814.869421,5971,0.897220135,202.2023163,196.1009827,159.0619659
33537,B-20-2-11_masks.tif,127,5207,432.627417,172.5982258,40.76102596,4.234393561,0.971713861,-10.39997914,4540.578452,2813.613021,4107,0.788745919,205.7336273,200.9956207,161.6578979
33538,B-20-2-11_masks.tif,128,7741,495.4558441,194.0350325,51.946303,3.735300133,0.96349784,81.15223512,4761.320501,2792.624725,6319,0.816302803,206.9875031,199.1933899,164.0408325
33539,B-20-2-11_masks.tif,129,8833,704.0832611,272.1643083,46.13006295,5.899933597,0.985531317,-71.52828435,1036.280199,2911.391486,6985,0.790784558,203.9022217,200.7917023,166.295639
33540,B-20-2-11_masks.tif,130,6626,507.7401154,181.5266317,47.79271138,3.798207434,0.964718892,-44.46786083,4763.806822,2939.451856,5204,0.785390884,196.035553,189.2054138,142.1777496
33541,B-20-2-11_masks.tif,131,12506,837.8406204,344.697381,47.37449259,7.276012094,0.990510382,-13.03003348,4462.89597,3056.753798,10515,0.840796418,203.1417084,196.3247681,154.6334686
33542,B-20-2-11_masks.tif,132,6086,503.9411255,205.2938714,39.22812645,5.23333358,0.981573923,-73.60025837,1043.707525,2944.835688,5512,0.905685179,207.8820801,201.0709381,166.3234711
33543,B-20-2-11_masks.tif,133,14409,864.5685425,328.7904976,59.65906127,5.511157746,0.983400157,-18.45301207,1992.920605,3071.775279,9298,0.645291137,205.149704,198.0477448,155.5796967
33544,B-20-2-11_masks.tif,134,7086,552.0832611,202.3326133,46.31595407,4.368529534,0.973447596,-32.5059056,4542.388795,2995.567316,6636,0.936494496,205.7028351,198.6187439,157.1550598
33545,B-20-2-11_masks.tif,135,13757,834.5685425,304.676701,61.0853318,4.98772278,0.979695278,16.17353385,1885.275278,3068.225558,10234,0.74391219,199.8103333,192.0152435,153.0856018
33546,B-20-2-11_masks.tif,136,12842,812.0243866,289.7428085,57.56320934,5.033472106,0.980066438,54.03439795,4983.470799,3019.105124,9549,0.743575767,196.0885925,189.0309906,144.2735291
33547,B-20-2-11_masks.tif,137,14489,972.3675324,342.327581,55.59549258,6.157470059,0.986724289,-22.5601306,4611.655946,3101.932293,4736,0.326868659,200.7326813,191.1302795,145.9415131
33548,B-20-2-11_masks.tif,138,9533,624.5685425,223.7657905,54.90004934,4.075875946,0.969435569,-28.30895226,2981.79314,3064.491346,7599,0.797125774,202.0917206,194.4163666,146.6485138
33549,B-20-2-11_masks.tif,139,13195,731.6396103,265.5259951,66.91273106,3.968243276,0.967727057,27.1548077,4935.591209,3082.325654,7836,0.593861311,198.5784912,189.7946625,142.4502258
33550,B-20-2-11_masks.tif,140,13734,913.3380951,319.2250057,61.18819656,5.21710107,0.981457998,38.27734045,1826.841343,3121.456458,5718,0.416339013,195.959259,188.4017181,157.2102203
33551,B-20-2-11_masks.tif,141,8173,787.4386002,280.2761513,41.80326998,6.704646584,0.988814538,41.05378286,2713.696684,3129.59721,6246,0.764223663,185.808197,179.3411713,148.6972504
33552,B-20-2-11_masks.tif,142,4646,429.6984848,169.9737505,39.62435158,4.289628568,0.972447876,-68.14495301,3110.887861,3035.605037,4404,0.947912183,198.5188446,192.1516876,146.620575
33553,B-20-2-11_masks.tif,143,4826,407.3553391,142.150354,46.13320985,3.081302047,0.945872615,-30.79455163,498.6976792,3089.403232,3760,0.779113137,201.2103729,195.3178253,151.2654266
33554,B-20-2-11_masks.tif,144,9727,739.2964646,268.1815681,55.65306579,4.818810325,0.978230754,36.12630885,1772.548473,3161.23481,5151,0.529556903,193.2075348,185.6798706,158.0110626
33555,B-20-2-11_masks.tif,145,16220,914.509668,327.3885429,68.39713588,4.786582634,0.977933308,38.59114357,4853.423921,3160.462084,12862,0.79297164,196.004425,190.2061157,149.7434235
33556,B-20-2-11_masks.tif,146,9321,578.7695526,227.4517861,53.16966709,4.277848603,0.972293761,-73.7081337,697.4394378,3087.815256,6911,0.741444051,201.7059784,195.4259949,153.9532623
33557,B-20-2-11_masks.tif,147,8275,726.6101731,254.6198921,42.96789501,5.925817219,0.985658355,-43.6750954,2084.455589,3151.55432,5345,0.64592145,209.2836304,202.4851227,161.8955994
33558,B-20-2-11_masks.tif,148,4172,377.7989899,150.7409363,36.24136396,4.159361565,0.970668582,-81.83189812,3165.505513,3068.457814,4087,0.979626079,200.9295349,194.0198212,142.5541992
33559,B-20-2-11_masks.tif,149,25764,1003.63961,369.6106464,90.8360572,4.068986014,0.969330335,16.21667551,935.0416861,3226.573591,9348,0.362831858,187.7653046,178.9055481,144.6159668
33560,B-20-2-11_masks.tif,150,7737,593.9827561,228.8017065,44.97172422,5.087679215,0.980493147,-35.88101773,405.6073413,3141.142691,6950,0.898280987,205.1132355,200.2450409,154.8389893
33561,B-20-2-11_masks.tif,151,9260,778.6101731,274.4274731,46.14862662,5.946601084,0.985759153,-46.20859288,2123.331533,3168.831857,6270,0.677105832,208.3102112,202.7103729,163.2186584
33562,B-20-2-11_masks.tif,152,9060,622.8111832,222.1306765,53.25741411,4.170887382,0.970832899,39.50202145,4794.901104,3171.415121,740,0.081677704,217.6959534,199.3986511,185.6040497
33563,B-20-2-11_masks.tif,153,4241,369.2132034,140.0074099,39.77238021,3.520217025,0.958802538,-78.13230285,3105.109408,3126.26739,4181,0.985852393,200.2743378,194.8787384,153.109787
33564,B-20-2-11_masks.tif,154,11185,800.8528137,289.8301246,50.81087451,5.704096366,0.984512819,41.00773977,4779.328654,3226.164148,9811,0.877156907,202.1031494,195.4160614,162.0155945
33565,B-20-2-11_masks.tif,155,10496,647.9827561,236.5493207,57.77751728,4.094141317,0.969711928,-31.38954467,5030.698266,3227.700934,8169,0.778296494,194.742691,185.7801514,135.9767456
33566,B-20-2-11_masks.tif,156,21177,1266.936075,461.7566447,68.65250684,6.725998306,0.98888584,50.85414768,804.6757331,3280.085423,11817,0.55801105,200.4848938,192.6928101,160.9783325
33567,B-20-2-11_masks.tif,157,10541,726.3675324,264.0630417,55.95424717,4.71926717,0.977291938,41.80141289,4744.301489,3255.75619,5414,0.513613509,205.5452576,199.9639893,170.3433685
33568,B-20-2-11_masks.tif,158,20699,1190.208153,413.4867381,66.46020841,6.221568484,0.986998222,49.34533731,754.9341997,3311.382675,7554,0.364945166,194.0344238,184.7498016,157.1821594
33569,B-20-2-11_masks.tif,159,10253,679.9411255,270.1138782,54.90628908,4.919543512,0.979122538,7.926731176,599.6921877,3302.254462,7596,0.740856335,203.1836548,197.0439758,164.2775116
33570,B-20-2-11_masks.tif,160,13041,962.3675324,325.282722,60.71535308,5.357503588,0.982425696,66.06106363,1716.458707,3274.587608,2341,0.179510774,194.1341248,184.9295197,155.5800934
33571,B-20-2-11_masks.tif,161,9286,632.2253967,209.3445831,59.68267414,3.507627399,0.958499861,40.67193113,2764.71247,3268.190502,7575,0.815744131,194.5918121,185.7675323,149.5288391
33572,B-20-2-11_masks.tif,162,3321,333.1126984,118.2563944,37.84249479,3.124962957,0.947416261,-47.42931921,381.6368564,3229.792532,2200,0.662451069,207.9909058,208.2550049,169.604538
33573,B-20-2-11_masks.tif,163,6623,486.2842712,194.1174282,44.74154352,4.338639504,0.973075405,14.85294301,2691.498566,3297.027329,5728,0.864864865,193.7637939,186.3470612,147.1372223
33574,B-20-2-11_masks.tif,164,6681,499.4974747,185.2387409,48.38657241,3.828308798,0.965281471,41.9995801,4702.34426,3280.842239,5795,0.867385122,202.8084564,196.338562,163.5727386
33575,B-20-2-11_masks.tif,165,6753,610.4680374,192.5562829,49.86702639,3.86139493,0.965884355,-46.73743148,2107.244928,3304.001037,4112,0.608914556,199.8270874,193.3706207,147.5218811
33576,B-20-2-11_masks.tif,166,9871,668.5269119,261.9111934,51.55192333,5.080531948,0.980437676,4.164721503,557.0856043,3360.868605,7770,0.78715429,200.7866211,193.2283173,163.1821136
33577,B-20-2-11_masks.tif,167,15064,928.5685425,363.7047902,56.20254487,6.471322447,0.987988422,14.79295715,448.8645114,3459.139272,8895,0.590480616,202.571106,197.8132629,162.8768921
33578,B-20-2-11_masks.tif,168,13125,799.1126984,323.0735902,56.0933071,5.759574662,0.984812028,1.27295178,503.8902857,3412.68541,7514,0.572495238,198.965271,190.6521149,158.9350586
33579,B-20-2-11_masks.tif,169,14439,764.2253967,278.7577237,68.01466973,4.098494116,0.969777231,25.42312878,5167.642565,3441.517972,12983,0.899161992,195.2648773,188.5394745,141.3989105
33580,B-20-2-11_masks.tif,170,9015,637.1543289,233.8687494,50.21247172,4.657582894,0.976679245,61.29173627,4773.140433,3386.928231,7967,0.883749307,198.0397949,193.352951,154.5037079
33581,B-20-2-11_masks.tif,171,8298,613.9827561,222.2664393,49.36765935,4.50226813,0.975021552,56.74122781,4728.96469,3415.1416,7077,0.85285611,194.3932495,188.7322388,149.3929596
33582,B-20-2-11_masks.tif,172,10238,716.9116882,280.1041579,48.85993909,5.732797933,0.98466871,-70.79290932,2896.180309,3395.454386,8978,0.876929088,202.0452271,196.6237488,155.9351807
33583,B-20-2-11_masks.tif,173,10462,738.9533188,260.4323095,52.66314796,4.945247665,0.979341289,43.36019933,5024.364653,3473.363888,9867,0.943127509,196.1113739,189.1850586,147.0087128
33584,B-20-2-11_masks.tif,174,8881,623.6984848,247.2452044,47.78332689,5.174298662,0.981147007,-3.975443841,339.0648576,3500.660849,4738,0.53349848,197.1658936,191.0590973,147.9571533
33585,B-20-2-11_masks.tif,175,9278,716.3259018,266.6677991,47.11475982,5.659963038,0.984268418,16.87853885,411.2635266,3511.428433,5207,0.561220091,190.8165894,183.307663,157.1855164
33586,B-20-2-11_masks.tif,176,11530,827.882251,303.9527278,53.92313557,5.636777694,0.984137692,-65.54937955,2930.465828,3455.793495,9288,0.805550737,202.3278351,195.4741669,157.8522797
33587,B-20-2-11_masks.tif,177,12344,656.5269119,268.2043162,61.26097208,4.37806171,0.973564661,13.12223613,5321.966218,3519.035483,6216,0.503564485,188.1108398,182.1912842,118.2072067
33588,B-20-2-11_masks.tif,178,10096,610.1837662,239.6870846,58.84373986,4.07328095,0.969395998,15.85655711,1070.657191,3535.298732,7610,0.753763867,196.3532257,187.7797699,143.4499359
33589,B-20-2-11_masks.tif,179,9893,683.2964646,239.1237765,54.68365332,4.37285664,0.973500834,48.86527657,4984.711008,3513.414333,7912,0.799757404,194.6007385,185.4754791,150.6116028
33590,B-20-2-11_masks.tif,180,17018,949.6396103,369.3622128,61.97716308,5.959650208,0.985821896,-71.6252421,731.8965213,3506.253966,9373,0.550769773,201.6878204,196.428894,155.2786713
33591,B-20-2-11_masks.tif,181,10727,560.8700577,221.1151752,63.77170401,3.467292879,0.957507177,13.2917628,1023.237438,3552.769553,5745,0.535564464,205.720459,198.7568359,150.1843414
33592,B-20-2-11_masks.tif,182,4601,365.6984848,124.5170906,48.21925067,2.582310775,0.921974724,56.33248383,4772.230819,3492.823734,418,0.090849815,219.0550232,202.6339722,158.3421021
33593,B-20-2-11_masks.tif,183,7097,484.0416306,194.8277837,48.61173491,4.007834405,0.968371885,12.90816717,973.7914612,3566.564041,2214,0.311962801,194.877594,188.7579041,153.7881622
33594,B-20-2-11_masks.tif,184,5760,534.4264069,192.730467,45.52849232,4.2331836,0.971697453,30.87874311,1931.206597,3582.200521,1952,0.338888889,187.7940521,175.2126007,137.4129028
33595,B-20-2-11_masks.tif,185,6818,432.0416306,156.4460407,58.43095057,2.677451575,0.927634415,8.121911736,930.0850689,3578.420505,297,0.043561162,203.0606079,192.4444427,165.9494934
33596,B-20-2-11_masks.tif,186,5976,451.9411255,170.7525806,46.03531263,3.709165223,0.962971715,64.66802109,4761.511546,3546.024431,4646,0.777443106,191.3269501,185.2888489,154.2503204
33597,B-20-2-11_masks.tif,187,4963,383.9411255,131.7910538,49.30475874,2.672988514,0.927383089,48.93526225,5012.41346,3605.558735,4033,0.812613339,200.1373596,195.1048889,157.9523926
33598,B-20-2-11_masks.tif,188,1880,259.7989899,96.50894165,28.68394371,3.364563207,0.954810455,30.91626937,2724.593617,3609.321277,1468,0.780851064,193.0701599,185.4311981,142.6866455
33599,B-20-2-11_masks.tif,189,4373,373.1126984,125.2718844,47.77501742,2.622121167,0.924422221,57.8550251,5218.271667,3613.353076,3396,0.776583581,189.50177,180.9717255,130.0789185
33600,B-20-2-11_masks.tif,190,2777,258.9705627,89.30943839,42.2967474,2.111496602,0.880741272,58.52749726,4950.743608,3620.256392,1999,0.719841556,193.6188049,188.3391724,148.7693787
33601,B-20-2-12_masks.tif,1,9597,679.6396103,253.3213222,49.68070964,5.098987596,0.98058043,32.8328134,3304.768678,97.01177451,6359,0.662602897,206.7122192,199.2863617,162.4269562
33602,B-20-2-12_masks.tif,2,8067,606.3259018,229.4020664,48.12487245,4.766808819,0.977747765,29.49956405,3348.134375,89.59489277,7555,0.936531548,199.7719421,193.3019257,149.3757782
33603,B-20-2-12_masks.tif,3,16677,951.0121933,359.0155268,64.14801032,5.596674395,0.983907688,-2.704493068,994.8989626,187.0549859,8485,0.508784554,196.902298,190.5369415,134.6885071
33604,B-20-2-12_masks.tif,4,18088,1047.84062,444.4137934,56.39063123,7.880986321,0.991917093,-7.789178515,1047.563744,204.1829943,8886,0.491264927,196.5810242,191.0591888,141.5596466
33605,B-20-2-12_masks.tif,5,9002,686.4680374,256.2646829,46.90178119,5.463858224,0.983109031,33.47054852,1421.549989,101.9501222,3801,0.422239502,196.5866852,193.5124969,145.6769257
33606,B-20-2-12_masks.tif,6,10720,742.2253967,290.3733295,47.96627216,6.053698076,0.98626205,27.83703827,3265.564832,126.3435634,9925,0.925839552,201.3371277,197.3815613,156.4554138
33607,B-20-2-12_masks.tif,7,6619,498.6690476,180.9109534,47.8442006,3.78125146,0.964395913,30.87527714,1384.914035,119.064058,5617,0.848617616,199.9200592,197.000351,151.4212189
33608,B-20-2-12_masks.tif,8,9662,753.4386002,271.5813261,46.82621198,5.799771423,0.985023421,-51.61377222,3565.447423,132.8445456,7252,0.75056924,214.336319,209.8131561,153.7111206
33609,B-20-2-12_masks.tif,9,6260,480.7695526,183.9608298,44.47836933,4.135961649,0.97033066,25.36521224,3232.233546,152.6835463,4428,0.707348243,204.967926,201.7761993,163.9083099
33610,B-20-2-12_masks.tif,10,3826,338.9705627,128.0625317,41.85788695,3.059460021,0.945074477,-14.74818082,2492.464454,179.7736539,3413,0.892054365,203.0322266,196.4808044,133.5104065
33611,B-20-2-12_masks.tif,11,9296,599.9411255,232.2471774,53.96677045,4.303521879,0.972627984,85.16308591,1290.077453,187.2178356,7247,0.779582616,194.7151947,190.5374603,143.4062347
33612,B-20-2-12_masks.tif,12,8785,706.3675324,257.6896147,46.02555593,5.598837635,0.983920222,-44.4132904,2528.366306,293.5622083,8320,0.947068867,210.1381073,203.7495117,163.3197174
33613,B-20-2-12_masks.tif,13,4043,403.5979797,143.6500279,38.20245085,3.760230684,0.963989271,-48.83978984,2628.445214,269.3608706,3983,0.985159535,210.1172485,201.2789307,154.6941986
33614,B-20-2-12_masks.tif,14,4981,344.627417,117.6340436,54.97610677,2.13973034,0.884073117,-15.03667718,2464.814294,279.0120458,4387,0.880746838,206.2874451,199.1112366,146.7421875
33615,B-20-2-12_masks.tif,15,18927,1113.59798,482.8217838,51.09817966,9.448903798,0.994383984,-7.098179549,913.3442701,485.7581233,6474,0.342051038,205.0353699,199.5659637,158.9369812
33616,B-20-2-12_masks.tif,16,16448,1030.651804,361.3502373,60.70961331,5.952109025,0.985785687,37.36477779,1211.076362,398.4412695,7745,0.470877918,197.6750183,193.9328613,156.9929047
33617,B-20-2-12_masks.tif,17,5990,508.0832611,183.7113919,43.34897674,4.237963747,0.971762191,53.34525347,3289.86828,301.9641068,5594,0.933889816,201.5241394,198.5489807,154.4472656
33618,B-20-2-12_masks.tif,18,9364,528.8700577,207.2269564,60.22662467,3.440786488,0.956835142,-89.21318241,1260.261534,282.5256301,6716,0.717214865,201.3847504,196.9635162,149.8223572
33619,B-20-2-12_masks.tif,19,6282,529.1543289,184.8100262,45.87522569,4.02853661,0.968701355,-43.86475915,2681.070519,331.4700732,5130,0.816618911,210.977005,205.520462,160.5111084
33620,B-20-2-12_masks.tif,20,5179,432.6690476,146.5850236,49.20085792,2.979318447,0.941987756,-44.71202295,2631.905194,317.4500869,152,0.029349295,214.453949,187.2828979,184.1118469
33621,B-20-2-12_masks.tif,21,5204,425.0121933,140.1719208,49.90481403,2.808785555,0.934476143,-43.58653161,2538.631437,343.6566103,424,0.081475788,213.46698,207.2641449,181.2971649
33622,B-20-2-12_masks.tif,22,5147,455.8406204,166.9834062,40.148136,4.15918204,0.970666012,57.43196626,3280.218185,351.4169419,4545,0.883038663,200.8767853,198.1284943,150.6008759
33623,B-20-2-12_masks.tif,23,12504,936.1837662,399.2599164,47.4290045,8.418053901,0.992919125,-7.725922968,948.7400032,520.9089891,6940,0.555022393,202.2582092,196.5953827,149.9020233
33624,B-20-2-12_masks.tif,24,4898,429.4974747,141.8333471,47.68813204,2.974185422,0.941781148,-43.91924495,2551.339118,398.8468763,0,0,,,
33625,B-20-2-12_masks.tif,25,3885,393.5979797,142.7539675,37.05581257,3.852404188,0.965722102,-50.30581518,2577.71686,424.1791506,0,0,,,
33626,B-20-2-12_masks.tif,26,7816,612.8111832,223.9960042,47.45973346,4.719706326,0.977296213,-41.62231923,2538.419396,534.6970317,7379,0.944089048,208.7736816,200.3957214,133.9033813
33627,B-20-2-12_masks.tif,27,9623,624.1837662,251.9541568,49.64691633,5.074920567,0.980393959,-17.73845035,3145.698327,589.5455679,5232,0.543697392,213.09021,204.4694214,151.241394
33628,B-20-2-12_masks.tif,28,11757,672.0416306,280.2560085,54.61484527,5.131498718,0.980828118,-4.757258543,2631.20592,607.919027,8710,0.740835247,205.3801422,198.9419098,143.9250336
33629,B-20-2-12_masks.tif,29,9452,661.254834,262.0720298,47.36624109,5.532886371,0.983531372,-17.63208301,3176.486987,634.5859077,7315,0.773910284,210.729599,201.9994507,142.1481934
33630,B-20-2-12_masks.tif,30,8271,698.4680374,251.7823914,46.68450712,5.393275133,0.9826601,-58.1958383,1800.611897,742.8896143,7706,0.931689034,211.5551453,203.74617,155.9003448
33631,B-20-2-12_masks.tif,31,10166,673.2132034,297.3860776,44.27003076,6.717548475,0.988857705,-4.831542085,2946.964194,829.3384812,7542,0.741884714,208.2511292,203.605545,165.6286163
33632,B-20-2-12_masks.tif,32,9778,687.0538239,258.0182785,49.97112446,5.16334746,0.981066177,-56.94237976,1831.167826,772.228063,448,0.045817141,213.5200958,193.765625,184.8169708
33633,B-20-2-12_masks.tif,33,6181,618.7106781,236.4475457,34.32508365,6.888476896,0.989406731,-40.29892042,2045.425659,814.4390875,5702,0.922504449,212.0983887,203.1739807,157.9519501
33634,B-20-2-12_masks.tif,34,9013,782.1248917,300.9482719,43.70008336,6.886675007,0.989401157,-58.46202372,1858.506602,804.4080772,8793,0.975590813,209.5186005,202.8478394,154.4060059
33635,B-20-2-12_masks.tif,35,7550,611.6396103,231.6989118,42.73083155,5.422288857,0.982846785,-38.70381569,2078.988212,828.7165563,7138,0.945430464,212.5213013,205.8596191,155.1817017
33636,B-20-2-12_masks.tif,36,9509,580.5269119,233.9009497,53.31363697,4.387263052,0.973676927,-77.91216609,3284.986855,782.351141,7903,0.831107372,206.5683899,201.725174,138.1194458
33637,B-20-2-12_masks.tif,37,8655,698.4680374,253.0872678,45.7812036,5.528191658,0.983503154,-56.2648731,1885.271057,844.6457539,7989,0.92305026,210.8340149,205.626358,149.1697388
33638,B-20-2-12_masks.tif,38,6497,551.7989899,211.8689994,40.82712807,5.189417171,0.981257745,-3.238944035,2983.980299,880.4166538,5116,0.787440357,203.1677094,199.560791,155.6329193
33639,B-20-2-12_masks.tif,39,8746,641.8406204,241.5422234,47.93941965,5.038488682,0.980106515,19.15257658,233.4642122,906.8943517,5160,0.589983993,194.0688019,190.1224823,150.0118256
33640,B-20-2-12_masks.tif,40,9004,681.7401154,268.0373008,48.04384494,5.579014359,0.983804808,24.10541782,198.9285873,925.3179698,4438,0.492892048,198.827179,194.1074829,152.1178436
33641,B-20-2-12_masks.tif,41,7310,489.2132034,202.7201614,46.97127556,4.315832579,0.972786098,81.04199409,3291.975923,847.2819425,3572,0.488645691,203.0573883,194.5487061,149.9137726
33642,B-20-2-12_masks.tif,42,13754,932.5269119,382.3430327,49.59089481,7.709944218,0.991552938,0.511955695,488.8667297,1014.033518,850,0.061800204,235.5800018,235.8329468,201.4388275
33643,B-20-2-12_masks.tif,43,12825,851.5979797,340.9366615,55.67771733,6.1233951,0.986575119,4.633975558,396.8451462,1010.907446,7886,0.614892788,201.1304779,196.1131134,160.6306152
33644,B-20-2-12_masks.tif,44,13697,842.5269119,361.1865287,51.46887542,7.0175718,0.989794884,7.06647981,441.638315,1022.277798,10741,0.784186318,204.9890137,198.37883,169.5061035
33645,B-20-2-12_masks.tif,45,6805,508.8700577,207.4076931,43.02249387,4.820912839,0.978249949,80.24670684,3292.356796,889.7277002,5671,0.833357825,200.1010437,193.5819092,147.2419281
33646,B-20-2-12_masks.tif,46,15781,975.7401154,401.6515272,54.03230532,7.433544152,0.990910155,-13.58104133,129.8238388,1097.384576,0,0,,,
33647,B-20-2-12_masks.tif,47,13680,946.509668,342.281673,57.25952764,5.977724356,0.985908115,31.22677292,347.9318713,1082.974488,6286,0.459502924,186.286026,181.6679993,147.4381104
33648,B-20-2-12_masks.tif,48,10731,774.2253967,278.4594376,53.71164146,5.18434049,0.981220669,25.35457688,2427.10027,1148.115833,5858,0.54589507,202.8327026,198.2010956,156.5778351
33649,B-20-2-12_masks.tif,49,15166,784.7695526,325.0158879,61.5663261,5.279117798,0.981895079,-8.741494107,211.9143479,1187.015231,8656,0.570750363,199.5466766,193.0449371,140.0346527
33650,B-20-2-12_masks.tif,50,9726,656.5685425,243.8200577,52.25103785,4.666319899,0.97676753,28.900831,2390.504935,1174.045959,3812,0.391939132,206.363327,201.5962677,159.7610168
33651,B-20-2-12_masks.tif,51,6886,544.6690476,211.4600713,42.67755185,4.954831337,0.979421967,31.51203169,2340.447139,1173.937554,6361,0.92375835,202.0554962,195.0341187,156.011322
33652,B-20-2-12_masks.tif,52,8854,678.2253967,250.8431272,47.26576359,5.307078701,0.982087087,32.77207662,2321.335893,1216.374181,4042,0.456516829,198.3639221,192.7065735,157.4665985
33653,B-20-2-12_masks.tif,53,6087,430.8700577,167.7633437,47.95603463,3.498273888,0.958272805,-79.45843656,2827.120749,1156.366355,5164,0.848365369,204.3683167,199.8268738,151.8960114
33654,B-20-2-12_masks.tif,54,13510,1003.053824,419.1872921,64.24143372,6.525185815,0.988187088,17.21765019,388.5358253,1345.545522,0,0,,,
33655,B-20-2-12_masks.tif,55,16134,1075.296465,404.7606624,68.23798449,5.931603423,0.985686525,13.61781282,282.094149,1390.047787,6790,0.420850378,190.9212036,185.8656921,155.4737854
33656,B-20-2-12_masks.tif,56,13086,998.2253967,387.6292634,47.02823069,8.242480266,0.992613118,14.81483174,327.894773,1365.729635,5379,0.411049977,200.0329132,194.588028,163.9557495
33657,B-20-2-12_masks.tif,57,5085,431.4558441,164.4179716,44.05322521,3.732257305,0.963437167,-75.84715994,2704.874336,1219.541003,4183,0.822615536,209.2510223,205.6485748,160.2263947
33658,B-20-2-12_masks.tif,58,5072,383.6984848,128.0507522,52.81681991,2.424431315,0.910972153,-62.47862426,2596.664038,1259.346412,4458,0.878943218,213.9768982,208.8811188,156.7142181
33659,B-20-2-12_masks.tif,59,4913,407.1126984,148.9008418,43.73351,3.404731103,0.955894896,-60.71915271,2750.085895,1255.501527,4597,0.935680847,206.268219,198.7848663,151.2749634
33660,B-20-2-12_masks.tif,60,5774,385.4558441,127.6763202,60.04844911,2.126221777,0.882497107,-71.01267808,2638.805507,1294.253031,5206,0.901627988,212.3534393,203.5941162,154.7960052
33661,B-20-2-12_masks.tif,61,11766,847.9238816,310.3188173,51.26785213,6.052892884,0.986258369,47.66763889,3077.807326,1361.513174,9593,0.815315315,199.4618988,195.8022461,153.9643555
33662,B-20-2-12_masks.tif,62,6635,478.4264069,166.5570341,53.5299614,3.111473085,0.946946519,-48.26681723,2799.930219,1352.543482,1736,0.261642803,212.6981506,203.7004547,163.7125549
33663,B-20-2-12_masks.tif,63,7918,625.9827561,231.2918547,47.81294139,4.837432042,0.97839988,-57.77837903,2721.300076,1357.626926,2105,0.265849962,210.8579559,202.1871796,151.2479858
33664,B-20-2-12_masks.tif,64,4096,325.7989899,116.3453929,46.32387119,2.511564554,0.917316769,-74.01699272,2632.172119,1346.719238,4036,0.985351563,207.2938538,201.8461304,151.7467804
33665,B-20-2-12_masks.tif,65,5330,433.254834,152.4557377,45.65495524,3.339303191,0.954107703,51.58786391,3030.257223,1374.960788,5014,0.940712946,202.8835297,196.8647766,160.3851166
33666,B-20-2-12_masks.tif,66,8406,772.9533188,256.6469522,44.67729071,5.744460959,0.984731383,46.61357849,3042.630264,1441.480133,5845,0.695336664,190.3864899,185.4352417,143.6686096
33667,B-20-2-12_masks.tif,67,4709,377.6984848,129.2885257,49.10653248,2.632817248,0.92505989,-58.64065222,2694.052028,1425.057549,4409,0.936292206,212.9308167,205.8872833,152.7205658
33668,B-20-2-12_masks.tif,68,9619,564.0416306,220.2231927,59.46560376,3.703371005,0.96285352,-89.82392441,2472.519285,1417.724192,7335,0.76255328,199.3191528,190.069809,139.4845276
33669,B-20-2-12_masks.tif,69,7841,627.1543289,243.4181035,42.10361675,5.781406023,0.984927391,-62.48093912,2549.357607,1533.594822,7041,0.897972197,209.4881439,201.4793396,148.5350037
33670,B-20-2-12_masks.tif,70,6574,417.6984848,150.2424607,57.54051534,2.611072559,0.923754819,28.0862322,2719.988744,1568.307271,3997,0.608001217,197.529892,191.9419556,145.1203461
33671,B-20-2-12_masks.tif,71,5001,399.1126984,142.5258833,45.79578182,3.112205483,0.946972186,25.34403678,2681.494701,1593.717856,3986,0.797040592,208.0471649,204.2047119,163.8800812
33672,B-20-2-12_masks.tif,72,7158,510.0832611,183.1443327,50.57959308,3.620913525,0.961107826,57.87615947,2756.868818,1714.883068,6251,0.873288628,200.8652954,197.5968628,156.6829376
33673,B-20-2-12_masks.tif,73,6700,496.9116882,177.3327946,50.76461865,3.493236025,0.958149732,51.21027657,2711.95806,1738.228955,5663,0.845223881,201.9192963,196.2805939,155.6143341
33674,B-20-2-12_masks.tif,74,8591,618.0416306,276.6799375,41.58653197,6.653113987,0.98863959,-6.740640643,4125.780002,1797.049005,50,0.005820044,212.2200012,170,193.3600006
33675,B-20-2-12_masks.tif,75,10530,641.2132034,278.2734966,50.38799348,5.522615159,0.983469541,-2.946900445,4021.710921,1816.901235,5250,0.498575499,205.4506683,198.2857208,155.6238098
33676,B-20-2-12_masks.tif,76,8526,579.0121933,223.5637599,49.41159643,4.524520073,0.975269748,19.93763783,2475.157284,1832.88799,7415,0.869692705,200.59758,195.8751221,147.6335754
33677,B-20-2-12_masks.tif,77,5259,465.7989899,203.2343404,34.91066801,5.82155404,0.985136132,-3.605292664,4055.879635,1834.948279,0,0,,,
33678,B-20-2-12_masks.tif,78,14635,1031.296465,386.5610812,67.06277986,5.764167278,0.984836407,19.66795508,3081.004715,2013.943218,11232,0.767475231,193.5008087,187.8068848,144.0437164
33679,B-20-2-12_masks.tif,79,8938,880.7523087,317.1487939,41.71138075,7.603411545,0.991313529,48.10736109,2454.206646,1908.313157,4927,0.551241889,191.3596497,188.0446472,164.8463593
33680,B-20-2-12_masks.tif,80,9442,868.4680374,329.3461381,40.93092453,8.046388931,0.992247269,67.72827851,3503.360835,1880.35861,9004,0.953611523,195.6762543,191.1492615,143.8189697
33681,B-20-2-12_masks.tif,81,12961,845.6984848,361.572751,53.45230079,6.764400141,0.989012372,4.303150355,2999.975311,2061.231464,5968,0.460458298,205.9525757,201.3064728,165.0130768
33682,B-20-2-12_masks.tif,82,8561,734.5685425,299.5304809,40.96860749,7.311219476,0.99060199,-65.22258125,3523.261418,2043.274267,7475,0.873145661,204.4829407,196.9511719,142.4840088
33683,B-20-2-12_masks.tif,83,7662,550.9116882,207.0066783,48.10034714,4.303642087,0.972629535,-30.5690327,3751.976377,2112.068389,6183,0.80696946,209.9239807,203.8510437,147.6008453
33684,B-20-2-12_masks.tif,84,6639,508.3259018,183.2730734,46.78080834,3.917697875,0.966874576,-48.03110443,3332.452628,2107.44329,5661,0.852688658,209.0213776,204.1566925,152.6062469
33685,B-20-2-12_masks.tif,85,2244,297.6984848,105.6116812,28.66726143,3.684051981,0.962455292,-44.94666659,4614.099376,2143.48574,2154,0.959893048,201.7335205,196.4011078,139.1146698
33686,B-20-2-12_masks.tif,86,9760,696.4680374,247.0000447,53.10661343,4.651022325,0.976612619,-42.17665675,4643.07623,2227.539549,6992,0.716393443,208.769455,199.8438263,142.5971069
33687,B-20-2-12_masks.tif,87,6534,549.1543289,204.0594709,41.79293605,4.882630659,0.978802246,-53.81952169,3867.763851,2181.096878,6122,0.93694521,211.6613922,204.9815369,163.0940857
33688,B-20-2-12_masks.tif,88,4755,412.9705627,165.1712642,39.91406677,4.138171768,0.970362828,82.49002714,5365.086225,2146.89653,3792,0.797476341,187.0941467,186.2347107,133.8942566
33689,B-20-2-12_masks.tif,89,4314,361.3553391,119.3202431,47.69523453,2.501722536,0.916635291,-54.48541267,3371.866249,2179.47682,4314,1,208.5329132,201.6182251,161.8523407
33690,B-20-2-12_masks.tif,90,6112,512.6690476,193.6877751,41.31809647,4.687722612,0.976981684,-58.82545297,3885.554974,2214.337042,5427,0.887925393,209.7293091,198.6517487,151.4317322
33691,B-20-2-12_masks.tif,91,8939,578.1837662,218.5004105,54.27285035,4.025961583,0.968660657,71.64134909,5349.267032,2209.343774,6705,0.750083902,196.8471222,194.4377289,144.6756134
33692,B-20-2-12_masks.tif,92,4167,351.9411255,114.5369097,48.72884839,2.350494902,0.904985543,-49.7104988,3405.730502,2207.649148,3553,0.852651788,210.9121857,204.1303101,161.4390717
33693,B-20-2-12_masks.tif,93,14758,1035.580736,365.784908,53.26245827,6.867593422,0.98934186,28.83230543,1969.746985,2346.290758,7757,0.525613227,208.2369537,200.9479218,160.5998383
33694,B-20-2-12_masks.tif,94,4284,394.7695526,140.6558523,39.70650478,3.542388158,0.959327519,-49.31172333,4529.40056,2223.441176,4133,0.964752568,210.612381,202.9828186,159.3467255
33695,B-20-2-12_masks.tif,95,4033,423.0121933,144.3136068,38.50802183,3.747624519,0.963742035,-52.32165793,4569.764443,2241.865361,3431,0.850731465,210.66716,202.2296753,159.9793091
33696,B-20-2-12_masks.tif,96,5543,425.5979797,141.1189015,53.67092926,2.629335908,0.924853245,34.68247237,1986.832762,2279.044561,4737,0.854591377,195.4460602,187.7133179,138.8904419
33697,B-20-2-12_masks.tif,97,4232,341.9411255,110.662141,49.98683262,2.213825826,0.892166487,-51.72661419,3333.380198,2269.447779,3547,0.838137996,214.3067322,207.4243011,156.9213409
33698,B-20-2-12_masks.tif,98,11845,790.6101731,288.0263839,54.79411109,5.256520786,0.981737633,36.08543683,4366.66813,2350.890502,3305,0.279020684,208.4877472,205.7966766,164.8638458
33699,B-20-2-12_masks.tif,99,7520,559.9827561,201.3232376,48.43260509,4.156770778,0.970631455,42.22261548,1889.52141,2331.21383,6045,0.803856383,192.7335052,187.2696381,152.6302795
33700,B-20-2-12_masks.tif,100,4609,360.7695526,117.3335069,51.16526364,2.293225883,0.89991423,-34.46897416,3956.405728,2304.046214,3845,0.834237362,203.1191101,196.3230133,132.0130005
33701,B-20-2-12_masks.tif,101,7793,719.2964646,281.8139262,37.58892101,7.497260326,0.991064694,34.37260145,4336.355062,2374.411523,0,0,,,
33702,B-20-2-12_masks.tif,102,6966,611.6396103,228.6182491,40.45443861,5.651252544,0.984219496,36.23648668,1859.96325,2358.420471,151,0.021676715,216.4635773,210.7086029,174.8675537
33703,B-20-2-12_masks.tif,103,7151,530.6690476,187.7307036,52.07647262,3.604904369,0.960754554,26.16433651,2051.167669,2393.39491,6386,0.893021955,199.2875061,191.7884369,154.4536438
33704,B-20-2-12_masks.tif,104,4517,351.9411255,115.4266018,51.74354266,2.230744086,0.893892735,-47.50391475,3887.644676,2375.433695,4200,0.929820677,211.6519012,206.7861938,144.6130981
33705,B-20-2-12_masks.tif,105,6639,516.2842712,201.5445328,43.57861648,4.624849273,0.976343946,-11.53249578,4752.897424,2577.308631,5151,0.77586986,201.4960175,194.400116,151.766449
33706,B-20-2-12_masks.tif,106,5616,494.8700577,199.8688241,37.16680853,5.377615997,0.982558071,-11.09356418,4714.821937,2581.413996,3759,0.669337607,203.7012482,200.2149506,153.2122955
33707,B-20-2-12_masks.tif,107,10510,537.4558441,216.9072648,62.44701432,3.473460936,0.957661291,-80.83232537,1855.015033,2543.395528,7766,0.738915319,200.5883331,192.2146606,132.6524658
33708,B-20-2-12_masks.tif,108,11009,616.2842712,251.7600093,57.5743959,4.372777262,0.973499859,-85.57333612,1866.096467,2601.01526,8810,0.800254337,205.8872833,199.0724182,151.013855
33709,B-20-2-12_masks.tif,109,7115,487.7989899,207.9209413,44.55761585,4.666339017,0.976767723,-81.09869857,4342.841321,2600.028953,6733,0.946310611,202.6445923,197.3522949,151.1198578
33710,B-20-2-12_masks.tif,110,7087,560.9116882,208.1089027,44.15963338,4.712650147,0.977227381,-60.3586365,5155.887964,2656.057711,6336,0.894031325,203.7542572,199.2203217,156.4341888
33711,B-20-2-12_masks.tif,111,7632,523.1126984,214.6521612,49.29621002,4.354333956,0.973271806,-84.96408849,4340.702568,2641.804114,6994,0.916404612,204.9064941,197.2166138,152.3830414
33712,B-20-2-12_masks.tif,112,8961,561.1543289,182.8745288,67.51729058,2.708558463,0.929349935,-40.77021087,5280.489901,2687.313135,8479,0.94621136,203.9972839,198.0741882,161.4763489
33713,B-20-2-12_masks.tif,113,7070,490.4264069,177.5251717,51.5869701,3.441279288,0.956847783,-62.12868665,3117.618812,2690.522348,6396,0.90466761,206.2295227,200.131958,144.7460938
33714,B-20-2-12_masks.tif,114,7041,488.0416306,199.9286063,46.3067635,4.317481749,0.972807174,-79.64592685,4243.360744,2700.406476,6120,0.869194717,203.2184601,196.2130737,151.1656799
33715,B-20-2-12_masks.tif,115,17369,1193.279221,427.7067525,56.19801226,7.610709619,0.991330253,54.88771429,3804.788416,2796.412286,7131,0.410559042,194.3151093,188.52742,133.2681274
33716,B-20-2-12_masks.tif,116,6659,503.3553391,199.1085744,44.05323223,4.519726802,0.975216599,-67.27735036,5139.732242,2719.400511,5783,0.868448716,202.6278687,196.0603485,149.349472
33717,B-20-2-12_masks.tif,117,8526,595.1543289,217.8151283,50.73882533,4.292868959,0.972490043,-58.29519393,1491.413207,2742.145672,7470,0.876143561,210.7892914,207.0267792,150.4406891
33718,B-20-2-12_masks.tif,118,7514,562.9116882,211.0936334,47.15606177,4.476489883,0.974729303,-60.2563323,3123.902582,2744.849082,6137,0.816742081,204.3179016,198.3263855,148.8526917
33719,B-20-2-12_masks.tif,119,6962,498.0416306,200.6573317,44.74130047,4.484834584,0.974824469,81.05685756,4461.900316,2732.955185,6423,0.922579718,201.8693695,197.3868866,163.5787048
33720,B-20-2-12_masks.tif,120,6205,436.3847763,181.18688,45.55172417,3.977607507,0.967881353,81.32325152,4480.078646,2779.418695,5495,0.885576148,199.6196594,193.8058167,151.6369476
33721,B-20-2-12_masks.tif,121,5652,508.9116882,187.6432107,40.28172898,4.658271019,0.976686216,-50.73901406,1461.039986,2827.907113,5380,0.951875442,210.7496338,205.6191406,162.8197021
33722,B-20-2-12_masks.tif,122,11362,764.5269119,315.8126562,47.49227434,6.649769053,0.988628093,80.25099754,4332.376342,2840.016722,9409,0.828111248,207.6734009,200.7446136,161.7619324
33723,B-20-2-12_masks.tif,123,7242,557.9827561,204.6012964,46.44189012,4.405533365,0.973897725,49.77064522,5138.715962,2870.584507,6589,0.909831538,194.7536774,191.387619,155.100174
33724,B-20-2-12_masks.tif,124,6737,568.2253967,208.3371492,42.51410726,4.900423944,0.978957554,-41.25617404,1451.637524,2888.800505,6174,0.916431646,213.8334961,205.4893036,165.5254364
33725,B-20-2-12_masks.tif,125,13792,930.2670273,325.1062867,58.61712657,5.546267888,0.983611405,59.87640195,4133.060397,2890.975203,7237,0.524724478,193.4154968,186.5181732,133.4985504
33726,B-20-2-12_masks.tif,126,8554,728.9533188,276.3409035,42.87701704,6.444965685,0.987889375,49.65992923,5133.312485,2916.580781,6021,0.703881225,198.6635132,194.6444092,166.6156769
33727,B-20-2-12_masks.tif,127,8067,597.8406204,234.2040297,45.27120328,5.173355526,0.981140066,23.41188936,5066.697161,2939.240734,6925,0.858435602,202.5503235,197.5958099,162.4423065
33728,B-20-2-12_masks.tif,128,6185,507.1543289,186.450429,43.78105714,4.258700935,0.972040468,-44.41333284,1482.059499,2911.729507,242,0.03912692,210.9710693,200.6818237,195.9586792
33729,B-20-2-12_masks.tif,129,6448,462.8700577,187.1630856,45.24443774,4.136709282,0.970341548,74.02499605,4280.954404,2883.053505,5415,0.839795285,193.146637,186.7218781,146.0105286
33730,B-20-2-12_masks.tif,130,4985,435.254834,156.580387,41.70711599,3.754284688,0.963872975,-44.30342622,1529.198997,2915.448746,4410,0.884653962,212.3444519,201.24263,148.1421814
33731,B-20-2-12_masks.tif,131,7755,624.2253967,227.6588208,47.02728649,4.840994194,0.978432006,-44.98870207,1559.018053,2957.281238,7217,0.930625403,212.8812561,206.4001617,162.6705017
33732,B-20-2-12_masks.tif,132,9588,715.5391052,263.2435489,48.63884757,5.412207773,0.982782264,-43.20163027,1598.395703,2979.13423,9169,0.956299541,209.3664551,203.3848877,159.8959503
33733,B-20-2-12_masks.tif,133,3578,343.4558441,130.967193,36.05903901,3.632021169,0.961350122,29.53527161,5034.458916,2953.261878,3193,0.892397988,194.9915466,192.1916656,153.0782928
33734,B-20-2-12_masks.tif,134,4823,347.4558441,116.5663327,55.13334986,2.114261749,0.881074058,-60.34268709,4470.47543,2945.933859,4254,0.882023637,202.2743225,195.607666,142.341568
33735,B-20-2-12_masks.tif,135,3513,322.8700577,110.9916746,41.85654009,2.651716419,0.926166754,-47.4133758,4388.910618,2984.317108,3191,0.90834045,204.3992462,195.4026947,131.7189026
33736,B-20-2-12_masks.tif,136,8283,501.254834,172.3153113,61.94148508,2.781904746,0.933158207,-55.82683752,4490.283472,2996.046119,7366,0.88929132,200.7655487,192.4443359,128.6281586
33737,B-20-2-12_masks.tif,137,6398,555.8406204,224.6177832,39.15532255,5.736583651,0.984689095,-27.06134055,2002.248828,3045.57346,0,0,,,
33738,B-20-2-12_masks.tif,138,6877,584.3259018,225.2845683,40.44418334,5.570258803,0.983753435,-29.99595285,2036.955358,3051.862149,176,0.025592555,209.8068237,196.4261322,207.9375
33739,B-20-2-12_masks.tif,139,7394,514.7695526,198.330734,48.65473395,4.076288532,0.969441854,-21.71874035,2078.832026,3065.332567,6703,0.906545848,207.5123138,199.6980438,151.9917908
33740,B-20-2-12_masks.tif,140,5483,388.8700577,135.8393535,53.48196118,2.539909728,0.919232654,76.54682961,4136.586175,3018.480941,4808,0.876892212,189.9985504,183.466095,135.434906
33741,B-20-2-12_masks.tif,141,6197,502.1837662,189.7865042,45.52134538,4.169176079,0.97080859,-24.51519722,2115.495401,3079.807326,252,0.040664838,220.3611145,207.9603119,203.7936554
33742,B-20-2-12_masks.tif,142,4026,355.7989899,137.9405794,39.63284082,3.480461571,0.957835186,73.12351472,4166.237953,3078.595628,3419,0.849230005,202.1933289,199.4978027,165.3176422
33743,B-20-2-12_masks.tif,143,9976,654.1837662,263.0180239,49.71724787,5.290277221,0.981972081,75.23788357,1695.606756,3102.872093,8697,0.871792302,200.7151947,196.5420227,155.7963715
33744,B-20-2-12_masks.tif,144,8559,644.4264069,228.6202227,51.38014707,4.449582879,0.974418728,19.38924635,2261.510106,3175.357402,6406,0.748451922,201.7966003,197.6763916,152.9157104
33745,B-20-2-12_masks.tif,145,9597,623.3553391,250.6837335,51.01089309,4.914317674,0.979077638,15.54988934,2314.743566,3174.400646,4045,0.421485881,189.6875153,182.5483246,141.506546
33746,B-20-2-12_masks.tif,146,7938,571.1126984,227.7326817,48.27308252,4.717591458,0.977275615,11.41689673,2161.845427,3185.418115,6544,0.824389015,203.1172028,196.4032745,155.4124451
33747,B-20-2-12_masks.tif,147,7058,492.5269119,185.5658948,50.7063735,3.659616769,0.961942299,71.11103101,1638.034429,3137.578067,6500,0.920940776,203.9476929,198.5201569,160.1399994
33748,B-20-2-12_masks.tif,148,6813,525.1126984,212.5245575,41.80057202,5.084249981,0.980466562,72.15232039,1412.478203,3180.451343,5138,0.754146485,193.0587769,190.1296234,152.4240875
33749,B-20-2-12_masks.tif,149,9346,536.5269119,196.0760125,62.17502886,3.153613534,0.948393258,19.43278692,2222.459555,3231.956452,3635,0.388936443,205.5226898,198.6178741,164.8231049
33750,B-20-2-12_masks.tif,150,5915,456.0416306,188.5354029,40.92854628,4.606452465,0.976152306,79.02759697,1572.61623,3184.397802,5170,0.874049028,195.5713806,189.9707947,148.682785
33751,B-20-2-12_masks.tif,151,6583,527.9827561,192.5184854,45.81483492,4.202099292,0.971270964,-48.72941411,2707.684946,3286.481543,5498,0.835181528,208.2771912,204.2138977,157.7560883
33752,B-20-2-12_masks.tif,152,3441,317.3137085,131.8669014,34.23080352,3.852287642,0.965719991,-7.372172003,1882.074106,3283.646033,1969,0.572217379,204.3103027,198.8445892,161.0172729
33753,B-20-2-12_masks.tif,153,6075,469.2132034,189.9224934,42.03390063,4.518317134,0.975200936,-8.855996671,1930.84642,3354.769053,3017,0.496625514,204.7649994,198.210144,166.6880951
33754,B-20-2-12_masks.tif,154,9502,596.2842712,238.4925815,54.56147058,4.371080527,0.973479001,-4.129509214,2005.710482,3400.868554,8666,0.912018522,208.3674164,200.4530334,150.2944794
33755,B-20-2-12_masks.tif,155,6969,562.9116882,220.4407504,42.11283379,5.234526642,0.9815824,-30.31835649,2716.181805,3380.709714,5988,0.859233749,208.3862762,201.7316284,136.7805634
33756,B-20-2-12_masks.tif,156,7528,528.8700577,216.7931272,45.89352956,4.723827722,0.977336271,-12.25019102,2065.553002,3410.0267,5943,0.78945271,207.3806152,201.075882,148.8428345
33757,B-20-2-12_masks.tif,157,4998,368.0416306,135.528007,47.77013404,2.837086596,0.935821508,18.44988764,3062.415166,3364.533213,4700,0.94037615,199.2138367,194.2753143,151.1225586
33758,B-20-2-12_masks.tif,158,5748,466.9705627,211.5819337,36.31088031,5.826956877,0.985163891,7.828095536,2394.532707,3406.438413,5415,0.942066806,199.9381409,195.7857819,140.3381348
33759,B-20-2-12_masks.tif,159,5658,487.4974747,185.3291853,40.49596449,4.576485276,0.975835091,-39.89155431,1480.717922,3389.561683,5022,0.887592789,206.0187225,200.6371918,144.6443634
33760,B-20-2-12_masks.tif,160,4544,414.4264069,150.4396608,40.14684449,3.747234999,0.963734355,-45.7060431,2597.302597,3378.59441,4105,0.903389085,210.2472534,203.7598114,142.057251
33761,B-20-2-12_masks.tif,161,4324,366.0416306,138.1814046,40.9219614,3.376705315,0.955142479,19.34682467,3032.124191,3399.062905,3936,0.91026827,202.2149353,199.2398376,155.5414124
33762,B-20-2-12_masks.tif,162,6060,468.9705627,201.3514958,39.01296067,5.161143689,0.981049848,-8.265436775,1955.216172,3434.164356,5581,0.920957096,205.9299469,199.4303894,155.8683014
33763,B-20-2-12_masks.tif,163,5619,448.1837662,163.0440165,44.61866485,3.65416619,0.961826425,60.60907454,2261.37124,3396.874177,4747,0.844812244,190.5493927,186.1400909,146.0276031
33764,B-20-2-12_masks.tif,164,5369,478.0832611,179.940604,39.11290933,4.600542559,0.976090245,-37.19259781,2505.580183,3417.842243,4656,0.867200596,205.9293365,200.2136993,144.9476013
33765,B-20-2-12_masks.tif,165,2890,263.5563492,95.90335301,39.57948796,2.423056941,0.910866187,-12.68334909,1847.602768,3397.692388,2552,0.883044983,210.6148071,204.9423981,169.7993774
33766,B-20-2-12_masks.tif,166,6306,498.0416306,212.8590171,39.30378331,5.415738617,0.982804903,-10.97355677,1878.679512,3449.793213,5657,0.897082144,204.4426422,197.0973969,139.7350159
33767,B-20-2-12_masks.tif,167,5446,449.0121933,158.3873068,45.47629141,3.482854513,0.957894379,-42.85121136,2837.227323,3412.418472,3960,0.727139185,205.5399017,200.5878754,152.6532898
33768,B-20-2-12_masks.tif,168,6379,553.7401154,204.0961517,41.0464017,4.972327493,0.979568036,55.73266825,2216.96849,3421.912369,5227,0.819407431,199.3495331,193.9898529,163.8697205
33769,B-20-2-12_masks.tif,169,5558,469.5979797,165.4374779,47.76028141,3.463913381,0.957422378,-52.32968215,2748.021591,3456.973192,3988,0.717524289,211.4042053,207.8879089,159.6424255
33770,B-20-2-12_masks.tif,170,3042,315.8994949,143.8238308,28.36942714,5.069676949,0.980352974,-84.50747941,2836.807364,3495.656805,2621,0.861604208,192.1747437,186.1064453,156.3624573
33771,B-20-2-12_masks.tif,171,11221,655.9411255,260.139719,60.6945094,4.28605028,0.972401199,-81.55165798,2201.599323,3532.643347,7858,0.700294091,202.1156769,196.1000214,144.7811127
33772,B-20-2-12_masks.tif,172,4486,385.2132034,158.4291474,38.53363464,4.111450915,0.969970363,88.41127375,2884.457869,3536.008025,591,0.131743201,212.5837555,211.4450073,165.0253754
33773,B-20-2-12_masks.tif,173,7194,618.0832611,238.940973,42.07019084,5.679579013,0.984377758,-66.64680979,2428.696414,3577.831526,6366,0.884904087,202.1756134,196.770813,149.5274963
33774,B-20-2-12_masks.tif,174,2027,233.0710678,93.44640961,30.36768183,3.077166382,0.945722847,84.24488321,2780.057227,3557.213123,1911,0.94277257,192.7367859,185.4903259,146.8199921
33775,B-20-2-12_masks.tif,175,4871,468.7695526,183.1355195,35.07832317,5.220760371,0.981484226,-66.53831627,2212.541162,3606.154588,4332,0.889345104,202.1763611,197.2169952,149.2783966
33776,B-20-2-12_masks.tif,176,4651,418.8700577,155.700788,40.53576975,3.841071451,0.965515919,-71.0924619,2486.817244,3616.628252,3897,0.837884326,201.1031494,192.2779083,140.131134
33777,B-20-2-12_masks.tif,177,2379,268.627417,93.20740408,34.77752498,2.680104583,0.927783185,44.39187348,2741.271543,3612.970576,2033,0.85456074,176.5066376,174.0555878,129.6620789
33778,B-20-2-12_masks.tif,178,6543,464.627417,174.4986928,50.5421079,3.452540862,0.957135128,81.1994806,4526.278313,3622.8895,5065,0.774109736,186.6627808,175.2155914,120.6746292
33779,B-20-2-12_masks.tif,179,992,176.7279221,60.64058118,24.05606488,2.520802196,0.917948698,-62.81412647,2561.732863,3630.382056,720,0.725806452,196.5763855,189.1625061,140.1791687
33780,B-20-2-13_masks.tif,1,1568,220.1421356,62.22127676,37.60951317,1.65440261,0.796644758,-74.12206987,24.38329082,17.02869898,0,0,,,
33781,B-20-2-13_masks.tif,2,3892,291.7989899,94.14674176,55.43937899,1.698192575,0.808234057,-30.79479808,167.6053443,35.11562179,3003,0.771582734,198.5814209,189.0273132,108.3383255
33782,B-20-2-13_masks.tif,3,4940,385.6984848,130.4688816,50.32769621,2.592387322,0.922605511,-43.89162119,42.90384615,52.66234818,4276,0.865587045,194.9181519,185.4064484,122.069458
33783,B-20-2-13_masks.tif,4,6358,459.3553391,168.9807439,50.82332548,3.32486594,0.953698596,-64.53041002,66.88109468,165.3916326,5563,0.874960679,196.4668274,191.7039337,132.7724304
33784,B-20-2-13_masks.tif,5,4832,390.9705627,165.0310344,38.39411678,4.298341731,0.972561039,-2.976392586,367.9886175,206.8646523,4274,0.884519868,191.4803467,183.7218018,135.7924652
33785,B-20-2-13_masks.tif,6,6488,413.2132034,159.0476018,52.79018059,3.012825491,0.943309529,-3.099867864,308.5246609,212.4098335,5149,0.793618989,195.8982391,187.475235,137.5402985
33786,B-20-2-13_masks.tif,7,8319,551.4558441,216.0115217,52.34994962,4.126298559,0.970189399,-77.55968496,108.4696478,221.1379974,6508,0.782305566,194.2267914,191.2707367,131.8558655
33787,B-20-2-13_masks.tif,8,10268,672.9116882,244.3174788,54.69836058,4.466632568,0.974616188,69.01417598,5127.133814,260.4634788,9252,0.901051811,195.7541046,195.1666718,139.2917175
33788,B-20-2-13_masks.tif,9,4842,334.627417,118.8172819,52.54505804,2.261245612,0.896899642,-16.26948073,1078.20157,307.2331681,2585,0.533870302,199.0452576,193.1895599,142.9794922
33789,B-20-2-13_masks.tif,10,10900,679.6984848,282.1954571,51.33058376,5.497608569,0.983317539,-85.3478056,675.1115596,315.9921101,5825,0.53440367,194.2394867,192.4530487,135.4125366
33790,B-20-2-13_masks.tif,11,9709,589.9411255,234.5282122,54.61637257,4.294100855,0.972506048,-13.4882084,57.75033474,410.3175404,8157,0.840148316,198.718399,189.5585327,139.6686249
33791,B-20-2-13_masks.tif,12,3776,354.1421356,146.2196149,35.55367769,4.112643879,0.969988051,-5.021684219,16.21795551,366.4716631,2818,0.746292373,190.750885,178.6628876,134.6756592
33792,B-20-2-13_masks.tif,13,8526,561.6984848,233.0942496,49.30758793,4.727350484,0.977370427,-12.71374341,102.7784424,413.6760497,7811,0.916138869,201.4116058,193.9747772,143.3847198
33793,B-20-2-13_masks.tif,14,3642,316.1421356,132.6535711,36.83284801,3.601501874,0.960678847,-81.91598745,391.0628775,353.601318,3345,0.9184514,189.0009003,190.6690521,141.8639832
33794,B-20-2-13_masks.tif,15,7578,532.0416306,228.6063752,45.71577046,5.000602045,0.979800812,-79.01883686,755.7092901,384.6239113,6726,0.887569279,196.164444,194.7781677,133.3477478
33795,B-20-2-13_masks.tif,16,3553,334.2842712,110.2586603,43.85807011,2.513987963,0.917483266,-44.52080048,5177.926259,393.0920349,3347,0.942020827,202.9608612,194.2097473,126.5616989
33796,B-20-2-13_masks.tif,17,3466,335.7989899,133.0437893,37.56901578,3.541316867,0.959302385,-83.61050661,367.7042701,401.8626659,0,0,,,
33797,B-20-2-13_masks.tif,18,8617,569.3553391,220.5168142,51.57368834,4.27576195,0.972266326,-77.53828728,317.4478357,459.8535453,6744,0.782638969,197.1377563,193.8680267,141.8272552
33798,B-20-2-13_masks.tif,19,15759,1017.154329,415.168169,57.15505396,7.263892522,0.990478537,11.40041785,1315.576179,643.9700489,6689,0.424455866,182.9717407,180.4634399,131.6569061
33799,B-20-2-13_masks.tif,20,3182,270.627417,90.31106758,45.56363488,1.982086544,0.863400685,-34.80770762,496.9387178,490.3346952,2184,0.686360779,203.0018311,199.6602631,148.9720764
33800,B-20-2-13_masks.tif,21,8763,661.4974747,250.8193116,50.19850896,4.996549036,0.979767691,-25.04100175,5091.285176,558.0814789,7958,0.908136483,205.033432,198.777832,137.4667053
33801,B-20-2-13_masks.tif,22,4966,491.0121933,182.8648425,38.12723,4.796174349,0.978022471,-25.61148619,5203.229964,551.4768425,4065,0.818566251,202.8536224,197.9690094,141.9077454
33802,B-20-2-13_masks.tif,23,5309,353.6984848,117.5438255,58.46516181,2.010493461,0.867526866,-42.09025804,552.7485402,517.0227915,3790,0.713882087,197.6005249,191.5034332,131.2028961
33803,B-20-2-13_masks.tif,24,21641,1229.279221,440.8483216,65.025746,6.779596524,0.989061846,54.43759491,2415.106002,595.108544,12065,0.557506585,201.4286804,196.2612457,151.4494781
33804,B-20-2-13_masks.tif,25,15407,879.0121933,351.5527756,59.97201587,5.861946951,0.98534179,-0.598259127,2208.38145,681.4015707,8204,0.532485234,201.0561981,193.179306,148.1844177
33805,B-20-2-13_masks.tif,26,6192,461.9411255,177.2827154,45.32792656,3.9111146,0.966761048,-68.32402732,179.9084302,546.9045543,5349,0.863856589,200.675827,199.6408691,142.4329834
33806,B-20-2-13_masks.tif,27,15809,1031.823376,351.6518847,65.45686343,5.372269098,0.982523026,56.11145523,2394.393384,644.9864634,6397,0.404642925,201.3207703,195.0367432,163.2785645
33807,B-20-2-13_masks.tif,28,17148,964.9533188,366.5465191,60.9479205,6.014093937,0.986079238,-23.81019015,999.9472825,695.41655,7006,0.408560765,205.2940369,196.7754822,131.1671448
33808,B-20-2-13_masks.tif,29,11127,727.2132034,317.7441993,47.13928561,6.740539132,0.988934008,-2.170477859,2255.368473,702.7933855,7128,0.640603936,202.8035889,198.5784302,153.4761505
33809,B-20-2-13_masks.tif,30,7198,549.1126984,226.1669545,42.1612606,5.364330934,0.982470801,-74.14260345,2675.128369,571.6718533,5477,0.760905807,200.703125,198.3602295,146.6547394
33810,B-20-2-13_masks.tif,31,7090,547.1543289,206.4430405,45.20567599,4.566750435,0.975730675,52.28544029,514.0490832,602.2889986,6507,0.917771509,196.6121063,196.0922089,156.6534576
33811,B-20-2-13_masks.tif,32,18689,1174.752309,425.6498723,58.57986354,7.266146531,0.990484472,-24.59806104,3207.218631,777.8706191,7009,0.375033442,208.7068024,200.5277557,152.8130951
33812,B-20-2-13_masks.tif,33,6659,562.3259018,211.1289999,41.71610604,5.061090785,0.980285584,56.12840689,496.6835861,636.8968314,5427,0.814987235,195.7029724,193.0971069,153.966095
33813,B-20-2-13_masks.tif,34,5690,526.5685425,207.8282131,37.38293021,5.559441486,0.983689625,-42.92406717,245.0467487,654.9804921,5143,0.903866432,202.8360901,198.8218994,153.0338287
33814,B-20-2-13_masks.tif,35,15174,1028.610173,409.0167633,48.20880476,8.484275129,0.993029615,66.92757703,1782.410637,669.9294846,5454,0.359430605,193.1358643,189.8951263,142.9957886
33815,B-20-2-13_masks.tif,36,3886,383.3553391,135.7071182,40.49856726,3.350911584,0.954432695,-33.49396585,5134.577715,645.0849202,3297,0.848430262,214.7810059,208.7130737,142.8807983
33816,B-20-2-13_masks.tif,37,17374,1020.426407,452.0192245,52.76039566,8.567396412,0.993164676,5.853063433,3016.933061,804.0287211,6196,0.356624842,197.9202728,192.1588135,133.8018036
33817,B-20-2-13_masks.tif,38,11934,791.7817459,277.8054453,56.85179087,4.886485388,0.978836038,-33.66274073,897.5515334,727.5268141,8479,0.710491034,205.3429718,198.7927856,140.3210297
33818,B-20-2-13_masks.tif,39,10479,645.9827561,238.1746729,58.10072836,4.09934057,0.969789905,-31.60169515,4856.805039,714.470083,9151,0.87327035,207.9804382,200.1657715,134.435257
33819,B-20-2-13_masks.tif,40,17079,1101.338095,422.6353838,55.00468765,7.68362483,0.991494722,-25.65758755,3139.567188,808.1579132,9781,0.57269161,213.2157288,206.5251007,159.5221405
33820,B-20-2-13_masks.tif,41,8650,663.882251,247.5377323,46.32548768,5.343445795,0.982332271,-47.86208294,268.1515607,713.2164162,3537,0.408901734,200.9052887,195.0938721,147.4011841
33821,B-20-2-13_masks.tif,42,6207,541.7401154,207.7117944,41.26216783,5.033952536,0.980070282,-38.42159864,4913.043983,753.3834381,5275,0.849846947,208.8428497,200.6750641,147.9165802
33822,B-20-2-13_masks.tif,43,6724,643.6396103,248.7829654,35.53762348,7.000551556,0.989744943,-34.0103791,4937.573468,777.7321535,382,0.056811422,221.5628204,192.9240875,190.8560181
33823,B-20-2-13_masks.tif,44,9656,773.5391052,299.1304822,45.02972548,6.642955938,0.98860462,-56.56668148,220.327879,798.2689519,6970,0.721830986,203.1888123,199.1288452,152.3859406
33824,B-20-2-13_masks.tif,45,11712,755.7401154,282.9953345,54.81175258,5.163041159,0.981063909,-70.32449855,1613.540557,757.8162568,7751,0.661799863,206.7322998,202.8089294,142.6181183
33825,B-20-2-13_masks.tif,46,13749,974.0832611,401.0409915,50.21315,7.98677222,0.992130637,-6.650771095,2077.174194,956.7453633,9459,0.687977307,208.401001,201.0058136,164.318634
33826,B-20-2-13_masks.tif,47,15175,875.3969696,334.5450707,60.03843027,5.57218217,0.983764741,-17.44946573,2633.305766,930.5043163,8317,0.548072488,210.8173676,205.2623596,147.6705475
33827,B-20-2-13_masks.tif,48,10268,620.0832611,213.4336586,64.47748977,3.310204218,0.953277455,-63.44686068,1597.008765,833.2028633,8819,0.858881963,204.5129852,197.0792542,137.7701569
33828,B-20-2-13_masks.tif,49,6146,432.0416306,162.3985414,50.45366191,3.218766194,0.950515202,-14.88488086,2033.732021,869.0894891,3927,0.638952164,208.9383698,202.185379,150.3078613
33829,B-20-2-13_masks.tif,50,9444,626.8700577,255.9455344,48.71446161,5.253994931,0.981719906,-1.447336523,2158.004024,923.528166,7889,0.835345193,205.2338715,198.8110046,156.2475586
33830,B-20-2-13_masks.tif,51,8955,690.8700577,291.9182334,41.43844852,7.044622659,0.989873507,-7.73818933,2115.495142,960.3566723,1675,0.187046343,209.1970215,203.0925446,174.8101501
33831,B-20-2-13_masks.tif,52,5611,458.4264069,159.9173524,46.33331574,3.451454958,0.957107547,-53.66269526,3277.578507,862.4040278,5138,0.915701301,210.6813965,203.8908081,154.1084137
33832,B-20-2-13_masks.tif,53,16461,882.4264069,362.5113521,59.42404047,6.100415744,0.986473095,-13.28498926,3385.861977,987.9833546,7601,0.461758095,204.5183563,195.2148438,121.8877792
33833,B-20-2-13_masks.tif,54,9628,564.627417,233.3923556,54.07061779,4.316435898,0.972793811,-86.34440109,1098.741068,858.0034275,5314,0.551931865,197.5764008,186.9330139,149.5731964
33834,B-20-2-13_masks.tif,55,5864,499.254834,190.8795801,40.20426393,4.747744678,0.977566649,-56.84653824,3287.53206,903.327251,5341,0.910811733,211.9208069,205.4896088,151.1009216
33835,B-20-2-13_masks.tif,56,5485,457.1126984,166.282621,43.42484712,3.829204524,0.965298004,-66.38173663,1621.620784,891.0674567,5116,0.932725615,206.9798737,201.6256866,161.0869751
33836,B-20-2-13_masks.tif,57,7910,542.0416306,223.7637042,47.2891847,4.731815649,0.977413609,-83.40474429,1110.065487,899.8661188,6628,0.837926675,208.7765503,205.7635803,157.097168
33837,B-20-2-13_masks.tif,58,4368,390.627417,155.9627694,38.01947261,4.102181295,0.969832381,-72.85340374,1618.818681,930.9965659,3490,0.798992674,204.2679138,199.0512848,146.4618835
33838,B-20-2-13_masks.tif,59,10570,596.6690476,210.2976609,65.7003489,3.200860641,0.949945397,-66.1776621,1102.086377,967.2492904,6487,0.61371807,200.9346313,189.8403015,125.1894531
33839,B-20-2-13_masks.tif,60,10054,612.8700577,255.8515496,54.32985987,4.70922528,0.977193859,8.337503415,2025.01671,1038.480406,4808,0.478217625,208.1476746,201.3512878,162.8240356
33840,B-20-2-13_masks.tif,61,11078,757.7401154,293.0366241,49.70603968,5.895392714,0.985508855,-67.03623134,1130.929139,1009.627731,0,0,,,
33841,B-20-2-13_masks.tif,62,9226,614.5269119,244.8505688,49.11006379,4.98575139,0.979679052,-13.72840186,2486.086928,1094.183828,5764,0.624756124,207.7258911,201.4925385,151.6368866
33842,B-20-2-13_masks.tif,63,7200,555.0121933,215.9681004,44.67625287,4.834069255,0.978369485,-19.47480818,2535.039444,1083.919028,5936,0.824444444,207.1020966,200.6691437,156.6253357
33843,B-20-2-13_masks.tif,64,11553,762.1837662,301.9622661,52.53198402,5.74816032,0.984751182,-88.64859497,3167.884272,1058.525578,6512,0.563663118,201.0767822,197.0350189,147.4728241
33844,B-20-2-13_masks.tif,65,8251,558.7695526,214.9157241,49.77599099,4.31765837,0.97280943,71.49775608,1658.274391,1092.516422,6827,0.827414859,204.4397278,201.5954285,165.1598053
33845,B-20-2-13_masks.tif,66,13854,847.4974747,340.7818004,55.0938815,6.185474523,0.986845027,72.61862227,1859.151364,1111.679082,8485,0.612458496,194.2704773,190.4593964,136.3860931
33846,B-20-2-13_masks.tif,67,13650,862.2670273,320.1836599,55.77830259,5.740290491,0.984709017,33.51988745,5182.322344,1189.347766,7610,0.557509158,197.3696442,192.6139221,149.5917206
33847,B-20-2-13_masks.tif,68,10423,720.2253967,253.473843,53.71722424,4.718669785,0.977286121,62.70513038,1624.076466,1131.970354,6395,0.613546963,200.1662292,194.1996918,159.4389343
33848,B-20-2-13_masks.tif,69,6913,722.1248917,266.4158664,35.44271863,7.5168011,0.991111298,-34.06337314,2633.446839,1177.970924,5809,0.840300882,205.8924103,199.1204987,148.9616089
33849,B-20-2-13_masks.tif,70,13400,899.0121933,357.9420486,52.50105152,6.817807229,0.989184778,89.52624291,3135.648134,1112.287015,6395,0.477238806,201.5962524,197.3615265,151.2458191
33850,B-20-2-13_masks.tif,71,9192,684.1248917,242.8030674,48.93314704,4.961934438,0.979481457,43.03470371,5119.974652,1191.899369,6367,0.692667537,194.200882,192.546875,144.0124054
33851,B-20-2-13_masks.tif,72,3800,344.8700577,128.1012951,38.66977622,3.312698123,0.953349498,-28.35554085,2592.190263,1186.362105,3504,0.922105263,213.6367035,207.7294464,156.0739136
33852,B-20-2-13_masks.tif,73,15545,1286.350288,451.0341272,54.95780411,8.206916824,0.992548718,38.12237117,2477.933226,1322.410807,7173,0.461434545,201.1597595,198.1102753,145.5140076
33853,B-20-2-13_masks.tif,74,10543,703.4558441,299.4303653,47.01019347,6.369477409,0.987598801,4.412408741,2230.153941,1322.458788,4920,0.466660343,194.3321075,190.3804932,142.9006042
33854,B-20-2-13_masks.tif,75,6684,506.9116882,187.7014005,47.07405599,3.987364091,0.968040933,-45.59088976,1311.241921,1236.07705,6381,0.954667864,209.3822327,202.3673401,160.7889099
33855,B-20-2-13_masks.tif,76,7016,533.254834,195.4818199,46.72581629,4.183593469,0.971012439,-62.20694151,2092.143101,1240.118016,5209,0.742445838,210.7801819,204.6200867,146.706665
33856,B-20-2-13_masks.tif,77,6622,551.4974747,210.3817216,41.74469162,5.039723936,0.980116365,-31.50495681,3300.095892,1272.569012,5511,0.832225914,211.585556,205.2148438,153.8366852
33857,B-20-2-13_masks.tif,78,10845,648.7695526,249.6602591,57.38739652,4.350437104,0.973223242,-78.2415934,1579.301153,1234.487875,9083,0.837528815,206.3454742,198.4650421,146.0849915
33858,B-20-2-13_masks.tif,79,6985,539.7401154,197.8597817,45.9317447,4.307691401,0.972681691,-46.39405143,1332.855261,1271.159055,6225,0.891195419,212.2539825,207.4644165,161.2923737
33859,B-20-2-13_masks.tif,80,6950,479.5979797,175.7652709,51.91451262,3.38566736,0.955385184,-30.60595936,3344.51036,1276.281727,5963,0.857985612,210.2061005,203.2523956,155.1735687
33860,B-20-2-13_masks.tif,81,8554,540.8700577,215.9916706,51.74267503,4.174342948,0.970881892,-82.92794045,2802.580898,1244.337152,7547,0.882277297,204.2269745,198.9768066,155.6256866
33861,B-20-2-13_masks.tif,82,13260,1055.965512,374.7221265,47.81786589,7.836446054,0.99182457,40.28749665,2467.408673,1370.257541,8248,0.622021116,204.9517517,199.9040985,166.0801392
33862,B-20-2-13_masks.tif,83,13091,890.4264069,336.9776261,53.75589405,6.268663782,0.98719411,89.08315891,1699.601635,1274.238866,8509,0.649988542,203.6810455,198.312027,162.0273895
33863,B-20-2-13_masks.tif,84,17095,1164.793939,424.1603376,55.37792332,7.659376015,0.99144055,34.28788448,2400.877859,1436.025739,12315,0.720386078,208.2091827,202.0869598,169.3153839
33864,B-20-2-13_masks.tif,85,6397,465.7989899,196.5851336,42.94498669,4.577603783,0.975847045,-81.02449836,2824.623261,1283.902923,5713,0.893074879,204.5442047,199.345871,149.6061554
33865,B-20-2-13_masks.tif,86,17971,1161.053824,441.9147594,62.69899493,7.048195268,0.989883823,-78.56937331,447.1904179,1312.99093,9126,0.507818151,196.9973755,193.1073914,141.8296051
33866,B-20-2-13_masks.tif,87,13274,799.1126984,324.9454364,55.48547649,5.856405261,0.985313829,88.73933,1661.957737,1325.215911,10688,0.805183065,208.9599609,201.8009949,167.2400818
33867,B-20-2-13_masks.tif,88,15663,974.0660172,350.2267678,63.43398852,5.521121656,0.983460522,39.716979,2360.070676,1472.683649,8868,0.566175062,196.6913605,192.4206085,151.1984711
33868,B-20-2-13_masks.tif,89,17353,1029.154329,409.4535133,69.05964637,5.928983637,0.985673781,-79.04914083,429.4415951,1398.071976,9425,0.543133752,200.3483276,195.0151672,147.3526764
33869,B-20-2-13_masks.tif,90,16663,1090.225397,443.9847925,61.21059621,7.253397615,0.990450831,80.87155365,1661.793975,1385.490368,8457,0.507531657,203.2087097,197.0310974,163.021286
33870,B-20-2-13_masks.tif,91,12173,768.5269119,314.8694088,56.70149121,5.553106313,0.983652079,4.842649741,3328.382979,1532.00115,6161,0.506120102,203.0082703,196.9235535,152.3515625
33871,B-20-2-13_masks.tif,92,12634,685.2132034,295.9558552,55.36040009,5.34598476,0.982349199,1.925210111,3159.049786,1506.559284,5817,0.460424252,202.5289612,197.3926392,140.6285095
33872,B-20-2-13_masks.tif,93,12525,839.5979797,315.4352458,54.21289529,5.818454154,0.98512017,7.895205552,3372.670419,1533.113453,8253,0.658922156,204.8177643,199.482254,159.1532745
33873,B-20-2-13_masks.tif,94,10468,658.8700577,279.4446287,49.01056297,5.70172248,0.984499818,83.64429296,1624.085785,1423.101357,790,0.075468093,216.9658203,209.7708893,212.7810059
33874,B-20-2-13_masks.tif,95,8272,622.4680374,225.6357282,47.52937654,4.747289878,0.977562301,-51.29237998,1903.757858,1483.280827,4464,0.539651838,213.5683289,209.3976288,157.1539001
33875,B-20-2-13_masks.tif,96,17174,1038.811183,420.3594289,58.63563304,7.169009816,0.990223582,15.59571298,3452.492954,1604.897752,7675,0.446896471,201.6837769,198.0575867,141.7510071
33876,B-20-2-13_masks.tif,97,14145,874.4264069,346.0765918,55.40861594,6.245898512,0.987099978,82.35833845,1626.916366,1467.023259,10340,0.731000353,206.0515442,198.7440033,156.1585999
33877,B-20-2-13_masks.tif,98,13266,760.3259018,285.5018388,61.51905881,4.640868119,0.976508932,74.10696236,1422.251319,1498.572667,8690,0.655058043,200.3150787,194.9207153,151.7028809
33878,B-20-2-13_masks.tif,99,9378,602.5269119,244.6999353,51.52852841,4.748824445,0.977576966,79.35681739,1616.565366,1515.294199,7981,0.851034336,205.2058563,198.9691772,155.3577271
33879,B-20-2-13_masks.tif,100,9433,616.6690476,233.3934566,52.91520004,4.410707253,0.973959745,-68.38604915,1971.996396,1526.51341,5968,0.632672533,209.7900543,205.3116608,156.4966431
33880,B-20-2-13_masks.tif,101,7998,505.3553391,190.2010542,54.46591484,3.492111622,0.958122189,-66.95979985,2060.708927,1537.172793,7435,0.929607402,209.1331482,201.5067902,156.4745178
33881,B-20-2-13_masks.tif,102,11854,666.7695526,256.2926556,62.10026349,4.127078393,0.970200837,77.03631199,1452.04218,1560.577105,9036,0.762274338,204.4202118,199.7075043,149.5932922
33882,B-20-2-13_masks.tif,103,6780,569.9827561,202.5240512,46.81672447,4.325891089,0.972914265,46.50522663,2377.606785,1588.830973,4092,0.603539823,195.0366516,191.988266,161.6737518
33883,B-20-2-13_masks.tif,104,12131,765.6396103,289.13575,56.43988763,5.122897337,0.980763052,27.21231495,1346.769434,1639.241283,9118,0.75162806,200.7582855,195.7265778,159.0604248
33884,B-20-2-13_masks.tif,105,12101,802.3259018,309.4618212,51.91765904,5.960627403,0.985826578,16.59432387,2344.282456,1707.004462,9879,0.816378812,207.0158997,200.2605591,162.0762177
33885,B-20-2-13_masks.tif,106,12962,793.4974747,303.983507,57.3218119,5.3031036,0.982059977,-73.01309058,2822.606619,1610.630998,8633,0.666023762,208.4939117,203.0318604,153.1717834
33886,B-20-2-13_masks.tif,107,5094,377.4558441,130.2487819,52.84816415,2.464584797,0.913985053,-67.21101422,2013.482921,1609.77817,4464,0.876325088,212.5044861,206.8257141,155.0772858
33887,B-20-2-13_masks.tif,108,11532,805.5979797,332.4260902,47.57284747,6.98772741,0.989707072,-13.75871748,2167.400971,1711.086195,7239,0.62773153,207.3528137,200.8365784,159.7988739
33888,B-20-2-13_masks.tif,109,12013,819.9827561,320.7443992,49.54731812,6.473496678,0.987996538,19.82393123,2303.124781,1720.803047,1627,0.13543661,224.0547028,220.7418518,194.9698792
33889,B-20-2-13_masks.tif,110,9882,697.9827561,245.2598233,56.0801604,4.37337949,0.973507256,29.67588852,1317.290427,1681.316232,6575,0.665351143,199.1492004,192.8193207,149.9304962
33890,B-20-2-13_masks.tif,111,9217,649.4974747,255.9987233,49.28208995,5.194558989,0.981295184,20.74213657,2386.659108,1690.323641,8188,0.888358468,204.4364929,197.6789246,165.7347412
33891,B-20-2-13_masks.tif,112,10993,770.9116882,301.1056895,50.11070947,6.008809148,0.986054567,-17.67645835,2118.009279,1704.838897,6458,0.58746475,210.0450592,204.1213989,157.9289246
33892,B-20-2-13_masks.tif,113,12857,750.6690476,296.2775444,57.85874351,5.12070478,0.980746413,17.30714409,2256.005833,1735.81862,6912,0.537605973,199.2294617,192.8687744,157.5519409
33893,B-20-2-13_masks.tif,114,10480,773.882251,280.5442891,53.3212167,5.261400741,0.981771808,-28.9031476,3033.954389,1754.835305,7698,0.734541985,208.7457733,201.2369385,151.4112701
33894,B-20-2-13_masks.tif,115,12877,874.2670273,311.7029722,53.76486047,5.797522201,0.98501171,-30.61902958,1722.725091,1749.64689,8119,0.630503999,208.0426178,202.4378662,159.9970398
33895,B-20-2-13_masks.tif,116,8963,591.3969696,217.213945,53.35078781,4.071429006,0.969367711,-46.96630686,2585.718286,1711.479862,7603,0.84826509,209.8374329,204.0240631,149.6223907
33896,B-20-2-13_masks.tif,117,16391,1057.379726,377.8963155,58.94993838,6.410461586,0.987757844,48.55760688,1947.331218,1762.003478,7718,0.470868159,187.916687,185.9425964,146.0349884
33897,B-20-2-13_masks.tif,118,14238,892.1665222,320.0320745,61.03115039,5.243749667,0.981647736,45.16191285,1517.806785,1760.461231,9260,0.650372243,195.3653412,192.2394104,152.8535614
33898,B-20-2-13_masks.tif,119,5373,443.4558441,172.4351853,41.35228305,4.169907259,0.97081898,73.2386171,2862.585892,1706.377443,4007,0.745765866,180.5819855,178.4115295,135.9138947
33899,B-20-2-13_masks.tif,120,7186,509.254834,189.8449987,49.12865901,3.864241413,0.965935483,-35.44418804,4189.291817,1755.300306,5960,0.829390481,204.487915,198.4375763,145.9067078
33900,B-20-2-13_masks.tif,121,7106,464.0416306,185.0289781,50.62611649,3.654812791,0.961840199,80.88763337,2856.832958,1787.293555,6240,0.878131157,203.1834869,198.1690674,155.6967926
33901,B-20-2-13_masks.tif,122,4997,445.254834,161.4141391,40.50104337,3.985431626,0.968009421,-43.46293702,3056.984791,1810.984191,4529,0.906343806,211.092514,201.9494324,147.5376434
33902,B-20-2-13_masks.tif,123,10643,678.8111832,256.2699344,53.57742197,4.783170316,0.977901456,-58.18927023,2517.28056,1839.05055,9054,0.850699991,209.6447906,204.0842743,156.1896362
33903,B-20-2-13_masks.tif,124,14752,1104.551299,389.4158767,62.4800318,6.232645302,0.987044698,50.8349952,3527.819347,1918.980613,6983,0.473359544,202.7210388,197.8994751,158.0585632
33904,B-20-2-13_masks.tif,125,5535,443.8406204,162.4744875,44.65340178,3.63856909,0.961491887,-55.53457564,3099.612647,1830.289431,4994,0.902258356,209.496994,203.1073303,152.0162201
33905,B-20-2-13_masks.tif,126,21974,1236.267027,497.6187011,73.1002983,6.807341593,0.989151315,19.3760513,978.8247929,2002.660098,6373,0.290024574,189.4489288,179.9568481,126.6927643
33906,B-20-2-13_masks.tif,127,8625,548.2842712,224.1661208,50.79722943,4.412959591,0.973986674,-11.10455412,2649.910609,1895.360116,6950,0.805797101,211.7894897,205.1929474,147.5014343
33907,B-20-2-13_masks.tif,128,11249,752.4680374,283.0533002,52.04765087,5.438349195,0.982948825,29.51127793,2801.392035,1915.044093,8985,0.798737666,198.3499146,193.0665588,144.5670624
33908,B-20-2-13_masks.tif,129,7858,584.3259018,221.8773197,46.59354438,4.761975561,0.977702057,30.30412333,2843.097862,1897.131331,6505,0.827818783,197.868103,190.9710999,154.1840057
33909,B-20-2-13_masks.tif,130,13388,893.0954544,316.1638821,54.90943435,5.757915482,0.984803206,51.79983013,3588.251867,1911.671198,7337,0.548028085,197.7430878,193.5713501,157.0054474
33910,B-20-2-13_masks.tif,131,15229,1106.024387,429.3835234,65.66688059,6.538814081,0.98823657,19.92958123,909.1696106,2032.540876,5704,0.374548559,201.2701569,194.9447784,156.9100647
33911,B-20-2-13_masks.tif,132,5176,417.9411255,158.2089025,42.94720826,3.683799458,0.962450044,-27.73152983,4028.621909,1898.019706,4732,0.914219474,211.4797058,203.6641998,158.1204529
33912,B-20-2-13_masks.tif,133,5065,375.1126984,134.522159,49.30192129,2.728537864,0.930419369,-33.50762471,3980.406713,1902.575123,4369,0.862586377,208.8690796,202.6669769,151.2444458
33913,B-20-2-13_masks.tif,134,13875,941.2375901,336.9168229,54.23351667,6.212335906,0.986959292,50.07087199,4281.85218,1958.913009,7239,0.52172973,193.3630371,190.8300934,137.989502
33914,B-20-2-13_masks.tif,135,12475,862.8111832,350.921651,47.3531113,7.410741159,0.990853871,19.00031938,941.8833667,2017.903246,212,0.016993988,233.7641449,234.8396301,202.1886749
33915,B-20-2-13_masks.tif,136,17436,1170.610173,462.0375077,54.4035333,8.492784929,0.993043626,19.01144391,3491.10008,2099.239447,6753,0.387302134,191.3247375,187.8899689,141.0002899
33916,B-20-2-13_masks.tif,137,14253,902.3675324,331.0044897,66.16866185,5.002435903,0.979815771,29.07702436,2380.131341,2013.217147,8502,0.596505999,202.4542389,196.6149139,151.4273071
33917,B-20-2-13_masks.tif,138,11075,753.2964646,280.2553077,51.69918671,5.420884265,0.982837817,30.00233125,2799.41246,2002.047765,523,0.047223476,231.0497131,216.3040161,211.6672974
33918,B-20-2-13_masks.tif,139,16686,1024.509668,382.7684523,56.849795,6.732978585,0.988909002,29.31781603,2345.1376,2048.759079,8555,0.512705262,203.7961426,196.3192291,153.5907593
33919,B-20-2-13_masks.tif,140,17712,1052.325902,437.2681177,55.51121889,7.877112526,0.991909108,13.03618193,2050.097335,2118.4493,6905,0.38984869,189.4282379,184.9236755,137.781311
33920,B-20-2-13_masks.tif,141,14334,933.3380951,329.2017028,63.35238397,5.196358562,0.98130826,33.93449975,2245.48821,2085.889214,9452,0.65941119,204.9660339,198.9005432,155.6026306
33921,B-20-2-13_masks.tif,142,16281,1055.580736,399.6440266,53.07420154,7.529911238,0.991142361,59.32778086,5260.274123,2043.399975,5790,0.355629261,192.5371399,190.7559509,145.0335083
33922,B-20-2-13_masks.tif,143,16507,1345.764502,480.6984131,48.26453805,9.959660499,0.994946647,55.45342004,2629.82668,2089.973042,7337,0.4444781,198.32724,191.4805756,146.5229645
33923,B-20-2-13_masks.tif,144,4887,345.4558441,113.7434206,55.9530259,2.032837702,0.870638604,-24.73659486,3854.503376,2000.703294,3814,0.780437896,205.6303101,199.3875122,136.416626
33924,B-20-2-13_masks.tif,145,10253,709.6396103,272.1723259,50.51190268,5.388281007,0.982627658,28.90007107,2292.313762,2074.820345,8245,0.804154881,199.5685883,193.5605774,146.3625183
33925,B-20-2-13_masks.tif,146,14843,1121.965512,408.8511072,60.70034893,6.735564365,0.988917564,54.90284295,2604.090548,2120.338274,7430,0.500572661,202.0498047,196.0382233,163.695282
33926,B-20-2-13_masks.tif,147,11710,811.4386002,298.9772449,52.18030773,5.729694936,0.98465197,45.2292818,4192.69257,2079.052348,8738,0.746199829,201.0420074,193.9820251,148.7775269
33927,B-20-2-13_masks.tif,148,10740,834.0243866,286.307021,53.12748607,5.389056442,0.982632701,-56.91567266,3702.037989,2059.843855,6561,0.610893855,209.6354218,201.3664093,149.7820435
33928,B-20-2-13_masks.tif,149,5283,435.5979797,160.8503874,42.95626203,3.744515464,0.963680666,57.82621984,4047.868446,2054.797085,4797,0.908006814,198.3889923,194.2545319,157.0191803
33929,B-20-2-13_masks.tif,150,14912,1030.409163,370.3307952,54.45340076,6.800875428,0.989130562,54.85125119,5114.254694,2133.64666,3992,0.267703863,188.5531006,183.1267548,149.8642273
33930,B-20-2-13_masks.tif,151,14728,996.6518036,376.3764744,51.87243095,7.255809445,0.990457209,50.10684098,2214.635456,2143.478001,6764,0.459261271,200.2513275,194.1108856,162.8429871
33931,B-20-2-13_masks.tif,152,11736,768.9533188,266.9343861,58.25412429,4.58224013,0.975896499,56.12554178,5135.709952,2091.044734,8888,0.75732788,199.9148254,196.0211487,150.4242859
33932,B-20-2-13_masks.tif,153,5735,438.1837662,163.4736467,47.90405135,3.412522368,0.956100681,54.09827857,4012.22633,2084.932345,5105,0.890148213,195.9535675,193.1071472,147.4213562
33933,B-20-2-13_masks.tif,154,6735,411.1126984,124.6543675,71.02293511,1.755128359,0.821811899,-60.26460692,4297.708983,2074.58441,5195,0.771343727,196.9894104,186.8375397,125.1649628
33934,B-20-2-13_masks.tif,155,7227,509.7989899,213.3032788,44.53498042,4.789567139,0.97796111,85.03785926,4616.980213,2055.549467,6694,0.926248789,199.7215424,194.4185791,156.3473206
33935,B-20-2-13_masks.tif,156,5488,353.6984848,115.9335356,60.84731471,1.905318849,0.851196871,-53.49308523,3803.246538,2092.141035,2151,0.391946064,217.9437408,212.2115326,146.8475189
33936,B-20-2-13_masks.tif,157,6119,458.9705627,189.1149609,43.50107291,4.34736314,0.97318484,87.2793631,4595.647818,2094.119301,5707,0.932668737,208.6542816,201.1817017,167.5195313
33937,B-20-2-13_masks.tif,158,6794,395.9411255,116.824582,74.94003674,1.558907455,0.767144026,-51.74523158,4342.081395,2136.264792,2782,0.409478952,193.8554993,183.175766,123.0992126
33938,B-20-2-13_masks.tif,159,11041,772.1248917,270.3621368,53.63039161,5.041211312,0.980128215,32.17259602,2184.879721,2208.449144,6055,0.54841047,192.1248627,186.3083344,148.7415314
33939,B-20-2-13_masks.tif,160,5513,605.1126984,251.1124179,30.63586677,8.196680702,0.992530026,-13.30710216,2913.167422,2247.98821,2296,0.416470161,214.0479126,209.9573212,164.9533997
33940,B-20-2-13_masks.tif,161,9787,619.9411255,242.5109605,52.26466039,4.640056181,0.976500611,-78.69176402,4548.437213,2152.882088,9027,0.922345969,210.5050354,204.0857391,171.7926178
33941,B-20-2-13_masks.tif,162,7178,547.9411255,213.1432267,44.9717508,4.739491413,0.97748755,-17.19816432,2885.645444,2231.048342,5175,0.720952912,211.4825134,204.5171051,165.2848358
33942,B-20-2-13_masks.tif,163,8091,532.3847763,231.6435575,45.56702312,5.083578906,0.980461353,85.64327156,3918.633173,2153.712396,6559,0.810653813,201.6035919,196.903183,153.6596985
33943,B-20-2-13_masks.tif,164,8853,571.1543289,211.9176099,54.04976757,3.920786701,0.96692764,38.32116086,4255.982266,2216.555405,8203,0.926578561,201.1534729,195.9776917,144.5334625
33944,B-20-2-13_masks.tif,165,14079,848.1248917,308.2101314,71.79707536,4.292795074,0.972489082,33.69049081,3689.700263,2306.766461,10435,0.741174799,202.8866272,197.2369843,149.2064209
33945,B-20-2-13_masks.tif,166,10341,633.5979797,243.5755134,54.99329796,4.429185418,0.97417944,-74.56770304,4071.98182,2206.178513,7517,0.726912291,208.9380035,201.9431915,154.2056732
33946,B-20-2-13_masks.tif,167,11584,851.3553391,334.8477924,51.54523381,6.496193103,0.988080772,-88.01478961,4608.457355,2195.010877,10223,0.882510359,206.572525,199.0053864,156.2988434
33947,B-20-2-13_masks.tif,168,12151,689.9827561,243.5577164,64.87685701,3.754154064,0.963870414,28.31908964,3760.028804,2297.360217,9273,0.763147066,199.1210022,190.9616089,148.2182617
33948,B-20-2-13_masks.tif,169,9930,707.8406204,282.4950491,49.15867237,5.746596389,0.984742816,-72.96718986,4076.199496,2249.865358,388,0.039073515,218.8092804,191.3608246,185.9381409
33949,B-20-2-13_masks.tif,170,12736,1041.154329,428.4111023,42.94835498,9.975029371,0.994962246,12.63605828,5042.908684,2400.946608,5435,0.42674309,201.7105865,197.451889,154.0296173
33950,B-20-2-13_masks.tif,171,12900,965.2375901,348.2150198,54.87732388,6.345335289,0.987503658,41.51524444,3926.698372,2346.18969,8571,0.664418605,199.714386,194.7845001,147.1646271
33951,B-20-2-13_masks.tif,172,6468,542.0416306,229.155167,37.6989962,6.07854824,0.986374921,80.55328873,4477.732993,2241.204082,6432,0.994434137,203.1074371,198.8610077,161.9684448
33952,B-20-2-13_masks.tif,173,10651,580.2842712,234.6839884,58.69769869,3.9981804,0.968216452,79.6241233,4667.264576,2251.462304,9011,0.846023848,205.4425659,200.2862091,148.1020966
33953,B-20-2-13_masks.tif,174,10636,707.0121933,265.7063153,53.24595045,4.990169451,0.97971539,9.25678028,5087.198665,2371.274445,5990,0.563181647,198.1033325,192.1863098,143.5429077
33954,B-20-2-13_masks.tif,175,8419,664.6690476,244.7751974,46.51678592,5.262083194,0.98177658,69.02582769,4477.970543,2292.294097,5910,0.701983609,206.3394318,198.1334991,171.5255432
33955,B-20-2-13_masks.tif,176,10942,617.4558441,258.0901614,56.23249102,4.589698176,0.975975733,86.22599541,4658.622373,2302.168068,9472,0.865655273,203.6141205,194.206604,157.2875824
33956,B-20-2-13_masks.tif,177,5497,401.7989899,163.1110798,44.63074993,3.654679342,0.961837357,84.5096935,4171.838094,2304.098235,4752,0.86447153,193.7150726,188.2003326,142.1039581
33957,B-20-2-13_masks.tif,178,14567,892.7106781,338.4531044,59.87371768,5.652782514,0.984228106,65.80304898,2565.291069,2374.031716,8220,0.564289147,198.4485474,193.9525604,149.9069366
33958,B-20-2-13_masks.tif,179,7749,696.7106781,267.4144268,38.73438881,6.903798795,0.989453949,37.15667566,3924.560201,2400.023487,6385,0.823977287,202.1260834,193.5343781,155.136261
33959,B-20-2-13_masks.tif,180,6314,465.8406204,171.0819452,47.86529671,3.574237641,0.960064156,35.71530419,4405.139848,2374.919702,5514,0.873297434,200.1235046,195.7239685,148.5616608
33960,B-20-2-13_masks.tif,181,18925,1005.012193,415.1270186,62.85496218,6.604522606,0.988470833,87.17460169,2187.107583,2353.027688,8246,0.435719947,200.9621582,193.4271088,140.8982544
33961,B-20-2-13_masks.tif,182,9848,749.5391052,291.074298,51.77684849,5.62170751,0.984051843,38.78684929,3887.295695,2430.662063,7927,0.804935012,204.5237732,199.7987823,158.9707336
33962,B-20-2-13_masks.tif,183,9756,571.4558441,235.2783798,54.5021444,4.316864637,0.97279929,89.28884111,4177.878536,2360.376076,8744,0.896268963,206.1188202,197.8267365,147.6152802
33963,B-20-2-13_masks.tif,184,16344,1055.84062,442.6657149,53.85481298,8.219612888,0.992571805,-7.737184992,1018.968245,2561.402594,3881,0.237457171,212.7853699,207.5101776,170.9172821
33964,B-20-2-13_masks.tif,185,9803,560.5269119,214.976536,59.05810359,3.640085321,0.961524603,80.50946788,4566.077833,2378.179639,8304,0.847087626,199.3783722,191.3704224,136.7751617
33965,B-20-2-13_masks.tif,186,8023,541.2132034,231.6375494,45.90721095,5.045777005,0.980164524,-85.08151016,4833.241182,2367.032033,7003,0.872865512,198.3745575,194.2267609,145.7790985
33966,B-20-2-13_masks.tif,187,13640,970.7695526,401.6596566,47.92678752,8.380692248,0.992855623,-7.332244808,1056.328079,2567.818768,5331,0.390835777,204.0380859,197.9228973,141.6248322
33967,B-20-2-13_masks.tif,188,7994,530.2842712,209.1548325,50.38095489,4.151466223,0.970555216,-84.58847667,4857.764573,2405.664999,7255,0.907555667,206.6385956,199.9473419,158.9330139
33968,B-20-2-13_masks.tif,189,11183,800.2842712,336.3775906,48.76909689,6.897351233,0.989434118,-85.72853618,2180.666905,2420.337029,7940,0.71000626,209.6457214,204.4440765,163.1623383
33969,B-20-2-13_masks.tif,190,10841,729.8406204,268.3487077,64.19831368,4.179996208,0.970961778,-80.93395703,4180.860253,2424.154414,1934,0.178396827,222.1752777,221.2766266,169.6835632
33970,B-20-2-13_masks.tif,191,6190,520.0832611,196.4881605,41.00643258,4.791642388,0.977980411,-56.30958589,5213.101777,2470.6937,5088,0.821970921,201.45755,196.7513733,150.8126984
33971,B-20-2-13_masks.tif,192,14390,981.3380951,345.6143203,62.29380587,5.548133004,0.983622514,56.65014215,4743.439889,2499.832523,8822,0.613064628,197.367157,189.1287689,161.5029449
33972,B-20-2-13_masks.tif,193,7767,540.8700577,226.2796349,45.53168986,4.969717477,0.979546345,-80.07251342,4184.412257,2465.05562,6521,0.839577701,212.6377869,205.7923584,157.397644
33973,B-20-2-13_masks.tif,194,13595,832.5685425,309.8302601,58.65266764,5.282458115,0.981918179,71.59947722,4878.28231,2488.441854,9450,0.695108496,196.8656158,191.426239,142.2732239
33974,B-20-2-13_masks.tif,195,12765,905.0121933,349.3739241,55.14546288,6.335497171,0.987464571,-88.94627489,2160.268782,2472.059538,8496,0.665569918,204.4451447,197.844635,156.5268402
33975,B-20-2-13_masks.tif,196,5080,358.9705627,137.9998773,47.61871178,2.898017862,0.938579366,75.5154032,3788.19685,2472.961811,3842,0.756299213,195.7706909,191.0619507,154.6337891
33976,B-20-2-13_masks.tif,197,15739,1022.166522,372.1095116,55.3135375,6.727277415,0.98889009,57.82184143,4717.937417,2542.12631,12370,0.78594574,201.3531952,193.515274,143.4707336
33977,B-20-2-13_masks.tif,198,11362,805.254834,334.8284035,45.54877134,7.350986505,0.990703872,-14.40301269,5270.407411,2598.557648,4485,0.394736842,205.086731,205.0439301,165.5141602
33978,B-20-2-13_masks.tif,199,4742,344.0416306,120.0534707,50.98030651,2.354898959,0.905359159,-20.58127237,2385.599114,2506.188528,3760,0.792914382,202.1204834,197.2946777,147.7553253
33979,B-20-2-13_masks.tif,200,7052,517.1126984,207.393118,45.66092601,4.542026106,0.975462406,-73.60459445,4204.627907,2500.821469,7027,0.996454906,208.7809906,200.2325287,156.5488892
33980,B-20-2-13_masks.tif,201,10800,634.2253967,224.8081363,61.94424319,3.629201435,0.96128883,37.6031776,4515.524722,2557.121296,10337,0.95712963,203.4343567,198.0929718,151.1315613
33981,B-20-2-13_masks.tif,202,17336,1302.551299,453.4689051,57.63003238,7.868621382,0.991891566,27.63895764,3685.688856,2671.559933,10772,0.621365944,199.7362671,194.6342316,155.795578
33982,B-20-2-13_masks.tif,203,4709,441.4558441,180.5191262,38.67320217,4.667809131,0.976782528,80.70482619,3738.332342,2505.751752,0,0,,,
33983,B-20-2-13_masks.tif,204,14683,1016.183766,414.2786607,47.85881257,8.656267016,0.993304778,-83.12641901,2943.664919,2518.258666,8749,0.595859157,201.7483215,196.2724915,149.6673889
33984,B-20-2-13_masks.tif,205,11491,738.1248917,258.872487,59.50991362,4.350073311,0.973218702,52.91691385,4683.806718,2580.498564,11098,0.965799321,205.1534576,196.0944366,151.8766479
33985,B-20-2-13_masks.tif,206,12459,808.1837662,308.0742699,55.49288589,5.551599362,0.983643129,-84.75939629,2154.279156,2525.815234,9499,0.76242074,211.0526428,203.6521759,161.2721405
33986,B-20-2-13_masks.tif,207,8127,537.6984848,214.2997977,50.16791312,4.271650629,0.972212152,-74.97140329,4252.676387,2533.813953,7575,0.932078258,207.6034393,199.1749115,156.7801971
33987,B-20-2-13_masks.tif,208,10304,792.1248917,291.4999378,55.09153109,5.291193256,0.98197838,53.71488866,4633.963024,2600.64606,9575,0.929250776,201.1036072,193.2922211,158.4294586
33988,B-20-2-13_masks.tif,209,3693,325.2132034,110.0967037,46.00289099,2.393256192,0.908520277,-14.7457776,5341.627132,2548.475223,3318,0.898456539,193.0913239,191.961731,149.4056702
33989,B-20-2-13_masks.tif,210,13432,708.4264069,273.0723274,65.44948776,4.172260728,0.970852385,73.68969505,3792.407385,2571.377233,0,0,,,
33990,B-20-2-13_masks.tif,211,7505,525.9411255,207.2593506,47.43986561,4.368885702,0.973451984,17.10311783,4472.163891,2611.522985,7359,0.980546302,196.0247345,192.7164001,153.159256
33991,B-20-2-13_masks.tif,212,6503,462.5269119,155.2963397,58.64037869,2.64828337,0.925967549,-76.52670599,2215.624173,2567.059665,735,0.113024758,208.9006805,192.4802704,161.5047607
33992,B-20-2-13_masks.tif,213,4569,388.627417,157.3969959,39.37678766,3.997202546,0.968200644,79.39379337,3935.633837,2564.982272,3986,0.872400963,191.117157,184.5122986,141.6209259
33993,B-20-2-13_masks.tif,214,8198,548.5269119,218.3863538,49.47896775,4.413720895,0.973995767,14.3488511,4429.265553,2637.723225,7010,0.855086606,190.9457855,185.9440765,147.8857422
33994,B-20-2-13_masks.tif,215,7737,567.5979797,226.2202027,44.46766641,5.087296478,0.980490182,-67.49697925,4195.050924,2598.058938,7369,0.952436345,209.0545502,201.0650024,162.5343933
33995,B-20-2-13_masks.tif,216,4549,398.2842712,136.5547442,46.8719148,2.913359626,0.939245419,-80.51288596,2114.457024,2602.257859,3870,0.850736426,211.8764801,204.9604645,149.6940613
33996,B-20-2-13_masks.tif,217,10819,682.6690476,262.7111056,58.60552738,4.482701844,0.974800198,-73.37848408,4258.804418,2628.556706,9357,0.864867363,205.4769745,198.7942657,150.5957031
33997,B-20-2-13_masks.tif,218,7146,632.2253967,240.0682703,39.62630247,6.058306109,0.986283086,-55.8707382,2247.992024,2666.707949,3695,0.517072488,214.4005432,206.5309906,157.2627869
33998,B-20-2-13_masks.tif,219,12506,757.4974747,287.7390254,56.58714764,5.084883006,0.980471473,17.69973517,3769.254438,2739.044299,6962,0.556692787,204.1261139,198.5478363,152.8691406
33999,B-20-2-13_masks.tif,220,13271,1284.450793,480.8088522,76.81370122,6.259415242,0.987155994,53.43040046,1717.299902,2782.914098,4663,0.351367644,205.4829559,201.7834015,162.4100342
34000,B-20-2-13_masks.tif,221,7279,581.9411255,222.7555449,43.58726468,5.110564899,0.980669182,-74.98433404,3955.882264,2649.369831,5260,0.722626734,202.1448669,196.2317505,146.4927826
34001,B-20-2-13_masks.tif,222,3955,332.2842712,116.8495106,44.0427301,2.653094173,0.92624647,-34.17519106,2324.447535,2692.971429,3353,0.847787611,204.2490234,197.9636078,156.3787689
34002,B-20-2-13_masks.tif,223,6570,600.8111832,207.8463833,41.26726615,5.036592019,0.980091377,54.61644572,1712.24277,2754.409132,4818,0.733333333,191.9516449,188.758194,161.4647217
34003,B-20-2-13_masks.tif,224,15995,1183.823376,439.7698364,55.09856722,7.981511291,0.992120218,25.44477976,4116.82432,2888.628822,7445,0.465457956,198.6132965,193.6812592,155.7899323
34004,B-20-2-13_masks.tif,225,15342,1133.03658,411.7625533,55.40262228,7.432185271,0.990906815,42.89375111,4223.015578,2837.685699,11814,0.770043019,201.607666,195.804306,158.887085
34005,B-20-2-13_masks.tif,226,3014,281.2132034,99.1313021,39.97772985,2.479663114,0.915076372,-51.39842114,2258.680159,2727.156934,2299,0.762773723,211.635498,202.2627258,157.5058746
34006,B-20-2-13_masks.tif,227,7998,532.627417,226.8003306,46.08779405,4.921049819,0.979135453,83.54353841,4832.211428,2714.56014,6422,0.802950738,191.5012512,183.8122101,138.3937988
34007,B-20-2-13_masks.tif,228,8359,532.4264069,199.7132748,54.22215863,3.683240944,0.962438433,65.52578469,4322.418232,2748.476492,7432,0.889101567,192.3365173,187.9541168,139.3681335
34008,B-20-2-13_masks.tif,229,10194,684.1248917,242.5051559,54.56420823,4.444399797,0.974358242,48.07482186,4663.875123,2789.301648,9068,0.889542868,192.3098755,188.5921936,138.2064362
34009,B-20-2-13_masks.tif,230,9821,655.0538239,232.2912834,58.90687064,3.943364855,0.967311657,53.06725812,4246.961002,2772.856736,6937,0.70634355,196.5960846,192.344101,145.2013855
34010,B-20-2-13_masks.tif,231,14907,948.7695526,383.8686221,50.76692089,7.561392642,0.99121629,10.16247876,2030.794996,2908.585899,5105,0.342456564,201.5126343,196.1181183,158.7355499
34011,B-20-2-13_masks.tif,232,6729,466.0832611,165.2280479,52.47690153,3.148586198,0.948223824,-45.12801915,3928.470947,2770.455194,5653,0.840095111,205.1102142,200.027771,146.1482391
34012,B-20-2-13_masks.tif,233,6712,513.0121933,193.0292751,45.74116052,4.220034493,0.971518215,26.19825451,4601.183999,2808.693385,6330,0.943087008,200.3913116,194.5432892,163.4173737
34013,B-20-2-13_masks.tif,234,7833,532.9705627,221.88278,46.51963143,4.769659027,0.977774654,-89.82717121,5044.712754,2762.611898,7365,0.940252777,197.2336731,191.1808624,145.1735229
34014,B-20-2-13_masks.tif,235,5047,511.8406204,197.6204628,34.93703474,5.656474977,0.984248855,28.3135874,4578.682187,2843.032693,3933,0.779274817,189.4658051,184.632843,162.0818787
34015,B-20-2-13_masks.tif,236,10192,790.6101731,304.219615,45.43070343,6.696343927,0.988786626,32.85039734,4178.049843,2882.242739,6664,0.653846154,195.7785187,193.2627563,162.5561218
34016,B-20-2-13_masks.tif,237,6863,560.2842712,232.1929557,43.0748046,5.390458711,0.982641816,-89.18076842,2277.784934,2814.300306,5592,0.814804022,194.4558258,188.9754944,149.1673889
34017,B-20-2-13_masks.tif,238,8879,553.2132034,230.9595809,50.8042355,4.54606941,0.975506582,-89.10688941,5047.393062,2813.713594,8206,0.924203176,199.7771149,194.3312225,147.5049896
34018,B-20-2-13_masks.tif,239,11281,680.8700577,274.0685516,53.53590199,5.119341254,0.980736055,3.820665234,2088.703572,2957.306976,9027,0.800195018,202.6308899,198.16716,143.7567291
34019,B-20-2-13_masks.tif,240,8938,550.3259018,187.3459842,62.08366777,3.017637181,0.943495583,38.76243973,4896.489595,2883.298613,8243,0.922242112,194.2691956,189.2557373,148.5585327
34020,B-20-2-13_masks.tif,241,10746,725.7817459,262.856983,53.84108479,4.882089283,0.978797493,-39.1103579,5124.721943,2914.576028,8587,0.799088033,201.2937012,193.9407196,146.0009308
34021,B-20-2-13_masks.tif,242,12777,764.4264069,315.7082208,53.61170589,5.888792673,0.985476115,-76.68467045,3866.234953,2908.83572,10118,0.79189168,201.0200653,193.8701324,147.4179688
34022,B-20-2-13_masks.tif,243,10815,593.9827561,203.2313929,69.09591973,2.941293692,0.940430334,-44.81973333,5156.327785,2961.568562,9162,0.847156727,206.6960297,197.011673,143.8014679
34023,B-20-2-13_masks.tif,244,11250,679.7401154,251.2508683,58.01324161,4.330922758,0.972978038,66.38653231,4817.439822,2964.584622,9472,0.841955556,194.0458221,188.2055511,143.2914886
34024,B-20-2-13_masks.tif,245,7708,517.9411255,199.1170039,49.99487493,3.982748315,0.967965587,-20.12303516,4445.389336,3012.333679,7072,0.917488324,206.4787903,202.9049835,158.3544922
34025,B-20-2-13_masks.tif,246,7718,517.6984848,202.0174021,49.45035477,4.085256881,0.969577978,-14.75108451,4491.713656,3021.147318,6978,0.904120238,204.0884247,199.3834839,155.0154724
34026,B-20-2-13_masks.tif,247,12457,789.7817459,286.2459309,59.81198939,4.785761747,0.977925652,49.16262153,4786.770812,3038.687967,10773,0.864814963,196.5024567,191.5600128,149.974472
34027,B-20-2-13_masks.tif,248,10548,667.1543289,235.2729692,60.40616802,3.894850094,0.96647804,-29.57494781,3198.022374,3072.2281,8317,0.788490709,207.8322754,200.0109406,142.8742371
34028,B-20-2-13_masks.tif,249,15987,916.1837662,390.0521867,55.26878229,7.057368926,0.989910239,82.73393889,3891.053043,3000.009946,8484,0.530681178,192.8083496,186.3459473,147.4863281
34029,B-20-2-13_masks.tif,250,8435,658.5685425,244.8022659,47.69080868,5.133112074,0.980840285,31.10666072,4694.942383,3066.041494,6488,0.769176052,188.5602722,186.4848938,142.5206604
34030,B-20-2-13_masks.tif,251,7950,552.6690476,209.0318542,49.39338531,4.231980718,0.971681127,32.01712043,4645.45195,3073.411572,6901,0.868050314,195.2686615,189.9862366,152.6312103
34031,B-20-2-13_masks.tif,252,8208,489.7989899,194.4264031,54.40114888,3.573939285,0.960057349,84.35971492,3628.303363,3022.247198,6834,0.832602339,200.8712311,195.5515137,150.3314362
34032,B-20-2-13_masks.tif,253,13993,817.2964646,287.2945968,63.60748823,4.51667885,0.975182713,60.81846517,2904.739084,3083.459015,6278,0.448652898,195.6220093,190.9633636,154.6267853
34033,B-20-2-13_masks.tif,254,12783,993.0954544,357.0603301,47.31009252,7.547233817,0.991183156,62.54795958,2863.425252,3122.034734,4778,0.373777673,210.3497314,203.1944275,169.2714539
34034,B-20-2-13_masks.tif,255,7238,497.7989899,210.756253,44.87131313,4.696904063,0.977072643,-84.50144112,3623.636364,3076.402736,6210,0.857971815,202.6318817,196.5608673,150.7529755
34035,B-20-2-13_masks.tif,256,7184,501.0121933,186.1121961,50.05866187,3.717881964,0.963148458,-62.99628918,4236.450445,3098.409104,6906,0.961302895,204.9902954,199.2975616,158.6675415
34036,B-20-2-13_masks.tif,257,16014,1025.681241,374.5239467,58.16252486,6.43926562,0.987867793,62.05173215,2855.675596,3174.262333,6164,0.384913201,201.4224548,197.1082153,165.6012268
34037,B-20-2-13_masks.tif,258,8500,562.6690476,212.288239,52.09554007,4.07497914,0.969421903,-64.42859962,4252.986824,3143.256471,7679,0.903411765,209.6705322,204.1561432,163.8512878
34038,B-20-2-13_masks.tif,259,14380,1034.509668,377.2955108,56.40222259,6.689373105,0.988763111,60.45094675,3869.829833,3203.561335,4822,0.335326843,194.1192474,187.4135284,148.9406891
34039,B-20-2-13_masks.tif,260,12620,1000.409163,357.2152922,49.75788899,7.179068476,0.990251093,59.67506128,3918.657369,3182.958399,7085,0.56141046,195.4163666,190.7119293,146.3960419
34040,B-20-2-13_masks.tif,261,17480,974.5685425,397.1036655,62.79366719,6.323944488,0.987418437,14.19956208,3765.772311,3343.139703,9301,0.532093822,197.7365875,192.8265839,141.4812317
34041,B-20-2-13_masks.tif,262,7582,466.3847763,197.1531565,49.42642727,3.988820704,0.968064655,86.81170548,4578.947375,3177.103007,7015,0.925217621,199.4376373,194.9006348,150.8282318
34042,B-20-2-13_masks.tif,263,8828,577.3553391,205.5578635,57.14062716,3.597402998,0.960587352,10.93046529,2804.155641,3287.85478,5830,0.660398731,193.975647,188.4476776,132.9082336
34043,B-20-2-13_masks.tif,264,7428,514.5269119,193.8121053,51.20801424,3.784800254,0.964463879,-15.67854466,4946.0451,3263.070813,6049,0.814351104,201.1124115,196.6902008,146.1079559
34044,B-20-2-13_masks.tif,265,8191,506.5269119,191.6773961,55.21285931,3.471607856,0.957615079,-16.05775872,4992.97485,3266.337932,7019,0.856916127,200.9774933,194.9170837,145.3628693
34045,B-20-2-13_masks.tif,266,7032,508.627417,215.3789886,43.61489413,4.938198131,0.97928164,81.18998776,4592.373294,3220.320535,6851,0.974260523,200.4901428,192.7146454,151.9877319
34046,B-20-2-13_masks.tif,267,9236,536.5269119,201.1229587,59.92916833,3.356011177,0.954574365,75.22368424,4618.524145,3283.151906,8471,0.917171936,197.4868317,189.5462189,144.8546753
34047,B-20-2-13_masks.tif,268,9218,696.7106781,261.1486516,45.93657181,5.684983475,0.984407682,-54.64330582,2962.325667,3329.236711,7939,0.861249729,208.9497375,202.621109,152.4461517
34048,B-20-2-13_masks.tif,269,7599,603.3969696,213.6612356,47.15756499,4.530794489,0.97533906,-56.42375756,3006.37755,3348.350441,6641,0.87393078,208.8805847,202.7137451,166.6511078
34049,B-20-2-13_masks.tif,270,16619,1161.865007,403.7885684,56.93155352,7.092526788,0.990010525,51.83696668,4339.497262,3454.715266,12236,0.73626572,196.5911255,190.8504486,157.6841278
34050,B-20-2-13_masks.tif,271,6962,537.3553391,202.072453,46.71608815,4.325543105,0.972909846,76.49302723,4606.574691,3332.686872,599,0.086038495,235.2621002,236.0150299,185.1919861
34051,B-20-2-13_masks.tif,272,3799,325.5563492,122.4296507,41.16021611,2.974465692,0.941792458,-8.826425997,2748.469597,3379.595683,3416,0.899183996,201.9168549,196.2704926,131.3843689
34052,B-20-2-13_masks.tif,273,6296,493.3553391,187.5326846,44.10165825,4.252281933,0.971954774,69.50578372,4615.489835,3378.306703,5955,0.945838628,207.1973114,200.1252747,163.5296326
34053,B-20-2-13_masks.tif,274,14163,1020.994949,379.1575947,52.99945626,7.153990275,0.990182284,56.60075777,4419.700346,3440.104709,10138,0.715808798,194.6142273,185.7098999,142.4573822
34054,B-20-2-13_masks.tif,275,11617,657.9827561,240.7391015,62.00354545,3.882666706,0.966263655,-58.098065,3592.743479,3423.72678,8634,0.743221141,203.8399353,196.5397339,143.4366455
34055,B-20-2-13_masks.tif,276,9903,751.254834,309.3747073,51.41563241,6.017133172,0.986093396,16.55436612,765.9874785,3508.402504,0,0,,,
34056,B-20-2-13_masks.tif,277,5613,461.3553391,175.556744,42.47735563,4.132948988,0.970286728,66.05254012,4551.062355,3409.758952,5275,0.939782647,197.8299561,194.910141,152.7486267
34057,B-20-2-13_masks.tif,278,8880,689.3553391,278.1312448,50.63623014,5.492732063,0.983287652,3.487062922,644.2113739,3530.770495,2206,0.248423423,199.7615662,191.5639191,151.3925629
34058,B-20-2-13_masks.tif,279,10456,646.7695526,249.0889633,54.99176799,4.529568195,0.975325537,13.79782502,692.7060061,3535.323068,9718,0.929418516,207.4460754,200.9533844,165.3521271
34059,B-20-2-13_masks.tif,280,7148,460.5269119,173.446738,53.60468734,3.235663645,0.951043969,67.10575504,4544.715725,3456.619054,6554,0.916899832,200.0653076,193.5715637,148.6664581
34060,B-20-2-13_masks.tif,281,7551,603.1126984,243.1491204,41.61373338,5.843001833,0.985245868,12.98331861,737.8172427,3540.65594,236,0.031254139,227.6864471,227.4152527,179.7288208
34061,B-20-2-13_masks.tif,282,9956,850.509668,314.8771411,42.12648768,7.474564305,0.991010102,-54.45227266,1524.659301,3520.995681,9197,0.923764564,208.9277954,202.9627075,160.8921356
34062,B-20-2-13_masks.tif,283,10962,758.0832611,259.6865203,65.23590226,3.980730109,0.967932558,79.14517158,3033.195858,3464.732257,4254,0.388067871,186.7538757,179.8495483,147.9170227
34063,B-20-2-13_masks.tif,284,4038,337.5563492,131.767395,40.41806505,3.260111409,0.951793995,-10.29199149,2730.034671,3488.758544,3446,0.853392769,209.6503143,204.978241,134.2269287
34064,B-20-2-13_masks.tif,285,8994,608.0832611,231.0720236,50.3272367,4.59139104,0.975993664,-66.15098128,4140.119635,3507.591061,6851,0.761730042,199.221283,192.7823639,141.3485565
34065,B-20-2-13_masks.tif,286,8202,535.6984848,209.962445,54.01236677,3.887303178,0.966345484,-14.3914454,541.6892221,3565.523531,2675,0.326139966,201.8654175,196.1353302,137.3872833
34066,B-20-2-13_masks.tif,287,6186,540.9116882,210.9230698,39.24430971,5.374615363,0.982538417,-58.10727386,1394.825736,3537.403977,5244,0.84772066,207.3705139,201.5936279,150.1031647
34067,B-20-2-13_masks.tif,288,2460,250.7279221,83.62295607,39.97830185,2.091708557,0.878317343,86.83739879,3025.026016,3507.067886,2319,0.942682927,201.7153931,194.3816376,148.6463928
34068,B-20-2-13_masks.tif,289,7751,621.9827561,235.6502131,43.39907379,5.429844291,0.982894903,-58.672033,1498.078183,3584.640175,7043,0.908656947,211.9794159,205.8178406,166.9598236
34069,B-20-2-13_masks.tif,290,4675,374.8700577,133.4136048,46.5940378,2.863319238,0.937031436,25.24505362,2847.801711,3593.672299,4499,0.962352941,190.8937531,185.6650391,143.8915253
34070,B-20-2-13_masks.tif,291,4931,414.7695526,147.4456188,46.03626023,3.202814869,0.950008068,34.95459018,2927.115798,3595.336849,4120,0.835530318,179.6303406,176.2490234,134.6155396
34071,B-20-2-13_masks.tif,292,4254,445.0121933,160.21075,38.51479082,4.159720113,0.970673715,40.94234189,3442.554772,3595.520216,697,0.163845792,169.1090393,162.5193634,136.2682953
34072,B-20-2-13_masks.tif,293,6316,556.4264069,220.6457478,38.73416638,5.696411422,0.984470674,-64.65879771,3131.708835,3580.256491,5832,0.923369221,199.7755432,192.3959198,143.1097412
34073,B-20-2-13_masks.tif,294,4178,313.7989899,109.743151,49.63298853,2.211092949,0.891883597,23.44217735,2804.57731,3600.102681,3424,0.819530876,198.862442,192.3449249,150.9553223
34074,B-20-2-13_masks.tif,295,9868,655.3553391,250.1601019,52.28133861,4.78488326,0.977917454,78.5853403,2494.136096,3612.048845,4574,0.463518443,191.4265442,183.6532593,145.4709167
34075,B-20-2-13_masks.tif,296,5470,439.6984848,163.9310394,44.78558628,3.660352648,0.961957902,-69.83554335,4898.147715,3614.211883,4797,0.876965265,190.0587921,181.9024353,129.3892059
34076,B-20-2-13_masks.tif,297,2104,218.7279221,67.42987061,44.63694388,1.510629195,0.749525192,-27.30466683,3223.824144,3618.423479,1837,0.873098859,197.8181763,191.5509033,139.5792084
34077,B-20-2-14_masks.tif,1,4448,364.5269119,124.9526555,46.81178325,2.669256474,0.927171908,-55.42223124,3303.011691,36.21875,3000,0.674460432,215.9873352,208.2799988,148.8099976
34078,B-20-2-14_masks.tif,2,8582,523.2132034,213.9122108,57.23851501,3.737207556,0.963535796,7.546281542,4175.53484,82.55208576,2805,0.326846889,207.0930481,205.1950073,142.5654144
34079,B-20-2-14_masks.tif,3,11179,741.8406204,276.0992442,54.48590261,5.067351938,0.98033476,76.42990857,5044.570892,47.16960372,5169,0.462384829,207.0766144,203.2868958,164.4203949
34080,B-20-2-14_masks.tif,4,3479,284.7279221,103.3555388,44.39778994,2.327943326,0.903036549,-11.39731434,3136.629204,53.60620868,3097,0.890198333,202.7371674,194.2641296,121.6306076
34081,B-20-2-14_masks.tif,5,4681,397.1126984,138.4011938,45.2225966,3.060443323,0.945110791,-62.61021816,3369.445204,36.94552446,3367,0.71929075,206.5640106,201.5827179,143.9700012
34082,B-20-2-14_masks.tif,6,19766,1239.622366,465.1213175,62.7120405,7.416778561,0.990868824,55.78144029,4768.608317,137.5808459,11693,0.591571385,196.2471619,193.7171783,155.0001678
34083,B-20-2-14_masks.tif,7,22979,1188.208153,444.5657377,67.79098368,6.557888876,0.988305307,55.20398124,4837.991732,122.3353061,10949,0.476478524,198.1000977,189.6976013,146.6121063
34084,B-20-2-14_masks.tif,8,20541,1290.994949,533.5793916,70.70359018,7.546708593,0.991181923,71.2991705,4991.613067,123.300813,6522,0.317511319,200.1522522,195.5173187,147.2690887
34085,B-20-2-14_masks.tif,9,10858,666.8111832,239.2324163,58.41419061,4.095450332,0.969731589,-58.17807513,3981.371247,86.7843065,8607,0.792687419,204.681427,197.9594574,139.2158661
34086,B-20-2-14_masks.tif,10,12144,834.9116882,342.0028271,59.53160649,5.744894977,0.984733708,14.03320125,1163.713274,186.2158267,4387,0.361248353,197.7371826,190.6416626,144.7549591
34087,B-20-2-14_masks.tif,11,13489,987.2964646,351.0332155,62.6775412,5.600621991,0.98393055,15.44124404,1056.042257,248.7356364,7389,0.547779672,195.8129578,189.0119171,149.3536377
34088,B-20-2-14_masks.tif,12,10868,934.1665222,342.1212681,43.81698432,7.807960164,0.99176456,-53.68113737,1918.45565,183.7303092,126,0.011593669,217.579361,207.1746063,201.3412628
34089,B-20-2-14_masks.tif,13,11090,721.5979797,273.9439876,52.78404045,5.189901819,0.981261278,13.52934474,1090.969342,206.3581605,7755,0.699278629,199.6299133,192.1628571,149.9384918
34090,B-20-2-14_masks.tif,14,15430,846.9116882,321.088881,65.27662296,4.91889541,0.979116977,76.58006498,3429.025729,133.7545042,7207,0.467077122,198.8677673,194.6564484,149.9986115
34091,B-20-2-14_masks.tif,15,3977,315.3137085,128.7032971,40.42695727,3.183600888,0.949386687,-8.771226295,3117.638924,157.4422932,3490,0.877545889,208.0693359,201.0856781,128.6395416
34092,B-20-2-14_masks.tif,16,16625,893.254834,365.3141174,58.54916581,6.239441883,0.987073092,-12.82448761,921.5237895,292.4492632,6097,0.366736842,195.7459412,186.0528107,120.6168594
34093,B-20-2-14_masks.tif,17,11669,829.882251,310.4804749,48.93608782,6.34461169,0.987500789,-65.96933619,4520.759448,171.0460194,4003,0.343045677,200.6954803,194.7202148,140.4731445
34094,B-20-2-14_masks.tif,18,6824,551.4974747,209.7526594,43.44009519,4.828549718,0.978319457,-58.65917057,1786.383792,198.022714,5228,0.766119578,204.4261627,198.5386353,142.8209686
34095,B-20-2-14_masks.tif,19,6895,646.8111832,248.0114155,38.46479097,6.447751546,0.987899902,-59.56758344,1887.587092,250.6777375,6076,0.881218274,208.3327789,203.7047424,154.0552979
34096,B-20-2-14_masks.tif,20,16911,1057.379726,383.6637264,57.16620505,6.711373024,0.988837074,39.16818001,3900.519366,343.4828218,8022,0.474365797,185.8612518,182.644104,137.3274689
34097,B-20-2-14_masks.tif,21,19832,1275.379726,486.3123987,55.50792476,8.761134572,0.993464621,-59.8463544,5229.15001,306.2265026,6119,0.308541751,198.217514,192.6177521,132.5654449
34098,B-20-2-14_masks.tif,22,12408,832.8528137,299.2014033,54.60253796,5.479624472,0.983206919,33.85171071,3351.133623,318.5340909,7530,0.606866538,186.1548462,182.7745056,136.7691956
34099,B-20-2-14_masks.tif,23,7749,594.6690476,233.0388253,43.82913484,5.31698438,0.982154375,-64.28926014,3522.077816,246.8415279,6658,0.85920764,202.9399261,196.2108765,142.9484863
34100,B-20-2-14_masks.tif,24,8254,599.5979797,227.2470581,48.36476402,4.698607813,0.977089462,21.07191768,3250.225224,295.7155319,6565,0.795371941,195.4560547,188.5951233,146.8531647
34101,B-20-2-14_masks.tif,25,8004,555.5979797,219.3318855,48.42600865,4.529216666,0.975321658,22.09846492,3209.631434,307.1734133,7319,0.914417791,205.4183655,199.45047,153.4447327
34102,B-20-2-14_masks.tif,26,8427,564.0832611,209.2054531,53.5948355,3.90346292,0.966628357,-26.46700716,3596.433132,328.0850837,6599,0.783078201,207.3389893,201.5722046,154.6843414
34103,B-20-2-14_masks.tif,27,6813,496.0416306,208.5054629,42.36180808,4.922015192,0.979143724,8.96315804,3131.959636,383.2671364,5712,0.838397182,206.4639282,199.9273529,159.237915
34104,B-20-2-14_masks.tif,28,7005,464.627417,181.9742324,51.53566871,3.53103466,0.959059955,8.34827554,3170.928908,375.552748,5979,0.853533191,202.4795074,195.9943085,150.7328949
34105,B-20-2-14_masks.tif,29,11207,783.254834,320.9154518,47.22314897,6.795723259,0.989113984,-75.18507634,5238.785491,364.7961096,6070,0.54162577,203.4153137,200.1187744,153.5319672
34106,B-20-2-14_masks.tif,30,7395,513.5979797,178.8950092,54.43037406,3.286676093,0.952589421,-64.5404558,3660.197431,384.3891819,6009,0.812576065,204.8280945,197.9026489,152.1760712
34107,B-20-2-14_masks.tif,31,13128,847.9238816,302.1470599,59.86539126,5.047107411,0.980175086,46.0105073,3443.056597,494.9115631,8519,0.648918342,197.4201202,191.860199,148.1754913
34108,B-20-2-14_masks.tif,32,5017,412.627417,155.0174236,45.02984969,3.442548103,0.956880303,-83.52822856,2080.761013,409.1486944,3548,0.707195535,191.4794312,184.9067078,130.2567596
34109,B-20-2-14_masks.tif,33,12426,609.0121933,214.2607153,75.43922363,2.840176569,0.935965853,-74.36000201,3687.961371,441.4691775,6392,0.514405279,205.2007141,197.5733795,141.7572021
34110,B-20-2-14_masks.tif,34,8454,562.2842712,218.7441395,53.86589779,4.060902137,0.969206166,-81.67518084,1947.267447,443.5177431,3850,0.455405725,209.3727264,205.5386963,143.4109039
34111,B-20-2-14_masks.tif,35,17039,939.3969696,361.4154487,61.51095779,5.87562707,0.985410472,17.95591395,5380.439462,584.1755385,7804,0.458008099,195.8240662,194.3855743,140.290741
34112,B-20-2-14_masks.tif,36,19116,1152.693434,412.2670083,64.25572906,6.416035026,0.987779235,47.31024368,3366.49571,590.1640511,10671,0.558223478,198.479248,190.2465515,149.3717499
34113,B-20-2-14_masks.tif,37,17309,1331.137085,491.8768473,53.91103555,9.123861976,0.993975476,26.70449691,2211.906407,651.0588133,10982,0.634467618,190.391098,186.032959,147.0453491
34114,B-20-2-14_masks.tif,38,14069,992.6518036,338.8154488,57.67027866,5.875044419,0.985407556,45.3268985,3421.881868,573.4129647,8410,0.597768143,200.6745605,192.3410187,156.1254425
34115,B-20-2-14_masks.tif,39,1442,263.0710678,119.1631082,16.39942512,7.266297893,0.99048487,-2.815443809,5431.441054,535.9049931,0,0,,,
34116,B-20-2-14_masks.tif,40,19211,994.5685425,408.4952102,67.6488679,6.03846336,0.986192156,-12.8129144,4913.608089,708.4864401,7464,0.388527406,200.3946991,195.2086029,149.4796295
34117,B-20-2-14_masks.tif,41,16210,1280.592929,471.5196896,45.32779174,10.40244123,0.995368664,36.44398203,1306.285935,730.584269,0,0,,,
34118,B-20-2-14_masks.tif,42,15512,1145.137085,428.37593,50.64363862,8.45863255,0.99298714,35.80813731,1275.378352,756.856885,0,0,,,
34119,B-20-2-14_masks.tif,43,7496,528.0416306,206.7028484,52.3788988,3.946300001,0.967361084,88.49921077,83.02454642,620.5040021,6471,0.863260406,198.1724548,193.9587402,151.7114868
34120,B-20-2-14_masks.tif,44,14270,894.7523087,320.5512568,57.99999457,5.526746324,0.983494452,51.22587701,321.6379818,719.0926419,8233,0.576944639,184.2357635,180.6590576,137.3731384
34121,B-20-2-14_masks.tif,45,4677,393.5563492,156.5801808,40.22349416,3.892754324,0.966441308,-80.94466389,67.44002566,666.5202053,4380,0.936497755,195.9945221,193.3123322,145.0212402
34122,B-20-2-14_masks.tif,46,11450,798.2253967,311.2515241,50.42776004,6.17222585,0.986788114,-23.0267442,4364.465415,794.9875109,3699,0.323056769,206.6171875,199.0513611,146.3417206
34123,B-20-2-14_masks.tif,47,9599,711.9827561,259.2599868,50.12674135,5.172089385,0.981130742,-27.42112001,4244.593187,764.9634337,7302,0.76070424,210.5410919,206.0512238,158.3457947
34124,B-20-2-14_masks.tif,48,6559,491.0121933,177.6425652,48.98920572,3.626157285,0.961222495,-29.17616429,4339.488642,751.9399299,5382,0.820551913,210.4310608,202.820694,151.4305115
34125,B-20-2-14_masks.tif,49,6608,569.3969696,211.8200564,40.78245437,5.193901636,0.981290403,-37.36172688,1735.819007,852.7135291,5646,0.854418886,206.9567871,200.2003174,145.4169312
34126,B-20-2-14_masks.tif,50,10716,844.9533188,313.7297061,50.0513276,6.26815953,0.987192037,59.94460617,1227.93841,877.7578387,4255,0.397069802,191.1588745,186.867218,151.7729797
34127,B-20-2-14_masks.tif,51,4571,344.2842712,113.5081063,52.2764878,2.171303221,0.887632257,-25.68297425,4282.965215,866.3134981,4365,0.954933275,215.0268097,205.4449005,154.2469635
34128,B-20-2-14_masks.tif,52,12593,961.0538239,367.6700713,46.14604895,7.967530909,0.992092431,17.74539422,3276.220916,1055.929405,5736,0.455491146,203.0284119,197.2886963,160.4473572
34129,B-20-2-14_masks.tif,53,15313,895.9827561,345.2752841,66.5038937,5.191805546,0.981275149,16.21506978,3318.324691,1037.159081,7923,0.517403513,201.5106659,197.1141052,149.4546204
34130,B-20-2-14_masks.tif,54,21113,1079.154329,460.1231587,71.90119111,6.39938159,0.987715151,78.91461017,5117.451854,921.2706389,9383,0.444418131,197.2167816,192.9753876,147.2335052
34131,B-20-2-14_masks.tif,55,17405,1112.568542,460.799058,69.87140666,6.594958939,0.988437175,85.74815274,4719.343637,923.0061477,13066,0.750703821,205.4528503,198.9903564,164.1445007
34132,B-20-2-14_masks.tif,56,13592,874.8528137,337.8222061,57.96950862,5.827584433,0.98516711,-59.17406365,298.9947028,982.5701883,8326,0.612566215,202.6165009,193.8887787,140.425415
34133,B-20-2-14_masks.tif,57,22505,1234.911688,559.8995571,55.69417991,10.05310713,0.995040388,80.8357802,4737.299311,1000.978671,9999,0.444301266,209.2147217,201.1826172,164.613266
34134,B-20-2-14_masks.tif,58,5048,464.6690476,152.7062522,45.73582941,3.33887576,0.954095669,-51.06373707,332.5271395,1005.919572,3472,0.687797147,196.5316772,190.4118652,135.1460266
34135,B-20-2-14_masks.tif,59,15744,1067.379726,394.0342838,52.889972,7.450075484,0.990950634,50.15637531,4220.786014,1087.545097,5256,0.333841463,193.223175,189.8270569,145.2878571
34136,B-20-2-14_masks.tif,60,9819,702.9116882,272.9269752,49.7739557,5.48332901,0.983229796,19.81341866,3244.603422,1086.33537,4238,0.43161218,201.6927795,192.9412384,149.5568695
34137,B-20-2-14_masks.tif,61,24667,1308.710678,492.0060543,78.82844894,6.24147831,0.987081581,80.87907968,4464.923096,1039.772733,9780,0.396481129,199.4866028,191.7686157,144.7418213
34138,B-20-2-14_masks.tif,62,18173,1072.325902,425.8652201,66.36007553,6.417491492,0.987784816,82.30429572,4743.552193,1050.746657,8402,0.462334232,208.8797913,198.6849518,143.8722992
34139,B-20-2-14_masks.tif,63,8066,615.4558441,222.7704273,51.06460193,4.362521567,0.97337341,87.96166162,1782.244607,1019.948178,5470,0.678155219,204.2277832,200.372757,151.2627106
34140,B-20-2-14_masks.tif,64,18668,1101.84062,461.2060827,54.83167647,8.41130734,0.992907721,6.805885833,858.1219734,1237.922166,7888,0.422541247,192.6214447,185.108139,138.6200562
34141,B-20-2-14_masks.tif,65,6914,575.254834,223.0546977,41.82252027,5.333363372,0.982264804,-24.83166019,2043.717096,1112.714492,5088,0.735898178,206.6014099,194.0241699,149.1990967
34142,B-20-2-14_masks.tif,66,5119,402.7695526,143.6011831,47.02667625,3.053611154,0.944857723,-56.38357687,233.6087126,1076.564759,4269,0.833951944,204.6561279,202.9477692,148.1248474
34143,B-20-2-14_masks.tif,67,7448,678.2253967,255.3775579,39.91540158,6.397970402,0.987709697,-29.61190096,2068.055451,1142.535177,2190,0.294038668,219.3835602,212.4885864,169.1639252
34144,B-20-2-14_masks.tif,68,16872,989.8406204,403.8743668,54.77576314,7.373231219,0.990760141,-83.41904885,1812.62097,1076.969891,7467,0.442567568,199.1202698,190.845993,137.1532135
34145,B-20-2-14_masks.tif,69,16276,985.4386002,373.4326568,56.99090646,6.552495476,0.988285933,63.87053503,4463.788953,1129.201831,7288,0.447775866,197.9740601,194.7366943,147.7124023
34146,B-20-2-14_masks.tif,70,17008,916.4264069,372.6587653,62.83215004,5.931020427,0.98568369,81.20739266,4617.580668,1120.476364,9101,0.535101129,202.0831757,196.4789581,152.8026581
34147,B-20-2-14_masks.tif,71,11171,897.7817459,342.0502484,55.55837596,6.156591917,0.986720476,-64.5942271,586.4414108,1232.235162,4978,0.445618118,190.9568024,185.5295258,122.9499817
34148,B-20-2-14_masks.tif,72,4437,369.5563492,148.7088931,38.67442538,3.845148096,0.965590302,1.091062532,2673.924273,1218.609195,3950,0.890241154,198.6073456,192.6536713,144.4655762
34149,B-20-2-14_masks.tif,73,14805,970.7695526,396.2559477,50.25232989,7.885324891,0.991926021,84.66225065,233.8004053,1184.805268,6590,0.445119892,186.6125946,184.2866516,133.6358185
34150,B-20-2-14_masks.tif,74,3751,386.5269119,141.5037195,34.81651211,4.064270398,0.969257995,-31.66277078,2766.432951,1230.21301,3484,0.928818982,205.4018402,198.0574036,142.4816284
34151,B-20-2-14_masks.tif,75,8507,767.0121933,280.2877858,42.11449337,6.655375938,0.988647355,-14.20979961,4634.873163,1386.668273,5889,0.692253438,207.0402374,200.2878265,158.0149384
34152,B-20-2-14_masks.tif,76,9769,686.4264069,266.3933629,49.66212527,5.364115238,0.982469378,-78.10321304,384.2132255,1314.644488,4224,0.432388167,203.4824829,200.4372559,126.414299
34153,B-20-2-14_masks.tif,77,13375,742.7695526,303.9445921,57.86821973,5.252357746,0.981708402,10.31106109,3852.177944,1426.474019,6177,0.461831776,193.5787659,189.2528687,146.0100403
34154,B-20-2-14_masks.tif,78,7285,580.1837662,215.8112697,45.57705834,4.735085535,0.977445152,-15.15989086,4665.430885,1417.299931,6191,0.849828415,205.7459259,199.9599457,160.6165466
34155,B-20-2-14_masks.tif,79,14296,943.7817459,336.5926196,58.49291731,5.75441669,0.984784578,-25.37119771,663.8228176,1484.797426,6188,0.432848349,197.7289886,188.8377533,129.6950531
34156,B-20-2-14_masks.tif,80,11287,668.5269119,267.6080659,55.60099857,4.813008269,0.978177651,-8.980362497,782.326659,1476.956233,5591,0.495348631,196.1636505,186.4805908,145.2802734
34157,B-20-2-14_masks.tif,81,9762,604.2842712,242.4002431,53.50439312,4.530473649,0.975335523,-7.044372403,829.7234173,1475.050502,7492,0.767465683,204.4843903,198.4415436,153.0653992
34158,B-20-2-14_masks.tif,82,5209,447.0121933,168.1699014,40.72083682,4.129824298,0.970241058,-51.95015783,2700.61125,1439.634287,5179,0.994240737,207.6785126,199.3014069,139.6321716
34159,B-20-2-14_masks.tif,83,3965,359.6984848,119.5192856,44.43133979,2.689977079,0.928332729,-50.94853994,2783.828752,1447.433291,3935,0.992433796,200.432785,193.6963196,129.8947906
34160,B-20-2-14_masks.tif,84,4274,311.4558441,96.48991103,57.84321031,1.668128558,0.800394095,-54.25695206,2705.408985,1492.259008,3750,0.877398222,211.2487946,203.3138733,142.6927948
34161,B-20-2-14_masks.tif,85,7626,698.0832611,260.9803339,43.03093348,6.064947069,0.986313317,68.45342618,2732.856937,1608.93732,7134,0.935483871,200.2914276,196.7689972,163.4744873
34162,B-20-2-14_masks.tif,86,10953,741.6396103,280.9014288,52.46899983,5.353664635,0.982400257,-27.38479693,795.4014425,1708.18762,8332,0.76070483,204.3370209,195.9320679,135.8457794
34163,B-20-2-14_masks.tif,87,8702,519.4558441,201.0959499,55.9184343,3.596237133,0.960561268,80.82329416,1599.700644,1630.425419,6383,0.733509538,197.1712341,192.0737915,146.8130951
34164,B-20-2-14_masks.tif,88,13956,966.4091629,338.4793333,54.61412145,6.197652261,0.986897015,38.07554813,2685.358699,1771.34315,9750,0.698624248,196.7156982,189.4824677,145.7854309
34165,B-20-2-14_masks.tif,89,10759,754.5685425,283.3021673,49.71564275,5.698451264,0.984481877,66.47113022,4579.202156,1691.202993,7193,0.668556557,198.7872925,192.5658264,158.1046906
34166,B-20-2-14_masks.tif,90,11304,859.882251,304.0776187,50.85436485,5.979380917,0.985915978,68.52023271,1607.734519,1697.132077,6338,0.560686483,196.0143585,191.7141113,150.6165924
34167,B-20-2-14_masks.tif,91,13898,969.5807358,348.0567871,53.21120447,6.541043199,0.988244634,51.83973961,2574.92409,1763.461721,8200,0.590012952,196.5945129,190.2376862,142.3256073
34168,B-20-2-14_masks.tif,92,9699,637.7401154,232.2690778,54.91893287,4.229307921,0.9716448,-26.79032992,660.9232911,1749.478606,6537,0.673987009,202.8288269,193.4650421,144.5825348
34169,B-20-2-14_masks.tif,93,7742,593.6984848,238.5592502,42.8227191,5.570857133,0.983756953,78.21934108,2759.73069,1697.12542,6215,0.802764144,202.2481079,196.5488281,159.5144043
34170,B-20-2-14_masks.tif,94,9109,594.3259018,211.8541298,56.54704315,3.746511187,0.963720077,-27.75199724,710.7394884,1761.178615,8411,0.923372489,208.3311157,201.3899689,155.7487793
34171,B-20-2-14_masks.tif,95,10540,713.4974747,279.2341507,50.21745089,5.560500298,0.983695887,69.91715723,4547.45759,1728.356262,6881,0.6528463,199.7109375,192.8138428,156.0223846
34172,B-20-2-14_masks.tif,96,9765,810.8111832,316.0574074,42.09117492,7.508875862,0.991092441,22.60957347,2512.150947,1819.039119,4692,0.480491551,191.5315399,186.2014008,153.7457428
34173,B-20-2-14_masks.tif,97,16128,805.8406204,317.6381021,65.70630402,4.834210458,0.978370763,13.85354564,1578.116691,1861.035094,7354,0.455977183,192.6528473,183.7684326,132.865509
34174,B-20-2-14_masks.tif,98,8072,607.4974747,227.1407024,47.54298143,4.777586418,0.977849184,-67.43941326,2948.056492,1771.809217,6020,0.745787909,209.4478455,202.2234192,154.108963
34175,B-20-2-14_masks.tif,99,5665,568.1837662,219.1454541,35.23357063,6.219791245,0.986990742,-70.48351433,2964.466196,1802.485084,3321,0.586231244,210.5088806,203.0668488,164.2643738
34176,B-20-2-14_masks.tif,100,5935,445.8406204,161.9250607,47.3679359,3.418452959,0.95625635,-42.77682305,3656.625105,1831.323505,4977,0.838584667,208.6210632,203.1135254,156.8207703
34177,B-20-2-14_masks.tif,101,5384,452.0832611,157.2702915,46.77557892,3.362230786,0.95474625,-34.42800809,3683.531389,1875.59974,4560,0.846953938,207.4543915,200.5888214,153.6304779
34178,B-20-2-14_masks.tif,102,10854,852.509668,307.5626029,50.02461793,6.148224926,0.986684064,47.80960328,2757.896075,1957.637645,6603,0.608347153,200.9106445,194.7914581,157.9759216
34179,B-20-2-14_masks.tif,103,5035,550.2842712,222.6927079,30.40852117,7.323365272,0.990633284,78.5566273,616.5424032,1904.08719,3163,0.628202582,203.5950012,201.6809998,175.1033783
34180,B-20-2-14_masks.tif,104,10100,916.4091629,317.1781763,44.74952907,7.087855067,0.989997286,41.17286736,2717.284752,1993.418317,6693,0.662673267,201.0292816,194.2843323,160.1095123
34181,B-20-2-14_masks.tif,105,5978,480.4264069,180.3634061,43.832165,4.114864189,0.970020931,-58.36322365,4722.844764,1960.15808,5117,0.855971897,205.5532532,200.5984039,151.19133
34182,B-20-2-14_masks.tif,106,7640,518.627417,213.4213434,46.44908299,4.594737499,0.976029049,-89.22559882,675.3763089,1963.826963,5285,0.691753927,196.3606415,191.3437958,149.0285645
34183,B-20-2-14_masks.tif,107,16645,1131.965512,383.9277754,64.96553844,5.90971436,0.985579519,-50.38605137,4699.749594,2074.397837,6386,0.383658756,207.5184784,196.459137,131.031311
34184,B-20-2-14_masks.tif,108,13244,812.6101731,271.9723964,67.25961816,4.04362088,0.968938168,-47.92693437,4753.1492,2106.376699,9038,0.682422229,207.2042542,195.6910858,135.4169006
34185,B-20-2-14_masks.tif,109,11569,711.9411255,287.2778019,52.55414877,5.466320141,0.983124373,77.89272527,759.3717694,2044.831965,6894,0.595902844,192.8033142,189.4081879,137.2483368
34186,B-20-2-14_masks.tif,110,4832,345.4558441,118.0814357,53.40279357,2.211147166,0.89188922,-21.6141533,4897.034768,2067.679015,3300,0.68294702,200.9796906,194.4212189,150.1590881
34187,B-20-2-14_masks.tif,111,4862,344.8700577,113.5301674,55.91417636,2.030436194,0.870309608,-19.66599137,4943.373303,2078.970588,3156,0.64911559,203.8830872,197.4882813,147.1435394
34188,B-20-2-14_masks.tif,112,3825,302.627417,97.54458281,51.65960415,1.888217775,0.848247555,-47.06069737,4996.49281,2106.387974,2989,0.781437908,196.4452972,189.0685883,144.0073547
34189,B-20-2-14_masks.tif,113,7041,410.2842712,135.7560105,66.81232439,2.031900727,0.870510396,10.50940472,5036.24613,2187.758415,5683,0.807129669,193.4472961,185.6836243,127.8961792
34190,B-20-2-14_masks.tif,114,9448,685.882251,243.4722238,51.44888569,4.732312869,0.977418409,49.42221754,147.377011,2202.090495,7754,0.820702794,191.3618774,183.3741302,138.9471283
34191,B-20-2-14_masks.tif,115,7327,553.8406204,208.8295764,46.9464516,4.448250492,0.9744032,-63.93032858,3938.246759,2181.149857,6501,0.887266275,208.1085968,201.1072083,154.684967
34192,B-20-2-14_masks.tif,116,9151,618.0832611,231.5483189,52.11989214,4.442609325,0.974337297,-25.52800999,935.6738061,2259.97727,7272,0.794667249,204.2442169,197.731842,141.1331177
34193,B-20-2-14_masks.tif,117,6075,356.0416306,118.7432766,65.69258108,1.80755992,0.833027219,15.07748607,4972.342058,2204.502387,5280,0.869135802,197.3138275,187.998291,130.2681885
34194,B-20-2-14_masks.tif,118,10708,752.3675324,255.2610384,55.22705598,4.622028712,0.976314715,49.88223045,124.3709376,2252.974879,4611,0.430612626,192.8935089,185.2014771,142.3988342
34195,B-20-2-14_masks.tif,119,4792,468.7695526,167.722955,40.51237798,4.140042215,0.97039001,-60.03458887,3963.257721,2225.7452,4093,0.854131886,205.0679169,193.4720306,140.6120148
34196,B-20-2-14_masks.tif,120,9494,647.1543289,245.8703137,52.94392267,4.643976142,0.976540742,-60.49771918,3993.06878,2250.126606,3711,0.39087845,218.1212616,207.2923737,164.4343872
34197,B-20-2-14_masks.tif,121,16022,1112.551299,397.6072182,60.87366763,6.53167837,0.9882107,45.80308087,4575.320996,2314.723068,9814,0.612532767,196.4299011,190.9178772,148.5451355
34198,B-20-2-14_masks.tif,122,7671,558.7695526,214.0382862,47.64739294,4.492130062,0.974907227,72.18422966,4843.333985,2227.8377,6961,0.907443619,197.37883,192.6680145,141.0050354
34199,B-20-2-14_masks.tif,123,13831,921.2375901,335.2125261,53.89488203,6.219746911,0.986990555,44.31091142,1348.076929,2312.632131,6040,0.436700166,193.6326141,189.2943726,152.5011597
34200,B-20-2-14_masks.tif,124,8309,648.5269119,254.5403628,45.03571574,5.651966637,0.984223516,-82.92785029,3618.323866,2269.162835,6389,0.768925262,191.6434479,182.8765106,128.7484741
34201,B-20-2-14_masks.tif,125,13467,836.6690476,343.7128331,53.31034956,6.447394098,0.987898552,-74.6798357,4176.024727,2290.991609,8439,0.626642905,204.0862732,195.2655487,145.5433044
34202,B-20-2-14_masks.tif,126,9495,654.8111832,243.3094073,51.13455295,4.758219115,0.977666433,-57.00334578,3020.840548,2319.445708,5903,0.621695629,208.8616028,201.0445557,146.5803833
34203,B-20-2-14_masks.tif,127,8391,524.1837662,194.68837,56.78983887,3.428225433,0.956511047,-66.6041499,3984.950781,2310.044691,7258,0.864974377,208.199646,197.6087036,151.7179718
34204,B-20-2-14_masks.tif,128,6389,529.7401154,202.0840156,41.48653228,4.871075128,0.978700457,-45.62703405,4773.358585,2346.60119,5645,0.883549851,207.6992035,203.6749268,158.7085876
34205,B-20-2-14_masks.tif,129,9646,690.2253967,263.5207286,47.60425557,5.535654858,0.983547978,-31.35828119,913.1885756,2403.609372,7850,0.813808833,208.5410156,202.6937561,137.9169464
34206,B-20-2-14_masks.tif,130,9606,715.1959595,253.0019455,49.79520859,5.080849195,0.980440143,44.33327281,5023.174682,2390.36446,7956,0.828232355,199.7134247,195.0757904,158.2464752
34207,B-20-2-14_masks.tif,131,11650,750.7106781,276.0737284,56.98588011,4.844598835,0.978464443,58.07932927,3615.387983,2379.035708,6556,0.562746781,194.1037292,184.661377,128.5932007
34208,B-20-2-14_masks.tif,132,5906,580.2253967,223.7126146,36.5728084,6.116911018,0.986546448,-47.27661384,1017.32086,2392.043515,5358,0.907213004,206.704361,202.1420288,153.4093018
34209,B-20-2-14_masks.tif,133,5832,517.7401154,197.5920607,40.05703998,4.932767394,0.979235511,-42.13021455,4775.082647,2396.46845,5044,0.864883402,209.3118591,202.3931427,148.1546326
34210,B-20-2-14_masks.tif,134,6713,632.4680374,236.5295011,38.19224343,6.193129281,0.986877742,47.68209225,4983.475048,2415.279309,5761,0.85818561,199.7597656,197.7814636,164.9328308
34211,B-20-2-14_masks.tif,135,8004,633.6396103,248.9069497,44.5410859,5.588255083,0.983858763,-41.87375655,1025.894053,2452.904798,7184,0.897551224,209.1790161,202.7254944,146.756958
34212,B-20-2-14_masks.tif,136,11164,729.0121933,298.3464298,54.54226523,5.470004382,0.983147293,78.09744706,4188.034575,2425.915711,5502,0.49283411,195.7519073,185.3747711,129.5041809
34213,B-20-2-14_masks.tif,137,9063,788.2670273,296.9841632,41.73395484,7.116127965,0.990077008,-41.5290955,1101.193424,2502.570782,6291,0.694141013,210.0240021,200.6812897,149.4592285
34214,B-20-2-14_masks.tif,138,5186,576.4680374,228.9591232,31.25941412,7.324485426,0.990636162,-41.36523089,1077.625337,2484.068646,3722,0.717701504,211.4637299,200.7071533,148.6891479
34215,B-20-2-14_masks.tif,139,6315,466.627417,186.9884031,45.54652716,4.105437117,0.969880954,-79.93442612,79.01425178,2446.124941,4998,0.791448931,201.002594,197.9001617,151.5007935
34216,B-20-2-14_masks.tif,140,6008,494.5269119,200.0066659,39.58272424,5.052877733,0.980220796,69.55139528,4123.943908,2463.651798,3608,0.600532623,196.8780518,190.2610931,154.3733368
34217,B-20-2-14_masks.tif,141,17116,1020.651804,358.8816662,64.07968415,5.600552983,0.983930151,50.08995036,5303.102536,2542.572272,10985,0.641797149,196.4416046,187.6348724,140.8961334
34218,B-20-2-14_masks.tif,142,11470,767.1959595,273.9607697,55.16818039,4.965919987,0.979514724,-46.71925912,1142.493723,2529.403749,4486,0.391107236,206.3103027,200.6656189,152.2779694
34219,B-20-2-14_masks.tif,143,10676,766.2253967,293.3802741,46.97591865,6.245333407,0.987097629,-25.76115415,4874.881604,2562.849756,7895,0.739509179,204.1855621,201.4186249,157.3394623
34220,B-20-2-14_masks.tif,144,9619,541.4558441,212.9508541,58.69334289,3.628194333,0.961266903,-85.70930438,3893.294105,2464.126313,6678,0.694250962,200.6233978,190.8366241,145.3631287
34221,B-20-2-14_masks.tif,145,8634,634.7695526,252.824338,48.80425965,5.180374414,0.981191628,-12.72018345,4764.490734,2568.761987,5460,0.6323836,194.099823,188.1507263,142.1732635
34222,B-20-2-14_masks.tif,146,14208,944.3675324,333.7556416,57.0481762,5.850417381,0.985283526,65.28435938,3585.771396,2568.261684,11012,0.775056306,199.8062134,192.5149841,146.1292267
34223,B-20-2-14_masks.tif,147,9915,687.0121933,262.0541055,57.72020514,4.540075783,0.975441054,-77.45207099,3902.740091,2536.445083,8551,0.862430661,206.5252075,201.3612518,161.2576294
34224,B-20-2-14_masks.tif,148,13598,895.3380951,327.2352888,55.52104417,5.893896516,0.985501443,51.98630168,5294.336667,2599.920503,9773,0.718708634,201.1407928,194.4806061,156.7608643
34225,B-20-2-14_masks.tif,149,4975,421.6984848,161.1188305,40.25376708,4.0025777,0.968287393,-26.02014142,37.33326633,2586.870754,4375,0.879396985,198.3718872,190.2226257,138.5355377
34226,B-20-2-14_masks.tif,150,9494,585.7989899,260.2098153,49.65674858,5.240170223,0.981622421,-86.76072115,2286.828734,2547.173899,7078,0.745523489,198.2979584,192.4699097,152.9253998
34227,B-20-2-14_masks.tif,151,5376,390.3847763,154.1839419,45.29983474,3.403631445,0.955865734,87.57970465,3938.526786,2589.734561,5134,0.954985119,202.3702698,194.2999573,156.793335
34228,B-20-2-14_masks.tif,152,3096,281.2132034,94.45014024,43.72737358,2.159977435,0.886375099,72.36391943,4283.43863,2591.29522,2514,0.812015504,188.4196472,182.3468628,135.9120941
34229,B-20-2-14_masks.tif,153,11648,824.3675324,300.190128,50.70232251,5.920638604,0.985633073,60.23861563,3638.182177,2654.177026,10043,0.862208104,202.1392059,195.8488464,150.8955536
34230,B-20-2-14_masks.tif,154,11092,737.4558441,305.9314852,49.16312582,6.22278344,0.987003332,-86.34846316,2265.917238,2615.816805,9236,0.832672196,200.6856842,195.655365,157.4429474
34231,B-20-2-14_masks.tif,155,14382,992.2253967,407.3343029,50.87753707,8.006171808,0.992168877,16.39148756,2044.772424,2775.547768,9055,0.629606453,207.0718994,202.8314819,175.776474
34232,B-20-2-14_masks.tif,156,6457,431.2132034,173.2232237,49.05667003,3.531084022,0.959061124,-89.96533542,3923.3895,2632.216199,5631,0.872076816,203.7400055,195.0703278,159.2049408
34233,B-20-2-14_masks.tif,157,15605,1030.710678,393.3648758,51.47642811,7.641650562,0.991400623,17.73910059,2009.341173,2809.944505,6780,0.434476129,196.9324493,188.504425,153.1277313
34234,B-20-2-14_masks.tif,158,17090,1032.994949,391.0428105,59.12498228,6.613833873,0.988503462,31.64748122,5310.32598,2770.121182,8017,0.46910474,201.94487,194.5984802,153.8695221
34235,B-20-2-14_masks.tif,159,12142,895.6812409,337.9400047,46.96220666,7.195999266,0.990297138,33.02298623,5253.736287,2763.404629,6331,0.521413276,195.28479,188.8469391,146.3258514
34236,B-20-2-14_masks.tif,160,2825,272.9705627,99.56188209,37.17303548,2.678336079,0.927684066,76.59391962,4274.371681,2651.015929,2705,0.957522124,190.7741241,184.5752258,140.3182983
34237,B-20-2-14_masks.tif,161,10448,709.9827561,251.4888297,56.37886678,4.460693236,0.974547663,27.83527926,4249.827718,2745.00067,9051,0.866290199,195.0756836,188.7848816,139.7288666
34238,B-20-2-14_masks.tif,162,11017,686.1837662,268.038127,55.38983854,4.83912093,0.978415121,-81.64427041,3363.035309,2678.022238,7777,0.70590905,205.0182648,197.3446045,147.8602295
34239,B-20-2-14_masks.tif,163,10835,647.7401154,239.9556229,59.44601509,4.036529994,0.968827184,27.57947613,4202.729026,2766.613659,9905,0.914167051,208.897522,200.3295288,160.6447296
34240,B-20-2-14_masks.tif,164,7602,509.7989899,209.9663838,47.34766502,4.434566809,0.974242897,-87.61082891,3424.913049,2722.6789,4187,0.550776112,214.9407654,209.4566498,171.7317963
34241,B-20-2-14_masks.tif,165,8195,611.6396103,223.4307646,47.74511094,4.67965746,0.976901335,50.87212167,4006.543014,2772.680415,7727,0.942892007,195.3746643,189.393692,153.4871216
34242,B-20-2-14_masks.tif,166,11711,715.2132034,307.9893042,49.88730529,6.173700953,0.986794469,3.273908632,3676.884638,2870.584579,7146,0.610195543,195.6017303,189.0800476,143.6332245
34243,B-20-2-14_masks.tif,167,4929,427.5979797,157.816919,40.6937514,3.878160984,0.966183846,36.00091371,4160.075066,2792.588558,4778,0.969364983,204.2526093,195.7961426,163.9976959
34244,B-20-2-14_masks.tif,168,5820,528.3259018,174.7248099,44.60844018,3.916855403,0.96686008,37.13882705,3925.631443,2814.015808,5382,0.924742268,198.1270905,190.3769989,157.1768799
34245,B-20-2-14_masks.tif,169,4608,394.1837662,143.5427577,42.49851426,3.377594727,0.955166655,49.49738015,3961.498698,2788.577474,4276,0.927951389,200.7722168,192.1330719,158.7511749
34246,B-20-2-14_masks.tif,170,3352,322.2842712,111.0263299,39.9401231,2.779819421,0.933054286,31.27712213,3854.920048,2794.447792,3201,0.954952267,193.4176788,189.6179352,148.3739471
34247,B-20-2-14_masks.tif,171,6756,539.7401154,191.4768179,47.56156745,4.025872741,0.968659252,37.28119987,4128.768354,2822.144908,6453,0.955150977,204.608551,199.5705872,170.7590332
34248,B-20-2-14_masks.tif,172,5999,467.8406204,165.0168574,47.86078171,3.447851279,0.957015823,43.84308697,3260.208535,2823.856476,4867,0.811301884,195.4898224,188.523941,149.8705597
34249,B-20-2-14_masks.tif,173,8512,665.5979797,253.718305,44.44237685,5.708927447,0.984539225,15.72900185,3783.001292,2891.865014,7703,0.904957707,202.8070831,199.2834015,169.927948
34250,B-20-2-14_masks.tif,174,5633,520.9116882,184.072337,42.34345868,4.347125688,0.97318187,40.43966241,3232.38381,2849.028227,3603,0.639623646,205.4557343,196.9186859,165.7912903
34251,B-20-2-14_masks.tif,175,5405,429.4558441,171.064819,41.53172457,4.118895153,0.970080484,-75.71510783,4503.39926,2802.684921,5155,0.953746531,197.1227875,188.6865234,146.0556793
34252,B-20-2-14_masks.tif,176,8232,675.8406204,253.9649378,45.7225079,5.554483984,0.983660255,15.25570812,3752.635569,2926.097546,6355,0.771987366,200.1886749,194.0575867,164.256485
34253,B-20-2-14_masks.tif,177,5584,400.0416306,153.0229113,47.36877488,3.230459553,0.950882034,-76.25638763,4516.687321,2849.620881,5115,0.916010029,205.0109558,198.7485809,151.8684235
34254,B-20-2-14_masks.tif,178,10250,827.882251,314.7367273,45.5243983,6.913583465,0.989483938,-65.31998659,4567.230049,2906.197073,8717,0.850439024,203.828949,194.7310944,150.9414978
34255,B-20-2-14_masks.tif,179,6398,449.3553391,166.9467887,49.81878582,3.351081043,0.954437413,-26.39826448,502.7952485,2904.022507,4887,0.763832448,204.2261047,197.8825531,145.0491028
34256,B-20-2-14_masks.tif,180,3759,329.1126984,107.4548807,46.15504525,2.328128597,0.903052809,36.40774637,3914.15004,2873.512902,3649,0.970736898,197.2463684,191.0331573,152.1000214
34257,B-20-2-14_masks.tif,181,12481,795.2964646,295.3457712,55.81163837,5.291831234,0.981982764,25.73738064,3872.863152,2965.91451,5930,0.475122186,198.3192291,191.7269745,142.1259766
34258,B-20-2-14_masks.tif,182,6010,508.6690476,188.5993793,42.72741768,4.414013052,0.973999255,59.07480927,3192.576539,2898.900998,5639,0.938269551,199.882431,193.5039825,162.7407379
34259,B-20-2-14_masks.tif,183,5361,458.4264069,170.5213304,41.23817017,4.135036294,0.970317177,54.19317753,3161.697631,2924.551763,4821,0.899272524,202.5704193,194.7558594,158.5623322
34260,B-20-2-14_masks.tif,184,3049,270.9705627,94.30911688,42.50072987,2.218999936,0.892698974,-68.5471587,4431.69039,2926.206953,2793,0.916038045,201.7844543,196.8592987,152.574295
34261,B-20-2-14_masks.tif,185,2556,240.1421356,81.82169908,40.74014707,2.008380062,0.867226569,-73.0288298,4358.542254,2951.126761,2495,0.976134585,200.5042114,194.8336639,140.5434875
34262,B-20-2-14_masks.tif,186,2465,248.9705627,90.64961323,36.05923765,2.5139082,0.917477794,-21.29749146,1098.843813,2973.221907,2369,0.961054767,201.0371399,193.8260803,143.1557617
34263,B-20-2-14_masks.tif,187,7090,545.3553391,213.8486052,43.32713645,4.935673639,0.979260216,70.36519945,3449.833286,2994.702116,5919,0.8348378,186.9727936,180.4000702,144.3926392
34264,B-20-2-14_masks.tif,188,5687,462.5269119,181.7342643,41.18913339,4.412189559,0.973977472,-22.44110747,1139.060665,3041.139265,4701,0.826622121,206.2069702,199.5396729,145.7798309
34265,B-20-2-14_masks.tif,189,7620,475.6984848,177.5034487,55.53593736,3.19619074,0.949795154,16.12350218,3080.397113,3068.2979,4293,0.563385827,194.6014404,188.2096405,139.4486389
34266,B-20-2-14_masks.tif,190,3619,304.3847763,108.7783173,43.44510779,2.503810505,0.91678058,-10.09124114,1075.280741,3060.40619,3146,0.869300912,202.5848694,197.2457123,148.6026764
34267,B-20-2-14_masks.tif,191,7305,458.3847763,184.9773823,51.6021424,3.584684156,0.960301385,0.718748468,3250.663518,3104.231622,6895,0.943874059,203.1855011,195.8548279,149.7833252
34268,B-20-2-14_masks.tif,192,7767,508.627417,213.5426189,48.3455448,4.417007188,0.974034963,-6.371134287,3151.724218,3124.336552,6936,0.893008884,204.9789429,199.2302551,158.8310242
34269,B-20-2-14_masks.tif,193,9971,923.5391052,348.8468435,41.18938652,8.469338171,0.99300492,67.50646186,4576.860195,3087.551901,9438,0.94654498,190.9443665,185.8132019,148.8883209
34270,B-20-2-14_masks.tif,194,10332,661.1126984,267.0308577,51.7892718,5.156103733,0.981012425,5.415568583,2805.786779,3164.148761,9741,0.942799071,205.8446808,200.719223,164.4094086
34271,B-20-2-14_masks.tif,195,4216,392.1421356,168.8196438,36.9966078,4.563111426,0.975691468,2.564322207,2744.572106,3129.22462,3702,0.878083491,201.6861115,198.0294495,158.7485199
34272,B-20-2-14_masks.tif,196,5737,528.3259018,208.1889887,38.09366783,5.465186224,0.983117309,-38.90041438,5372.48562,3143.327523,5542,0.96601011,190.4593964,185.6335297,133.3487854
34273,B-20-2-14_masks.tif,197,7587,550.5269119,217.3399769,49.64148661,4.378192349,0.97356626,-11.54639851,3200.766706,3179.863055,7325,0.965467247,202.3980865,195.170105,132.4727631
34274,B-20-2-14_masks.tif,198,6141,511.254834,186.16672,44.17965689,4.213856176,0.971433405,-34.56415211,3455.829018,3140.105357,5153,0.839114151,205.850769,199.0196075,156.3353424
34275,B-20-2-14_masks.tif,199,8795,498.0416306,200.8007279,56.73000002,3.539586248,0.959261733,5.73263917,2859.738715,3178.624559,7940,0.902785674,212.9141083,207.769516,162.8012543
34276,B-20-2-14_masks.tif,200,7107,568.1837662,216.7506989,49.04076918,4.419806265,0.974068278,-20.55099132,1656.867173,3203.091741,4279,0.602082454,205.6076202,200.6947937,150.3157349
34277,B-20-2-14_masks.tif,201,7391,408.0416306,144.753718,65.83309748,2.198798531,0.890596752,13.66589444,2918.087945,3160.454336,5653,0.764849141,198.4388885,189.3999634,132.7058258
34278,B-20-2-14_masks.tif,202,6838,548.9116882,212.6295088,43.40677227,4.898533056,0.978941131,-35.15573059,3485.5895,3163.151653,6447,0.942819538,210.4084015,204.2778015,170.7094727
34279,B-20-2-14_masks.tif,203,14658,1048.811183,404.5657643,60.52910084,6.68382247,0.988744333,-13.56904497,1707.063447,3311.247578,8799,0.600286533,201.8461151,195.5856323,149.797821
34280,B-20-2-14_masks.tif,204,10851,739.2964646,264.0749152,55.13871003,4.78928352,0.97795847,-35.24147577,3511.430467,3206.305317,10053,0.926458391,210.4578705,203.6483612,164.8245239
34281,B-20-2-14_masks.tif,205,10956,679.9411255,282.3750293,50.07011955,5.639591673,0.984153645,12.01440021,2991.187751,3247.945327,5775,0.527108434,205.8457184,199.0657959,150.7818146
34282,B-20-2-14_masks.tif,206,4615,343.4558441,109.3696682,55.58635734,1.967563148,0.861213768,-33.22405169,3295.121777,3181.902275,3911,0.847453954,206.137558,201.1876831,144.1761627
34283,B-20-2-14_masks.tif,207,8311,561.6984848,233.4438886,46.48049288,5.022405619,0.979977599,-16.98741244,3348.341355,3248.512092,7434,0.894477199,206.9044952,199.8727417,139.5349731
34284,B-20-2-14_masks.tif,208,10525,708.4680374,260.86725,52.23174094,4.994419969,0.979750259,-33.42476313,3547.743088,3253.666223,7530,0.71543943,210.2297516,203.4729156,152.1464844
34285,B-20-2-14_masks.tif,209,4902,401.7989899,167.2771138,40.31292477,4.149466078,0.970526392,13.72549543,3078.809262,3238.115259,4500,0.917992656,191.482666,183.7655487,139.6715546
34286,B-20-2-14_masks.tif,210,5300,378.0416306,135.2992618,51.65927327,2.619070173,0.924238815,14.24765448,2770.713962,3244.899245,4444,0.838490566,207.9963989,199.8557587,168.6381683
34287,B-20-2-14_masks.tif,211,9327,566.4264069,208.7946285,58.95156538,3.541799563,0.959313713,-16.15941991,424.5912941,3326.975126,7883,0.845180658,197.5759277,189.4532471,126.6772766
34288,B-20-2-14_masks.tif,212,2855,253.5563492,82.37889372,46.03124963,1.789629749,0.829319435,-21.14301745,3260.424518,3256.207005,2596,0.909281961,207.6667938,201.5755005,139.8775024
34289,B-20-2-14_masks.tif,213,1776,207.3137085,75.71572359,31.07473269,2.436568782,0.911899667,-83.29720066,4627.092905,3238.220158,1776,1,185.2550659,176.3203888,131.4510193
34290,B-20-2-14_masks.tif,214,9170,601.5979797,231.1608805,51.65445269,4.475139479,0.974713852,-20.8106698,2425.835987,3358.380371,8510,0.928026172,203.9914246,197.3318481,154.2719116
34291,B-20-2-14_masks.tif,215,1905,200.4852814,76.17131,32.62004965,2.335107114,0.903662253,-82.04932654,4614.952756,3282.165879,1905,1,199.9160156,192.2614136,137.416275
34292,B-20-2-14_masks.tif,216,9634,641.4558441,263.9971204,52.11198097,5.065958259,0.98032383,-5.637146779,1617.295827,3379.875026,4641,0.481731368,207.6873474,202.0945892,157.3667297
34293,B-20-2-14_masks.tif,217,5652,479.254834,177.4242151,41.46436114,4.278956922,0.972308316,-31.37151209,2523.356688,3349.123673,4556,0.806086341,207.928009,201.2484589,158.6514435
34294,B-20-2-14_masks.tif,218,8548,496.2842712,184.2907228,60.25893412,3.058313683,0.945032097,-11.29515374,3272.656996,3359.432616,7227,0.845460927,204.3182526,195.5392303,141.3646088
34295,B-20-2-14_masks.tif,219,5141,434.4264069,155.449953,43.44544261,3.578049702,0.960150971,-30.54191374,2479.602606,3350.608636,4814,0.936393698,210.7172852,205.1140442,164.7933044
34296,B-20-2-14_masks.tif,220,10283,655.9411255,274.2968638,49.39144149,5.553530237,0.983654596,-11.71451442,3153.22367,3422.818049,9590,0.932607216,207.8113708,200.9571381,154.1542206
34297,B-20-2-14_masks.tif,221,10781,692.9116882,262.9921441,56.19453863,4.680030311,0.976905059,22.82854399,2992.088489,3426.011038,8950,0.830164178,197.9388885,192.6474915,149.1573181
34298,B-20-2-14_masks.tif,222,7492,517.6984848,198.0979467,52.00466693,3.809234025,0.96492656,-12.85630939,3108.93393,3419.074479,6412,0.855846236,201.2328491,193.3025513,154.4606934
34299,B-20-2-14_masks.tif,223,5027,410.627417,145.8071628,46.6976322,3.122367366,0.947326369,76.81527395,4711.464293,3349.924806,4706,0.936144818,187.7624359,179.0917969,140.5465393
34300,B-20-2-14_masks.tif,224,10877,623.9827561,230.5145202,62.12600829,3.710435075,0.962997542,-33.27716876,3339.135883,3442.953756,8766,0.80592075,203.5802002,195.5582886,138.3977814
34301,B-20-2-14_masks.tif,225,9302,540.8700577,215.2953175,56.48941406,3.811250675,0.96496434,-7.69548406,3192.547839,3462.592668,8794,0.945388089,205.4275665,196.0397949,139.0951843
34302,B-20-2-14_masks.tif,226,5361,449.3553391,167.2997751,42.41520027,3.944335381,0.967328013,-26.49223007,1232.346764,3434.824473,4673,0.871665734,204.4367676,198.7774506,142.4874878
34303,B-20-2-14_masks.tif,227,5405,421.7989899,153.6627939,51.03835299,3.010731831,0.943228283,85.2803093,4571.043293,3387.505273,4340,0.802960222,199.429718,192.4714355,147.782486
34304,B-20-2-14_masks.tif,228,1606,227.7989899,80.3857487,28.81949542,2.789283696,0.933523972,-39.52096236,23.95890411,3399.970112,1066,0.663760897,206.0666046,206.7063751,159.4568481
34305,B-20-2-14_masks.tif,229,6598,410.9705627,158.8082469,54.73882728,2.90119929,0.938718393,89.09382382,4696.838891,3397.705972,5608,0.849954532,202.6932983,193.2020264,150.6713562
34306,B-20-2-14_masks.tif,230,5304,447.0121933,169.3964934,41.16132431,4.115428651,0.970029281,-33.42304065,1280.99736,3454.798643,4570,0.861613876,203.0914612,197.7719879,143.6420135
34307,B-20-2-14_masks.tif,231,3319,375.9411255,138.3892891,31.27857174,4.424412029,0.974122956,-33.02573215,37.13648689,3461.478156,2780,0.837601687,199.9910126,192.1338196,157.510437
34308,B-20-2-14_masks.tif,232,6153,469.5979797,171.4684658,48.04788639,3.568699452,0.95993752,-34.13157892,45.34162197,3510.590281,528,0.085811799,212.4488678,200.4640198,188.344696
34309,B-20-2-14_masks.tif,233,2557,282.1421356,116.047821,29.86682579,3.885509021,0.966313855,76.72032064,4543.154869,3479.5307,2387,0.933515839,182.9149628,176.6078796,137.8077087
34310,B-20-2-14_masks.tif,234,3963,357.7989899,136.8066812,40.06893954,3.414282554,0.956146971,-86.40261721,4678.673732,3487.418118,60,0.015140045,206.1833344,195.6999969,185.8333282
34311,B-20-2-14_masks.tif,235,3377,320.8700577,114.8519019,38.80706523,2.959561646,0.94118637,-29.65777914,73.09327806,3556.480012,2442,0.723127036,205.1593018,202.2137604,163.8300629
34312,B-20-2-14_masks.tif,236,8977,574.8700577,232.5667774,50.82317456,4.575998635,0.975829887,87.47723766,2450.048569,3539.559987,7157,0.797259664,194.5379333,188.9397736,146.7667999
34313,B-20-2-14_masks.tif,237,7618,605.4974747,234.628958,43.25828595,5.423907879,0.982857113,-64.21518134,2691.624311,3570.049357,6338,0.831976897,195.7068481,187.5490723,128.6257477
34314,B-20-2-14_masks.tif,238,2717,273.5563492,105.2948084,34.19676168,3.079087119,0.945792482,78.33128256,4695.617961,3535.680162,2560,0.942215679,186.6019592,178.9179688,142.1488342
34315,B-20-2-14_masks.tif,239,2866,325.5563492,140.8412517,28.46674049,4.947572124,0.9793609,76.52107452,4585.299023,3540.844731,2690,0.93859037,189.4453583,183.8910828,144.414505
34316,B-20-2-14_masks.tif,240,7671,532.0832611,196.8991394,51.03729303,3.857946371,0.965822257,55.82619931,4426.968713,3583.111719,7585,0.988788945,189.4707947,183.8245239,140.9607086
34317,B-20-2-14_masks.tif,241,3975,314.1421356,116.443534,47.91506699,2.430207059,0.911415371,-2.358890569,383.5428931,3601.917233,3559,0.895345912,197.1843262,191.621521,151.1126709
34318,B-20-2-14_masks.tif,242,2430,270.627417,98.61785843,32.15364815,3.06708147,0.94535499,37.98478235,4510.906584,3586.079012,2224,0.915226337,193.4815674,189.7329102,140.9874115
34319,B-20-2-14_masks.tif,243,2894,271.5563492,102.8230465,36.7805599,2.795581329,0.933833737,-19.40997756,323.2173462,3601.223566,2478,0.856254319,202.476593,194.769165,133.3793335
34320,B-20-2-14_masks.tif,244,5819,471.3553391,172.7823034,46.50853875,3.715066266,0.963091506,62.13265547,4376.519849,3605.890359,4637,0.796872315,193.8626251,184.9635468,152.416214
34321,B-20-2-14_masks.tif,245,2492,241.8994949,90.85182793,36.42717725,2.494067199,0.916099279,-9.795426187,260.3230337,3608.237159,2060,0.826645265,206.3970947,200.1048584,134.737381
34322,B-20-2-14_masks.tif,246,2407,298.2842712,108.4170245,30.47400278,3.557689002,0.959683947,51.41701856,4570.809722,3613.871624,2266,0.941420856,170.7546387,166.9355621,133.8534851
34323,B-20-2-14_masks.tif,247,3487,333.7989899,119.3776392,39.79838765,2.999559687,0.94279174,-67.41596655,1499.91454,3617.514196,3015,0.864640092,196.6271973,190.3051453,129.6414642
34324,B-20-2-14_masks.tif,248,1716,187.8994949,66.56974492,33.50665436,1.986761919,0.864093356,-66.40447556,1228.057692,3624.307692,1595,0.929487179,192.2162933,182.9642639,133.0282135
34325,B-20-2-14_masks.tif,249,1436,211.6568542,91.74701185,21.3131077,4.304722388,0.972643464,83.60031345,3214.27507,3632.899025,883,0.614902507,182.8357849,172.9331818,136.0656891
34326,B-20-2-15_masks.tif,1,7333,492.1837662,172.0013985,56.67241988,3.035010661,0.944159716,-27.4180713,854.9995909,66.74089731,5575,0.76026183,197.437851,188.7078094,136.0170441
34327,B-20-2-15_masks.tif,2,7297,640.6690476,243.0424774,43.67087431,5.565321996,0.98372436,70.33480673,1841.417432,37.90365904,3616,0.495546115,189.1944122,189.4211884,136.2151489
34328,B-20-2-15_masks.tif,3,2214,248.3847763,82.03520648,35.97899744,2.280085948,0.898692172,-6.336434154,128.5496838,42.14814815,2189,0.98870822,192.2658691,183.1735992,114.8675232
34329,B-20-2-15_masks.tif,4,7779,532.4264069,195.4927662,52.06879763,3.75450894,0.963877371,-27.2923483,901.9103998,83.16660239,7452,0.957963749,198.9991913,191.3140106,141.624939
34330,B-20-2-15_masks.tif,5,5039,518.6690476,186.4340698,41.03220952,4.543602989,0.975479649,-29.41166792,971.7737646,65.43322088,4681,0.928954158,198.6763458,189.2781525,118.7043381
34331,B-20-2-15_masks.tif,6,16474,879.4974747,337.013218,63.4155403,5.314363269,0.982136607,14.51979587,1770.783538,177.4499211,7181,0.435898992,185.7799683,176.7893066,121.2008057
34332,B-20-2-15_masks.tif,7,11055,841.0538239,323.2801651,46.17957511,7.000501073,0.989744794,22.36604281,2708.120488,144.2629579,5360,0.484848485,186.7970123,182.0912323,149.3492584
34333,B-20-2-15_masks.tif,8,13419,900.509668,300.5204844,59.32921793,5.065303317,0.98031869,52.37649109,2783.097623,97.48446233,8092,0.603025561,188.202179,182.1186371,130.2414703
34334,B-20-2-15_masks.tif,9,14336,814.3675324,293.6428028,64.07645502,4.582694263,0.975901335,36.707077,2890.64216,109.6419503,10535,0.734863281,193.1792145,187.2068329,140.0202179
34335,B-20-2-15_masks.tif,10,10390,701.4558441,282.3143649,49.07548608,5.752655499,0.984775188,84.52624929,3009.677863,28.91231954,4596,0.442348412,199.8764191,199.8959961,153.562439
34336,B-20-2-15_masks.tif,11,5165,398.8700577,142.6072544,47.50723022,3.001801068,0.942879728,71.20488938,4830.2788,34.4731849,1540,0.298160697,185.600647,175.5207825,151.9552002
34337,B-20-2-15_masks.tif,12,7211,599.5979797,229.2620555,42.65783913,5.374441372,0.982537276,70.747023,4756.64152,46.23491887,6133,0.850506171,193.8959656,192.2449036,145.4479065
34338,B-20-2-15_masks.tif,13,11863,756.3259018,301.605584,58.76262517,5.132609089,0.980836493,-70.6953235,3161.40816,92.5206946,2747,0.231560314,216.1660004,206.493988,161.0895538
34339,B-20-2-15_masks.tif,14,7247,617.8406204,239.2386933,39.24519868,6.095999037,0.986453352,-69.6475383,3157.049262,132.3511798,3367,0.464606044,201.9673309,200.3130341,154.3216553
34340,B-20-2-15_masks.tif,15,6745,509.4974747,177.9763724,48.89237014,3.640166591,0.961526355,-44.43725549,3854.022535,154.344848,5039,0.747071905,203.7042999,198.4967194,150.6215515
34341,B-20-2-15_masks.tif,16,5238,443.254834,157.2578949,44.82486029,3.508274068,0.95851549,-35.48621024,3880.637839,198.9795724,4292,0.819396716,203.7026978,198.4368591,144.8688202
34342,B-20-2-15_masks.tif,17,11698,1046.793939,356.6717635,45.76148677,7.794147189,0.991735222,41.76548019,2907.268507,313.1976406,6591,0.563429646,193.5439301,187.5959625,149.866333
34343,B-20-2-15_masks.tif,18,12066,860.7523087,319.7256692,52.56569686,6.08240142,0.986392297,47.85644495,2954.307724,283.155644,7173,0.594480358,196.5464935,190.6305542,152.3412781
34344,B-20-2-15_masks.tif,19,3380,401.7989899,164.3750433,27.32870821,6.014738862,0.986082244,77.45891808,831.0482249,228.9517751,2423,0.716863905,194.4176636,198.3912506,161.5555115
34345,B-20-2-15_masks.tif,20,17731,1156.793939,410.2874771,62.12384715,6.60434754,0.988470219,-44.0744763,4984.940387,388.1922057,9103,0.51339462,203.6902161,193.3569183,129.9737396
34346,B-20-2-15_masks.tif,21,5666,455.0121933,170.7941215,43.30998952,3.943527195,0.967314393,-58.73677046,4922.414931,278.8859866,4858,0.857394988,202.2391968,199.4580078,143.595108
34347,B-20-2-15_masks.tif,22,5798,450.627417,186.1222877,40.87644592,4.553289396,0.975585168,89.85271999,876.4296309,284.2028286,5177,0.892894101,188.1562653,188.1800232,139.9762421
34348,B-20-2-15_masks.tif,23,13235,833.4386002,283.9509011,62.08647769,4.573474156,0.975802866,-53.45355212,4914.579071,376.8284095,7941,0.6,204.9377899,196.4350891,131.6787567
34349,B-20-2-15_masks.tif,24,4216,311.2132034,108.1295208,50.25906062,2.151443331,0.885413469,-19.38757286,5099.323292,381.7101518,3820,0.906072106,198.8725128,193.2534027,150.8884888
34350,B-20-2-15_masks.tif,25,8490,550.2842712,216.4932901,50.38402336,4.296863879,0.972541894,77.60581101,981.696702,369.5579505,6708,0.790106007,184.9111481,184.2523804,127.7932281
34351,B-20-2-15_masks.tif,26,4431,313.2132034,105.1561382,54.40897028,1.932698555,0.855736867,-20.31008352,5144.228617,397.6531257,3339,0.753554502,201.7759857,196.649292,146.1401672
34352,B-20-2-15_masks.tif,27,4185,320.8700577,101.4152175,53.64369675,1.890533718,0.848652268,-45.77242463,5196.446595,424.8817204,3543,0.846594982,197.5083313,192.100769,146.1089478
34353,B-20-2-15_masks.tif,28,8552,621.6396103,220.6257901,50.62296617,4.358215387,0.973320045,46.6811712,340.5572965,513.7006548,7091,0.829162769,181.5250244,173.138916,125.0297546
34354,B-20-2-15_masks.tif,29,9528,657.3969696,240.2624018,51.93770493,4.625972635,0.976355573,-63.14031648,4125.001679,509.263749,6825,0.716309824,206.3673248,199.9239502,152.0024872
34355,B-20-2-15_masks.tif,30,6905,398.8700577,132.1583363,67.34255025,1.962478935,0.860435357,8.232052917,5235.767415,505.5552498,3815,0.55249819,181.8789063,173.0437775,118.9908295
34356,B-20-2-15_masks.tif,31,8844,628.9116882,230.8962823,50.91153254,4.535245176,0.975388049,-25.19730994,1133.517074,577.9263908,7937,0.897444595,197.032135,190.3721771,135.4455109
34357,B-20-2-15_masks.tif,32,6145,358.627417,120.1051748,65.9009911,1.822509386,0.836023249,14.01450431,5172.736534,522.9816111,4804,0.7817738,193.1375885,185.6284332,121.4539948
34358,B-20-2-15_masks.tif,33,8416,624.2253967,222.1643567,49.04865661,4.529468736,0.975324439,49.8239335,311.6125238,564.4132605,7157,0.850403992,186.8686676,181.4868011,137.8349915
34359,B-20-2-15_masks.tif,34,5357,500.4264069,176.5553142,41.25335201,4.27978105,0.972319132,-60.59459855,4157.263207,549.5818555,4684,0.874369983,202.5879517,192.1891479,140.4519653
34360,B-20-2-15_masks.tif,35,10023,667.9827561,250.4480032,54.81696174,4.568804897,0.975752768,-60.47857553,4188.522598,575.1356879,9682,0.96597825,211.6649475,202.5670319,159.1480103
34361,B-20-2-15_masks.tif,36,13251,955.8233765,344.4027328,54.5551967,6.312922574,0.987374185,48.21605861,4770.060222,629.3410309,5595,0.422232284,193.5597839,188.4548645,145.159256
34362,B-20-2-15_masks.tif,37,7179,549.3553391,213.8196749,45.75421861,4.673223179,0.976836931,71.82760758,5048.828946,549.0643544,6729,0.937317175,194.0719299,192.3327332,136.0072784
34363,B-20-2-15_masks.tif,38,13670,920.0660172,343.1367747,52.11530409,6.584184448,0.988399079,44.44138319,1543.142648,634.8337235,6791,0.496781273,189.8035583,187.3404541,148.9614258
34364,B-20-2-15_masks.tif,39,15599,942.9116882,360.6704424,69.63857924,5.179175772,0.981182837,-83.67165071,3810.688057,595.0084621,6788,0.4351561,188.0112,180.0237122,125.2202454
34365,B-20-2-15_masks.tif,40,12093,780.1248917,294.8271449,55.12088022,5.348737969,0.982367529,-58.10059283,3227.863806,641.3279583,6105,0.504837509,204.0586395,196.8886108,141.2814026
34366,B-20-2-15_masks.tif,41,13825,845.7401154,326.0912243,57.98143276,5.624062889,0.984065307,-73.221441,4361.700542,617.9126944,10033,0.725714286,203.4169312,194.0928955,145.8170013
34367,B-20-2-15_masks.tif,42,18999,1076.409163,404.3966474,63.31417059,6.387142777,0.987667732,60.74901865,3776.004895,687.1647455,6397,0.336701932,191.1360016,182.9715424,121.3795547
34368,B-20-2-15_masks.tif,43,8868,555.5979797,207.2168165,56.4904747,3.668172689,0.96212312,-66.42011453,4179.616148,635.5196211,7948,0.896256202,204.4967346,195.7820892,150.9989929
34369,B-20-2-15_masks.tif,44,6459,519.1543289,198.4393451,42.21414191,4.700778842,0.977110867,-45.20510559,4970.844403,668.2593281,5964,0.92336275,206.9421539,202.9807129,156.8288116
34370,B-20-2-15_masks.tif,45,9719,679.3969696,259.749386,48.60349207,5.344253571,0.982337659,-30.93847515,1110.661694,725.6744521,8839,0.909455705,201.5178223,194.4925842,134.9533844
34371,B-20-2-15_masks.tif,46,9156,696.7106781,246.1953987,49.49984169,4.973660325,0.979579099,43.31157878,5223.635867,709.4866754,8782,0.959152468,199.0551147,194.9313354,159.1516724
34372,B-20-2-15_masks.tif,47,6082,580.2253967,225.9075594,36.82223285,6.135085841,0.98662658,-47.06170984,1215.759947,714.2114436,5886,0.967773759,199.0370331,194.1590271,148.6901093
34373,B-20-2-15_masks.tif,48,5706,508.9116882,197.892994,39.39412276,5.023414158,0.97998572,-43.06556858,4974.432001,715.8072205,5256,0.921135647,204.2735901,196.9149475,142.5814362
34374,B-20-2-15_masks.tif,49,5905,612.4680374,236.8951054,34.56683653,6.853248059,0.989296952,48.35405175,5180.705673,732.6870449,5271,0.892633362,196.0457153,197.1180115,159.7245331
34375,B-20-2-15_masks.tif,50,8444,633.6396103,247.9979708,46.18046209,5.370192491,0.982509387,-41.5678398,1222.332781,775.8623875,7738,0.916390336,203.0401917,195.4965057,142.784317
34376,B-20-2-15_masks.tif,51,12701,744.1837662,305.7311344,57.12158724,5.352287097,0.982391115,78.13115727,4388.962286,750.9528384,5385,0.423982364,190.1578522,181.0395508,123.2245102
34377,B-20-2-15_masks.tif,52,9243,787.6812409,294.9145592,43.42219675,6.791792706,0.989101311,-41.13228274,1300.241264,825.4320026,4883,0.52829168,200.4259644,189.8789673,140.0817108
34378,B-20-2-15_masks.tif,53,5502,577.882251,223.1174077,33.17740835,6.724980005,0.988882455,-40.94451307,1274.282806,808.3713195,145,0.026354053,198.6758575,186.8069,161.8069
34379,B-20-2-15_masks.tif,54,6578,537.4558441,214.2173375,40.80895246,5.249273126,0.981686698,-82.62184661,259.8873518,765.0038005,5784,0.879294618,193.6047668,192.2977142,140.632782
34380,B-20-2-15_masks.tif,55,11037,815.882251,305.6037383,46.99597157,6.502764557,0.988104995,-26.28780755,5071.281961,882.7470327,8216,0.744405183,202.3117065,198.6013947,155.2383118
34381,B-20-2-15_masks.tif,56,11756,819.0954544,285.5538545,54.45462598,5.243886068,0.9816487,-46.56163257,1339.724736,852.3272372,5208,0.443007826,200.9308777,194.8623199,147.2125549
34382,B-20-2-15_masks.tif,57,6046,492.7695526,187.8190235,42.23345111,4.447162583,0.97439051,70.71680656,4314.687231,785.9303672,3724,0.615944426,194.1100922,188.2134857,151.0102081
34383,B-20-2-15_masks.tif,58,13074,659.6984848,261.2312378,65.60220316,3.982049767,0.96795416,-83.32472925,4072.992122,793.5298302,7189,0.549869971,199.0963898,191.5973053,143.4920044
34384,B-20-2-15_masks.tif,59,7041,472.2842712,187.2470064,49.97129256,3.747091516,0.963731526,-14.28029567,4966.070587,869.0240023,5442,0.772901576,191.3739471,184.6459045,137.9564514
34385,B-20-2-15_masks.tif,60,17158,1006.610173,373.7862923,60.65379889,6.16261964,0.986746616,66.02898615,3776.409022,891.1273458,11679,0.680673738,199.5817261,191.8797913,144.6903839
34386,B-20-2-15_masks.tif,61,12664,836.0832611,312.6594856,70.07794073,4.461596365,0.974558101,-81.87608988,4081.728364,859.585518,9186,0.725363234,205.4434967,199.7949066,159.7647552
34387,B-20-2-15_masks.tif,62,1888,248.3847763,85.44392506,31.46014591,2.715941792,0.929748035,32.43116919,5416.003178,861.5572034,1596,0.845338983,195.7017517,196.4567719,125.5664139
34388,B-20-2-15_masks.tif,63,6571,532.0832611,201.3452355,42.33367544,4.756148229,0.977646758,-28.99960043,222.4837924,923.5530361,5734,0.872622128,195.6337585,186.197937,132.9168091
34389,B-20-2-15_masks.tif,64,11591,755.6984848,305.5717528,54.85834302,5.570196545,0.983753069,-88.64275767,2492.864291,874.3851264,7536,0.650159607,195.2173615,190.6415863,148.7972412
34390,B-20-2-15_masks.tif,65,15514,1054.409163,388.4366291,52.83126627,7.352400512,0.990707464,60.78096487,3840.451914,983.5341627,10230,0.659404409,200.2619781,194.6672516,147.586319
34391,B-20-2-15_masks.tif,66,5902,402.9705627,162.8212284,46.95010919,3.46796272,0.957523955,87.8346101,4135.979329,915.1274144,5421,0.918502203,199.1512604,191.873642,153.1724701
34392,B-20-2-15_masks.tif,67,3518,272.1421356,92.48637421,49.1937939,1.880041503,0.846805195,70.68622348,4479.639568,915.4386015,3322,0.944286526,191.2444305,187.8043365,142.6243286
34393,B-20-2-15_masks.tif,68,12511,827.1126984,336.9340895,51.33687915,6.563197745,0.98832433,-87.75086643,2459.142994,940.2767964,10179,0.813604028,198.1113129,194.0438232,153.8318176
34394,B-20-2-15_masks.tif,69,13178,969.6396103,378.132611,48.78155892,7.751548317,0.99164375,15.87523561,2243.188875,1104.117165,9163,0.695325543,201.7284698,196.7561951,168.1703644
34395,B-20-2-15_masks.tif,70,6686,446.9705627,190.7640534,46.09708318,4.138310718,0.970364848,88.62489528,4118.624888,955.4621597,5552,0.830391864,200.4855957,193.6774139,155.5567322
34396,B-20-2-15_masks.tif,71,14423,980.4680374,374.9748674,50.46950079,7.429732047,0.990900782,17.71831235,2204.47452,1132.353463,7393,0.512584067,195.7604523,187.5965118,151.8141479
34397,B-20-2-15_masks.tif,72,11132,713.9827561,247.2448233,60.66458908,4.075603693,0.969431422,28.56420654,4443.072045,1063.079321,9788,0.879266978,194.2310944,187.6000214,139.9540253
34398,B-20-2-15_masks.tif,73,3306,284.1421356,107.7295091,39.91425391,2.699023494,0.928830723,80.72995956,4468.205687,975.006957,3196,0.966727163,194.6235962,191.3257141,142.3441772
34399,B-20-2-15_masks.tif,74,18369,981.5979797,409.5557191,60.95237923,6.719273707,0.988863458,-82.900131,3542.380369,1003.917415,7479,0.407153356,202.4353485,196.6105042,141.404068
34400,B-20-2-15_masks.tif,75,11116,648.9116882,242.4162982,60.84643422,3.984067452,0.967987147,27.12123196,4396.148255,1090.209158,10373,0.93315941,206.3168793,198.2080383,158.165329
34401,B-20-2-15_masks.tif,76,10158,695.5391052,257.8589556,50.79104829,5.07685831,0.980409072,51.5529466,4188.22091,1086.824966,8271,0.814235086,196.0431671,188.6372833,154.4865265
34402,B-20-2-15_masks.tif,77,11265,725.4558441,293.2033859,50.22585491,5.837698261,0.985218847,-83.86331009,3641.882113,1045.496227,892,0.079183311,226.8856506,217.1390076,194.5997772
34403,B-20-2-15_masks.tif,78,13012,739.2132034,326.9250552,52.94628745,6.174654938,0.986798576,2.785764431,3870.751844,1187.435521,7474,0.574392868,194.1873169,186.691864,142.9086151
34404,B-20-2-15_masks.tif,79,12142,818.7695526,323.0394123,53.02194558,6.09256052,0.986437952,-84.5474009,3647.306622,1088.309834,7746,0.637950914,201.8217163,194.6584015,146.1431732
34405,B-20-2-15_masks.tif,80,5513,457.8406204,161.9648272,45.76134948,3.539336776,0.959255868,34.9573446,4352.695084,1117.560131,505,0.091601669,226.0316772,203.3960419,212.6178284
34406,B-20-2-15_masks.tif,81,5105,436.4264069,155.6707871,43.95605259,3.541509711,0.959306911,50.45808447,4153.652693,1112.683839,4888,0.957492654,200.6986542,193.4142761,158.5585175
34407,B-20-2-15_masks.tif,82,4029,353.1126984,122.7069575,43.44088484,2.824688262,0.935237334,29.14291077,4050.394142,1118.869198,3631,0.901216183,195.5805511,191.809967,152.7402954
34408,B-20-2-15_masks.tif,83,7062,540.9116882,196.1486298,48.3162968,4.059678468,0.969187304,38.6650687,4318.02124,1140.666808,6699,0.948598131,202.5773926,197.1998749,167.7665253
34409,B-20-2-15_masks.tif,84,10014,850.8111832,311.1597183,43.00381113,7.235631219,0.990403652,-22.24817519,700.0853805,1226.15728,4654,0.464749351,200.1510468,192.7011108,135.2606354
34410,B-20-2-15_masks.tif,85,8231,609.0538239,210.7204929,51.57505874,4.085705339,0.969584761,41.88237942,3459.602114,1155.557891,6034,0.73308225,196.0807037,188.6968842,151.9719849
34411,B-20-2-15_masks.tif,86,9979,716.0832611,275.1507018,47.73644338,5.763954796,0.98483528,16.33165151,3975.54294,1211.152119,8742,0.876039683,204.2391968,198.8745117,173.0607452
34412,B-20-2-15_masks.tif,87,6421,580.5685425,210.0745998,44.82025523,4.68704604,0.97697496,42.69247646,3430.039402,1180.301822,4323,0.673259617,204.8140106,197.469574,167.1378632
34413,B-20-2-15_masks.tif,88,6105,452.2842712,175.2499927,45.86474237,3.821017706,0.965146453,-77.26616274,4703.013432,1124.594758,5627,0.921703522,197.4768066,189.9335327,146.6260834
34414,B-20-2-15_masks.tif,89,8814,665.5979797,262.9394828,47.44412476,5.542087333,0.983586465,15.92132645,3947.21307,1251.807352,6600,0.748808713,200.3992462,194.0159149,163.3631744
34415,B-20-2-15_masks.tif,90,15009,912.9533188,335.8185668,58.35817263,5.75443938,0.984784699,25.70874024,4063.059831,1281.647811,6365,0.424078886,196.8774567,189.5187683,141.7754974
34416,B-20-2-15_masks.tif,91,5958,411.4558441,155.0369208,49.98544563,3.101641265,0.94660014,-75.12814576,4710.410708,1171.166163,5703,0.957200403,204.0780334,198.5000916,152.5426941
34417,B-20-2-15_masks.tif,92,10984,817.0538239,315.7453253,48.04655873,6.57165328,0.988354533,-64.65755265,4762.113529,1228.334122,9117,0.830025492,201.673584,192.8665161,147.7460785
34418,B-20-2-15_masks.tif,93,4457,401.9411255,125.4566552,47.52611889,2.639741222,0.925468319,39.57072126,4114.928876,1206.679605,3566,0.800089746,197.6783447,191.7434082,147.8816528
34419,B-20-2-15_masks.tif,94,6835,511.0121933,190.9584851,47.77124151,3.997352363,0.968203067,59.84220175,3385.232626,1222.814631,6147,0.899341624,200.1994476,193.223526,160.9223938
34420,B-20-2-15_masks.tif,95,5553,488.0832611,174.6433194,41.22126067,4.236729217,0.971745493,55.41908526,3359.446065,1253.381596,5261,0.947415811,201.8922272,194.7209625,158.2516632
34421,B-20-2-15_masks.tif,96,6447,471.9411255,181.9128664,46.71766269,3.893877732,0.966461005,-69.65895559,4590.533892,1259.460834,5640,0.8748255,200.2133026,195.6847534,145.1760712
34422,B-20-2-15_masks.tif,97,2794,261.5563492,95.55003229,38.39532866,2.488584826,0.915712176,-20.56664821,1295.055118,1299.215104,2604,0.931997137,197.350235,189.2657471,139.4493103
34423,B-20-2-15_masks.tif,98,7481,568.1837662,220.0523117,44.37665672,4.958740201,0.979454737,70.53119233,3648.015372,1321.249833,6081,0.812859243,186.0509796,181.2917328,140.7673035
34424,B-20-2-15_masks.tif,99,5848,448.5269119,175.3898173,43.91678666,3.993685117,0.968143683,-22.24348755,1337.664843,1364.636286,5254,0.898426813,201.2483826,194.17453,144.0123749
34425,B-20-2-15_masks.tif,100,7888,474.8700577,183.7599565,55.51281467,3.310225893,0.953278082,14.73730556,3273.341024,1390.205248,4967,0.629690669,192.8614807,186.3182983,134.3480988
34426,B-20-2-15_masks.tif,101,3570,284.7279221,105.4155571,43.82442528,2.405406492,0.909488011,-8.059869327,1272.869468,1385.657983,3083,0.863585434,198.0324402,190.9607544,142.7327271
34427,B-20-2-15_masks.tif,102,7250,459.5563492,191.9864022,48.80567032,3.933690511,0.96714794,0.239827299,3445.10069,1429.10869,6642,0.916137931,202.5734711,194.5423126,144.802475
34428,B-20-2-15_masks.tif,103,7695,507.4558441,210.8828363,49.37948448,4.270656903,0.972199034,-8.209201526,3346.14217,1454.494867,6449,0.838076673,200.6039734,193.3474884,150.8392029
34429,B-20-2-15_masks.tif,104,9560,841.6396103,308.2778932,42.45087368,7.261991721,0.990473528,68.46050612,4766.998326,1405.758264,4492,0.469874477,194.5202637,189.5963898,144.4358826
34430,B-20-2-15_masks.tif,105,10866,696.7695526,279.738527,52.47266843,5.331128288,0.982249796,6.929753356,3001.332781,1498.308209,9452,0.869869317,203.03862,196.56633,159.8762207
34431,B-20-2-15_masks.tif,106,11026,806.4264069,311.4369572,48.48959771,6.422758115,0.987804964,11.67266685,2958.108108,1531.694812,7794,0.70687466,201.0642853,194.2646942,158.0550385
34432,B-20-2-15_masks.tif,107,6756,521.4974747,194.0091469,46.48914608,4.17321382,0.970865897,-35.69724131,3650.448046,1465.059947,6096,0.902309059,206.0764465,198.0208282,157.055603
34433,B-20-2-15_masks.tif,108,9403,559.1126984,215.346621,56.97388744,3.779742452,0.964366953,5.27784613,3054.774965,1507.644582,8799,0.935765181,211.1167145,203.9538574,160.5743866
34434,B-20-2-15_masks.tif,109,6733,560.5685425,212.4116327,42.47332193,5.001060032,0.979804549,-36.23452314,3683.780336,1483.283677,6424,0.954106639,209.2892303,202.1625214,166.6646881
34435,B-20-2-15_masks.tif,110,7531,418.8700577,146.8910336,66.43384678,2.21108728,0.891883009,13.71584573,3113.875714,1489.136502,6857,0.910503253,201.5120239,192.2649841,136.8703461
34436,B-20-2-15_masks.tif,111,10745,677.9411255,273.1854686,50.98204101,5.35846473,0.982432056,11.31921144,3186.285528,1574.647929,10344,0.962680316,205.089325,197.7850037,151.1329346
34437,B-20-2-15_masks.tif,112,6402,475.1126984,169.1165038,51.02559076,3.314346807,0.953397032,-18.65164232,1845.135739,1545.146517,4561,0.712433614,201.2975159,194.7796478,145.8636322
34438,B-20-2-15_masks.tif,113,10898,720.1837662,271.2902621,57.66884588,4.704277638,0.9771453,-13.69325493,630.1564507,1628.868233,8028,0.736648926,192.3753052,182.0519409,119.5114594
34439,B-20-2-15_masks.tif,114,7636,511.0121933,190.7955153,53.23938462,3.583728787,0.960279778,-26.27964384,3476.006155,1535.741488,6719,0.879910948,205.3668671,199.0903473,139.3869629
34440,B-20-2-15_masks.tif,115,4051,323.2132034,114.3146054,46.31950733,2.467958146,0.914231056,-18.46855479,3558.497408,1519.959022,3916,0.966674895,202.2839661,193.2597046,132.1008759
34441,B-20-2-15_masks.tif,116,9982,696.4680374,263.3527933,49.26598316,5.345530047,0.982346169,-33.80271075,3741.561911,1576.829693,7657,0.767080745,208.9801483,201.3197021,148.6706238
34442,B-20-2-15_masks.tif,117,11359,719.5979797,285.4424625,53.19033194,5.366435066,0.982484667,-11.5062195,1910.223875,1629.203451,8674,0.763623558,196.4454651,188.7032471,143.2192688
34443,B-20-2-15_masks.tif,118,4879,412.627417,170.2332777,40.59630153,4.193319866,0.971148751,12.17520532,3272.904079,1563.084239,4068,0.833777413,187.053833,179.5449829,129.4835358
34444,B-20-2-15_masks.tif,119,4337,316.1421356,119.5703747,46.90778814,2.549051649,0.91983615,-10.57022998,3527.063177,1618.490892,305,0.07032511,209.8295135,203.2983551,148.383606
34445,B-20-2-15_masks.tif,120,10026,620.4264069,240.0481787,54.34563776,4.417064343,0.974035644,-21.24566189,2620.5,1684.105825,5121,0.510771993,200.7629395,192.7387238,154.5705872
34446,B-20-2-15_masks.tif,121,5605,477.8406204,179.4273788,41.30674789,4.343778873,0.973139958,-31.24349337,2720.94273,1672.317395,4030,0.719000892,203.748642,196.2372284,151.1746826
34447,B-20-2-15_masks.tif,122,8336,473.6984848,174.5728815,61.45688011,2.840575069,0.935984433,-15.46894414,3466.511396,1681.348249,7683,0.921665067,205.2012177,196.0160065,140.6546936
34448,B-20-2-15_masks.tif,123,6304,444.3847763,170.9722466,49.56120464,3.449719349,0.957063408,-5.044641091,1818.056789,1681.686707,4236,0.671954315,204.5993805,197.8659058,150.1121368
34449,B-20-2-15_masks.tif,124,5442,429.3553391,158.2516843,44.96392284,3.519525751,0.958786005,-31.30519353,2676.142043,1675.434215,5255,0.965637633,209.2395782,202.4881134,163.1950531
34450,B-20-2-15_masks.tif,125,10271,668.7695526,278.9375244,48.00100586,5.811076651,0.985082078,-12.27973756,3347.52361,1746.266673,9579,0.93262584,207.6766815,199.8255615,151.6286621
34451,B-20-2-15_masks.tif,126,12141,711.1543289,264.9457163,61.46077879,4.310809617,0.972721752,23.35199966,3184.218269,1749.392225,9297,0.765752409,196.9549255,191.3906708,147.0977783
34452,B-20-2-15_masks.tif,127,7610,517.6984848,196.565172,52.77876818,3.724322844,0.963278239,-11.80876555,3303.050986,1744.555059,5706,0.749802891,200.0269928,188.7835541,149.5014038
34453,B-20-2-15_masks.tif,128,8373,587.7989899,242.6425821,45.3604214,5.34921358,0.982370692,86.81898518,4856.061985,1668.868745,5877,0.701898961,190.8638763,184.0287628,136.5979309
34454,B-20-2-15_masks.tif,129,10357,604.5685425,219.5137378,62.2571161,3.52592204,0.958938599,-34.15882722,3531.444144,1768.485469,8818,0.851404847,203.7125244,194.4977264,135.2661591
34455,B-20-2-15_masks.tif,130,5845,449.3553391,168.3375018,46.41736236,3.626606365,0.961232292,-26.35306574,1433.003593,1752.746792,5166,0.883832335,202.6819611,196.2909393,143.8358459
34456,B-20-2-15_masks.tif,131,9098,536.5269119,205.0586857,57.96469222,3.537648142,0.959216135,-8.583383893,3387.746648,1784.890855,9043,0.993954715,204.0461121,193.1360168,138.2781219
34457,B-20-2-15_masks.tif,132,6844,644.4680374,248.8232489,38.38787064,6.481819511,0.988027531,-37.16824584,178.4156926,1775.207627,6541,0.955727645,200.5019073,196.1342316,149.7112122
34458,B-20-2-15_masks.tif,133,5599,436.1837662,162.2253844,44.80401734,3.620777647,0.961104848,-32.12261564,1481.047866,1774.986069,5181,0.925343811,201.3325653,194.9733582,144.6247864
34459,B-20-2-15_masks.tif,134,5613,540.9116882,201.7586676,37.75570613,5.34379272,0.982334585,-34.98736773,221.6353109,1804.339391,0,0,,,
34460,B-20-2-15_masks.tif,135,8012,634.8111832,230.7876886,46.95510712,4.91507107,0.97908412,-36.89316897,237.4172491,1842.891288,0,0,,,
34461,B-20-2-15_masks.tif,136,5653,481.5979797,186.0644867,40.38052092,4.607778268,0.976166195,-24.64205268,290.4264992,1842.672917,4519,0.799398549,195.9809723,190.8178864,152.9577332
34462,B-20-2-15_masks.tif,137,13878,1098.509668,380.3069836,60.79937834,6.255113029,0.987138204,-65.96318413,2886.233535,1893.968583,7112,0.512465773,196.1425781,187.8155212,130.0393677
34463,B-20-2-15_masks.tif,138,13326,832.8700577,347.9458359,50.36721825,6.908180519,0.989467394,88.48099316,2652.189104,1864.764445,7406,0.555755666,194.8864441,190.4755554,144.6876831
34464,B-20-2-15_masks.tif,139,6210,490.4264069,183.4460201,44.31340399,4.139741108,0.970385636,56.58704287,4618.272142,1901.217391,6210,1,185.4272156,183.1544342,130.7998352
34465,B-20-2-15_masks.tif,140,5292,348.7279221,129.7083183,54.65070617,2.37340608,0.906904891,-2.813316112,588.1014739,1928.344104,4822,0.911186697,192.5101624,185.2503052,144.2349701
34466,B-20-2-15_masks.tif,141,3179,273.5563492,98.79006822,42.57925567,2.320145495,0.902348367,-16.54549879,529.7452029,1918.930481,3047,0.958477509,195.7705994,187.0607147,132.4443665
34467,B-20-2-15_masks.tif,142,10545,687.1126984,249.1351214,60.14247945,4.142415206,0.970424441,-0.767408182,472.5798009,1987.689806,7156,0.678615458,199.2087708,189.3461456,133.261734
34468,B-20-2-15_masks.tif,143,6378,532.6690476,207.7854196,40.89848118,5.080516774,0.980437558,60.2111169,4594.366416,1940.572907,6312,0.989651929,195.6139069,191.6511383,149.0739899
34469,B-20-2-15_masks.tif,144,7610,511.8406204,184.5085432,53.55663695,3.445110703,0.956945869,-61.54985811,1677.370828,1953.239816,6421,0.843758213,203.2390594,197.2180328,144.5552063
34470,B-20-2-15_masks.tif,145,5063,451.3553391,164.8646725,43.26429986,3.81064002,0.964952907,-56.79831371,1402.237014,1968.450326,2778,0.548686549,198.0522003,190.0759583,144.5748749
34471,B-20-2-15_masks.tif,146,15361,1046.225397,394.1570269,53.27939801,7.397925682,0.990822009,74.63615409,3539.734002,1998.386433,5233,0.340667925,192.4513702,186.8138733,138.4110413
34472,B-20-2-15_masks.tif,147,3625,284.7279221,98.4406348,49.6417423,1.983021349,0.863539615,-5.358434781,522.9881379,1999.572414,3292,0.908137931,200.4966583,191.7618408,144.1670685
34473,B-20-2-15_masks.tif,148,5352,407.6984848,154.7781851,45.21416186,3.423223582,0.956380966,-67.93224373,1700.171525,1992.120329,4885,0.9127429,201.2843323,195.0274353,148.7439117
34474,B-20-2-15_masks.tif,149,6574,503.9411255,196.4423565,43.39847126,4.526481022,0.975291441,19.44809545,1900.685275,2047.949194,5317,0.808792212,191.1124725,184.3500061,149.1527252
34475,B-20-2-15_masks.tif,150,7420,576.0832611,211.4493295,46.29336843,4.567594381,0.975739754,-62.71163421,1383.353639,2021.889084,5264,0.709433962,201.5248871,193.6987152,154.6246185
34476,B-20-2-15_masks.tif,151,4343,326.3847763,115.3393124,50.35697204,2.290433831,0.899656457,-20.32180962,570.3644946,2027.10776,3876,0.892470642,203.2569733,196.7763214,146.4994812
34477,B-20-2-15_masks.tif,152,5168,474.2842712,191.3534403,35.4012258,5.405277247,0.982737695,-72.40161705,3109.393769,2016.308243,5028,0.972910217,199.6300659,194.4113007,146.0984497
34478,B-20-2-15_masks.tif,153,8370,538.8700577,187.3299519,58.67425259,3.192711345,0.949682769,87.59474733,141.0887694,2029.402151,5218,0.623416965,184.5241547,178.0597992,115.7801819
34479,B-20-2-15_masks.tif,154,6719,473.6984848,182.1839534,47.89752473,3.803619382,0.964821048,-76.45075332,3301.449323,2040.914868,5416,0.806072332,204.7152863,196.7789917,159.8790588
34480,B-20-2-15_masks.tif,155,8861,541.254834,189.8477466,61.4587338,3.089027953,0.946150726,-63.53205865,1410.466087,2073.483241,7497,0.846067035,203.5059357,195.9019623,151.5424805
34481,B-20-2-15_masks.tif,156,17306,1007.154329,410.6941974,58.59872163,7.008586296,0.989768564,76.06521796,3622.980527,2084.351034,10052,0.580839015,193.3510742,185.1966705,138.1989594
34482,B-20-2-15_masks.tif,157,6352,547.3553391,225.0182268,37.25924985,6.039258109,0.986195816,-73.73227624,3294.939232,2082.47119,5171,0.814074307,206.0129547,198.894989,160.0224304
34483,B-20-2-15_masks.tif,158,4499,333.2132034,118.7438712,49.00334583,2.423178849,0.910875594,73.49154923,1569.586797,2149.920204,3977,0.883974216,191.4355011,184.1121521,139.7606201
34484,B-20-2-15_masks.tif,159,15521,988.4091629,363.9229736,56.71208954,6.417026363,0.987783034,-56.23820054,3185.76142,2229.237291,7861,0.506475098,202.134201,194.1966705,130.9112091
34485,B-20-2-15_masks.tif,160,8095,564.9705627,238.4066884,45.28277304,5.26484295,0.981795857,1.173547427,544.6093885,2285.930204,5548,0.685361334,187.9536743,178.123642,135.3950958
34486,B-20-2-15_masks.tif,161,19190,1158.267027,444.8414507,59.07793438,7.52973941,0.991141955,68.4619768,3506.45753,2306.013236,11050,0.57582074,199.7657013,192.9735718,151.8133087
34487,B-20-2-15_masks.tif,162,19311,1185.338095,431.8489414,73.40134802,5.883392513,0.985449244,66.70404679,3484.672156,2355.433432,8307,0.430169334,187.1914063,179.795105,143.6828003
34488,B-20-2-15_masks.tif,163,5677,426.7695526,155.3309599,47.16422019,3.293406724,0.952787803,29.77739555,1712.136692,2357.387705,5008,0.882156068,192.665741,185.1869049,135.4305115
34489,B-20-2-15_masks.tif,164,9039,842.2253967,324.9582605,37.1695873,8.742584572,0.993436767,67.86449378,214.051665,2403.167386,4333,0.479367187,182.5520477,175.7710571,142.5815887
34490,B-20-2-15_masks.tif,165,19432,1168.426407,493.4997199,59.95305748,8.231435403,0.992593207,-5.632670516,2881.296521,2602.316077,9819,0.505300535,197.9215851,189.8709717,137.6453857
34491,B-20-2-15_masks.tif,166,8320,678.5685425,258.556323,42.58414309,6.071657295,0.986343762,65.61303484,197.5634615,2440.230529,0,0,,,
34492,B-20-2-15_masks.tif,167,7731,598.0832611,229.854668,47.8076504,4.807905556,0.978130788,61.78452506,1475.168672,2446.11926,6829,0.883326866,190.4710846,184.3442688,151.2098389
34493,B-20-2-15_masks.tif,168,16817,991.3553391,425.1036142,52.77003888,8.055776028,0.992265397,87.88769476,3154.795742,2447.028067,9910,0.589284652,197.7891998,190.0740662,144.3678131
34494,B-20-2-15_masks.tif,169,8406,592.6690476,205.5421071,55.54349177,3.700561498,0.962796005,60.7615385,1489.342969,2498.969308,6830,0.81251487,199.1792145,193.1090851,151.8341217
34495,B-20-2-15_masks.tif,170,16903,967.0121933,385.7813313,61.71602053,6.250910671,0.987120792,86.96973579,3116.965391,2490.836479,7162,0.423711767,197.7180939,187.093277,145.8299408
34496,B-20-2-15_masks.tif,171,15277,1067.84062,449.2860212,58.36607142,7.697725926,0.991525987,0.855492635,4001.81338,2703.071284,6917,0.452772141,199.3017273,192.5249329,146.2564697
34497,B-20-2-15_masks.tif,172,12701,848.9705627,399.0548371,41.76413193,9.554965436,0.994508311,-1.565876578,3966.22573,2718.02299,6832,0.537910401,204.7997589,196.1416931,154.8745575
34498,B-20-2-15_masks.tif,173,10191,749.2964646,293.8729809,48.42335002,6.068827968,0.986330937,-39.3016186,3207.975272,2659.051025,6361,0.624178196,199.7025604,191.8910522,145.7648163
34499,B-20-2-15_masks.tif,174,11279,831.4386002,301.0805568,49.68173494,6.060186046,0.986291654,-54.59425354,3020.008068,2643.939179,6769,0.600141857,200.7312775,193.6613922,143.1432953
34500,B-20-2-15_masks.tif,175,14550,832.0243866,298.6440903,63.62574503,4.69376178,0.977041574,35.90124817,2744.755808,2684.333127,8393,0.576838488,198.861908,194.8462982,161.6700897
34501,B-20-2-15_masks.tif,176,4842,427.5979797,147.0701272,44.33349074,3.317359511,0.953483704,-34.00088649,3175.123709,2628.972739,3608,0.745146634,203.6981659,197.3824768,152.5052643
34502,B-20-2-15_masks.tif,177,3478,313.2132034,117.760046,38.42701208,3.064512165,0.945260668,21.84745299,518.1348476,2686.154399,3231,0.928982174,193.6245728,185.2417145,153.5679321
34503,B-20-2-15_masks.tif,178,7217,559.1126984,221.0096673,43.15821356,5.120917875,0.980748031,9.104649184,480.3889428,2779.44312,5502,0.762366634,196.8429718,188.4142151,153.3793182
34504,B-20-2-15_masks.tif,179,16879,909.6984848,388.9159184,60.19495775,6.460938473,0.987949545,0.798464202,2715.052373,2908.555779,8117,0.480893418,191.4618683,182.7889557,131.1868896
34505,B-20-2-15_masks.tif,180,5239,390.3847763,151.9381095,46.40740161,3.274005962,0.952212537,9.399701219,532.8303111,2798.238404,3788,0.723038748,198.1847992,190.3835754,158.1779327
34506,B-20-2-15_masks.tif,181,3996,325.5563492,114.2029939,48.17866192,2.370406095,0.906656963,-69.45543414,49.01251251,2776.923423,3594,0.899399399,186.7231445,182.9849701,120.4485245
34507,B-20-2-15_masks.tif,182,18054,1085.865007,394.3015123,59.63794512,6.611587832,0.988495604,43.01751231,3870.263321,2951.334718,8502,0.470920572,188.8572083,182.5102386,141.0223541
34508,B-20-2-15_masks.tif,183,8175,734.6101731,253.8454794,42.62240928,5.955681146,0.985802856,-43.34600883,2584.720734,2922.582263,5118,0.626055046,201.4585724,197.91539,151.6578674
34509,B-20-2-15_masks.tif,184,13491,950.4264069,358.9742493,50.65532352,7.086604613,0.989993738,-8.861978089,1853.000371,3039.411459,9053,0.671039953,199.5677643,192.0124817,136.1145477
34510,B-20-2-15_masks.tif,185,7355,552.627417,234.0696397,41.88528307,5.588350432,0.983859319,5.649388131,3036.34915,2968.504419,5711,0.776478586,189.5069122,182.3566742,128.1875305
34511,B-20-2-15_masks.tif,186,15251,956.4091629,340.01715,59.0963918,5.753602541,0.984780238,37.7694995,3996.08288,3004.800407,9406,0.616746443,195.083252,189.9888306,145.1040802
34512,B-20-2-15_masks.tif,187,8879,676.4680374,237.9609005,50.75114652,4.688778811,0.976992175,-51.90441079,106.8100011,2986.076698,8050,0.90663363,198.2551575,190.9043427,132.2356567
34513,B-20-2-15_masks.tif,188,8808,601.9411255,236.1455799,48.20308336,4.898972501,0.97894495,-12.90971908,1807.462988,3021.619664,5894,0.669164396,199.346283,189.7195435,152.6231689
34514,B-20-2-15_masks.tif,189,17966,1126.308658,405.6807881,58.33732907,6.954051455,0.989606616,31.18935109,1696.262997,3084.010909,8064,0.448847824,184.920517,176.8213043,137.4464264
34515,B-20-2-15_masks.tif,190,6954,510.0416306,213.9684331,44.59531941,4.798002031,0.9780394,-1.418745833,2813.022865,3078.092321,6059,0.871297095,195.0349884,187.2409668,141.0184784
34516,B-20-2-15_masks.tif,191,5933,482.2842712,188.9954015,41.01455314,4.608008306,0.976168603,12.45576406,2877.275072,3078.547109,5501,0.927186921,201.1463318,196.2286835,150.8500214
34517,B-20-2-15_masks.tif,192,10561,832.8528137,304.6473143,46.17655504,6.597445696,0.988445941,-35.84010969,811.7887511,3166.684689,8477,0.802670202,203.641861,198.142746,148.150528
34518,B-20-2-15_masks.tif,193,12456,869.3380951,309.9829722,53.91937473,5.749009029,0.984755719,43.17277454,2589.653019,3146.235308,5587,0.448538857,189.2240906,183.552536,146.4034424
34519,B-20-2-15_masks.tif,194,11774,811.6984848,354.8842709,48.52474866,7.313469532,0.990607799,-1.748147253,2721.110073,3241.608374,6560,0.557159844,201.2181396,194.4682922,152.3626556
34520,B-20-2-15_masks.tif,195,12421,753.1126984,302.2801566,54.6900089,5.527155009,0.983496913,89.38909997,3927.550278,3125.829321,8034,0.646807825,191.7864075,183.250061,137.7406006
34521,B-20-2-15_masks.tif,196,14978,1020.610173,376.1016855,57.88157589,6.497778951,0.988086624,23.15538941,2977.882428,3292.611363,4678,0.312324743,202.7067108,193.541687,157.2094879
34522,B-20-2-15_masks.tif,197,16239,997.5391052,375.184939,60.03275948,6.249670051,0.987115645,21.13283191,3019.331301,3274.072295,10329,0.636061334,195.3037109,187.8803406,149.4270477
34523,B-20-2-15_masks.tif,198,8631,650.627417,283.291359,41.57553103,6.813896346,0.989172292,-5.402589441,2755.486734,3260.719268,5212,0.603869772,198.9597015,192.66539,148.4176941
34524,B-20-2-15_masks.tif,199,16426,1115.497475,491.7128621,46.48118666,10.57875019,0.995522096,-8.521581766,2496.380738,3364.179898,6443,0.392244003,206.3628693,203.7400208,180.3307495
34525,B-20-2-15_masks.tif,200,7915,600.2253967,218.5664491,46.98344331,4.651988738,0.976622452,43.53188688,583.8078332,3233.443588,6623,0.836765635,184.958786,176.8846436,140.766571
34526,B-20-2-15_masks.tif,201,6718,520.9116882,189.5674082,46.27632749,4.096422911,0.969746184,-53.60614348,306.4553439,3222.930485,3372,0.5019351,204.9089508,201.0349884,149.6236725
34527,B-20-2-15_masks.tif,202,10394,738.627417,326.2101565,43.55684308,7.489297512,0.991045597,-86.98853718,2357.332981,3192.970945,6693,0.64392919,194.3434906,187.1655426,142.1789856
34528,B-20-2-15_masks.tif,203,15534,883.0121933,363.5712125,56.60123382,6.423379632,0.987807338,-9.542886031,2541.593859,3348.2987,11675,0.751577186,202.0686035,195.188858,147.4990997
34529,B-20-2-15_masks.tif,204,8834,601.0121933,222.1901378,52.06145151,4.2678437,0.972161846,17.3701579,534.7091918,3286.504868,6347,0.718474077,196.960144,190.1232147,149.3549652
34530,B-20-2-15_masks.tif,205,11550,881.5979797,289.3224216,55.5747168,5.206008025,0.981378144,-87.70297125,2326.657835,3233.758788,6659,0.576536797,203.740799,194.9432373,147.2363739
34531,B-20-2-15_masks.tif,206,14499,925.2964646,363.1068102,53.07917992,6.840851926,0.989257916,22.05869011,2195.663425,3379.619077,7781,0.536657701,188.4715271,181.2755432,143.7491302
34532,B-20-2-15_masks.tif,207,10576,704.627417,308.2889501,47.33611672,6.512763858,0.988141712,-2.351446983,2845.72362,3417.888521,552,0.052193646,230.9166718,228.8097839,216.2844238
34533,B-20-2-15_masks.tif,208,11175,693.7989899,309.0019493,48.85725224,6.324587142,0.98742101,0.545902745,2806.977629,3421.616555,6363,0.569395973,202.5448761,196.7773132,158.6423035
34534,B-20-2-15_masks.tif,209,15989,901.5391052,332.006688,62.79496545,5.287154561,0.981950584,-23.90811077,2314.419413,3489.844456,7925,0.495653262,201.2842865,195.6268768,145.1899109
34535,B-20-2-15_masks.tif,210,10409,575.4974747,156.5230431,90.96448265,1.720705033,0.813791367,-49.07358424,1256.297243,3453.221539,8557,0.822077049,202.8388519,197.6072235,155.5607147
34536,B-20-2-15_masks.tif,211,10686,826.7106781,311.2634455,55.807573,5.577440997,0.983795594,28.57751051,4076.14898,3537.57056,4290,0.401459854,186.9503479,182.5438232,151.1372986
34537,B-20-2-16_masks.tif,1,9622,549.6984848,217.0728834,57.28325818,3.789464677,0.964552914,13.5270262,2073.890667,101.4559343,6890,0.716067346,190.7626953,185.175766,137.1168365
34538,B-20-2-16_masks.tif,2,9111,611.6984848,236.1316525,53.38208216,4.423425294,0.974111256,88.75020824,2879.363846,26.84765668,4648,0.510152563,194.1385498,189.5378723,140.7891541
34539,B-20-2-16_masks.tif,3,11972,833.7817459,298.943331,56.39411362,5.300966923,0.98204538,57.00036856,4640.091714,76.59923154,7387,0.617023054,188.8295593,187.1065369,135.7674255
34540,B-20-2-16_masks.tif,4,4463,404.1421356,179.7195289,33.04566114,5.438521206,0.982949913,89.94987873,4773.480618,19.41407125,3542,0.793636567,196.8537598,201.5245667,142.348114
34541,B-20-2-16_masks.tif,5,9705,589.0121933,200.4038032,66.48427796,3.014303672,0.943366785,-66.4287335,4936.264503,45.56403916,5170,0.532715095,205.9858856,197.3038635,147.5330811
34542,B-20-2-16_masks.tif,6,17264,1276.811183,553.2278349,70.52391833,7.844541937,0.991841505,85.18108407,2733.073969,98.17800046,7091,0.41073911,199.4842834,195.4034729,152.033844
34543,B-20-2-16_masks.tif,7,9239,617.2132034,247.5328709,48.36010461,5.118534644,0.980729923,86.20438706,2722.826605,63.35848036,7132,0.771945016,196.0963287,191.2181702,155.5873566
34544,B-20-2-16_masks.tif,8,6408,401.4558441,129.6413939,66.78446106,1.941190988,0.857101444,-75.06043142,4956.035893,100.2457865,5489,0.856585518,202.4552765,193.4547272,140.4611053
34545,B-20-2-16_masks.tif,9,16967,997.2375901,344.5149462,65.89778421,5.228020188,0.981536097,38.19222303,2374.757353,209.9309247,11906,0.701715094,191.006546,183.3389893,133.3882904
34546,B-20-2-16_masks.tif,10,11793,874.8528137,312.5563987,51.38148396,6.083055113,0.986395242,57.55988872,5000.174256,255.5591453,333,0.02823709,211.9669647,157.522522,171.0300293
34547,B-20-2-16_masks.tif,11,10539,782.1248917,281.5162383,49.81754786,5.650945308,0.984217767,59.53685709,5051.748173,235.6363981,5943,0.563905494,190.9523773,185.9920959,140.1652374
34548,B-20-2-16_masks.tif,12,10554,721.0538239,250.4238317,54.55773936,4.590069798,0.975979671,-28.83121002,1231.115217,304.6820163,7636,0.72351715,196.3417969,189.2125397,133.256424
34549,B-20-2-16_masks.tif,13,8305,612.2253967,220.7939553,49.16557009,4.490824675,0.974892449,-37.51667476,4694.790247,287.2704395,6595,0.79409994,203.0982513,197.2787018,161.6188049
34550,B-20-2-16_masks.tif,14,3146,386.627417,163.965576,26.96649807,6.080343677,0.986383022,3.77025793,326.4335664,300.3728544,3085,0.980610299,186.2719574,177.601944,120.3867111
34551,B-20-2-16_masks.tif,15,7737,582.5685425,214.013738,48.3757181,4.423990927,0.974117964,-41.89324743,4734.097325,310.9829391,6751,0.872560424,203.6799011,198.0099182,162.5122223
34552,B-20-2-16_masks.tif,16,9858,802.9533188,297.0915171,48.2062,6.162931678,0.986747967,58.92702783,4967.544431,338.1075269,5908,0.599310205,194.4844208,194.4720764,151.1482697
34553,B-20-2-16_masks.tif,17,7678,500.3847763,206.9827985,48.64724047,4.254769572,0.971988031,78.37591243,2274.545455,285.5177129,800,0.1041938,222.0599976,202.2975006,162.2975006
34554,B-20-2-16_masks.tif,18,8738,753.0121933,322.2794733,36.71982127,8.776716828,0.993487883,78.19361182,2281.399863,323.8207828,5215,0.596818494,192.8721008,188.9514923,147.8788147
34555,B-20-2-16_masks.tif,19,13632,833.7401154,323.1664815,57.00229244,5.669359383,0.984320937,71.02596501,2343.503154,403.8132336,8100,0.594190141,186.2508698,180.9608612,137.3871613
34556,B-20-2-16_masks.tif,20,12787,960.8528137,320.4762246,53.6497557,5.973488984,0.985887982,63.16423926,1396.413545,556.9691875,9368,0.732619066,187.6778412,181.2652588,143.2645111
34557,B-20-2-16_masks.tif,21,5995,410.3847763,162.9026383,47.56203162,3.425056347,0.956428698,-88.19800445,116.5724771,524.5211009,5970,0.995829858,187.3991699,185.1780548,121.2889481
34558,B-20-2-16_masks.tif,22,15896,987.1959595,361.3298737,63.42872111,5.69662871,0.984471868,66.2606719,1348.777365,592.0760569,7940,0.499496729,197.179718,187.2882843,157.1491241
34559,B-20-2-16_masks.tif,23,10528,747.4974747,292.5012215,49.85883947,5.866587041,0.98536514,17.20787705,3457.414799,654.925057,4741,0.450322948,186.2398224,180.3872528,141.4452667
34560,B-20-2-16_masks.tif,24,5336,381.2132034,143.1485071,48.51419463,2.950652035,0.940819468,-75.07474056,3873.32009,629.7822339,4667,0.874625187,200.7415924,195.3421936,154.8752899
34561,B-20-2-16_masks.tif,25,10968,540.627417,217.1841917,66.46055996,3.267865812,0.95202826,-7.862771839,5147.670952,732.8581327,9545,0.870258935,200.3864899,194.4838104,150.1467743
34562,B-20-2-16_masks.tif,26,5948,447.5563492,180.8140119,43.03338158,4.201715163,0.971265633,-85.72758193,3908.865669,670.7967384,4966,0.834902488,200.8713226,194.9472351,155.4524841
34563,B-20-2-16_masks.tif,27,10743,613.1126984,240.7870768,59.18373539,4.068467042,0.969322386,2.578698925,5228.010984,791.3781067,7796,0.725681839,195.3594208,188.9041748,132.127243
34564,B-20-2-16_masks.tif,28,8207,546.1837662,210.09272,51.4918072,4.08011937,0.969500111,-72.87482085,1474.418911,728.5686609,7322,0.892165225,198.6630707,193.3074341,152.1304321
34565,B-20-2-16_masks.tif,29,14315,827.254834,334.076696,57.01427128,5.859527598,0.985329593,-75.93559056,3661.287251,742.8114565,6810,0.475724764,197.631134,187.3114471,129.6541901
34566,B-20-2-16_masks.tif,30,18931,1105.39697,455.1139333,58.83529749,7.735389344,0.991608654,-76.09441601,3710.55491,778.1911151,8137,0.429824098,202.807663,193.3336639,145.9748077
34567,B-20-2-16_masks.tif,31,6513,464.0416306,190.209366,44.9484703,4.231720562,0.971677595,-78.35660647,1476.047444,771.7979426,5784,0.888070014,196.4400024,192.472168,148.1051178
34568,B-20-2-16_masks.tif,32,10440,666.1837662,259.5353882,58.64462981,4.425561028,0.974136569,8.28142695,5094.252395,863.8351533,6484,0.621072797,188.6377258,182.4740906,145.0146484
34569,B-20-2-16_masks.tif,33,21851,1048.568542,396.6715862,88.0989887,4.502566851,0.975024909,82.74797951,2690.037069,815.7957531,9983,0.456866963,199.340683,190.3214417,147.2688599
34570,B-20-2-16_masks.tif,34,8339,529.4558441,213.9207095,50.85340356,4.20661538,0.971333526,-6.563388571,5184.120278,911.1055282,6979,0.836910901,198.0237885,191.4969177,142.3908844
34571,B-20-2-16_masks.tif,35,14395,1095.480231,395.5828777,49.24032472,8.033717892,0.992222698,29.91792376,3475.793956,962.7301841,6536,0.454046544,200.378067,193.7535248,159.8448639
34572,B-20-2-16_masks.tif,36,14224,1084.066017,381.070019,59.36412617,6.419196973,0.987791346,31.81684726,3446.406074,991.9009421,6918,0.48636108,198.5556488,191.0117035,151.8195953
34573,B-20-2-16_masks.tif,37,23699,1205.539105,472.9167141,82.18849158,5.754050293,0.984782625,75.46278483,2611.482763,912.2624161,8893,0.375247901,197.3023682,187.7888184,131.9173431
34574,B-20-2-16_masks.tif,38,12616,767.1126984,300.4112911,55.5101629,5.411825069,0.982779807,86.42275877,2658.464014,862.8951332,9747,0.772590361,198.4294586,189.8323517,143.2210999
34575,B-20-2-16_masks.tif,39,12487,826.7106781,310.6391735,54.44785618,5.705259955,0.984519185,27.90228528,3544.115881,982.7645551,6378,0.510771202,196.1930084,189.5360565,134.8035431
34576,B-20-2-16_masks.tif,40,14316,829.3553391,327.5805203,61.58122327,5.31948706,0.982171316,-88.56830071,4593.946493,872.0180218,12272,0.857222688,202.5353699,195.7108002,162.2921295
34577,B-20-2-16_masks.tif,41,12455,822.8700577,355.3178373,45.99215526,7.725618322,0.991587324,-86.58157902,4582.112164,916.8328382,9144,0.734162987,205.1196442,198.3022766,163.9317627
34578,B-20-2-16_masks.tif,42,17278,1062.953319,412.046316,70.66310143,5.831138284,0.98518532,19.19809383,5379.910985,1099.013948,8799,0.509260331,195.3168488,189.8679352,144.9107819
34579,B-20-2-16_masks.tif,43,6289,435.5563492,174.0715899,48.27563715,3.605785447,0.960774122,-88.52811962,4575.056448,961.3130863,5618,0.893305772,207.4542542,198.5829468,161.6233521
34580,B-20-2-16_masks.tif,44,26740,1426.267027,584.111594,65.10899174,8.971289193,0.99376817,-74.28764004,3085.032087,1066.896223,9108,0.340613313,194.7862244,185.0661011,125.8627548
34581,B-20-2-16_masks.tif,45,7090,541.2132034,237.001728,41.46955266,5.715077997,0.984572745,-87.42018866,4562.882793,997.9526093,6241,0.880253879,201.8038788,195.5540771,159.6527863
34582,B-20-2-16_masks.tif,46,13343,774.4264069,306.5885803,58.52706882,5.238406544,0.981609928,8.361232336,4755.031552,1132.508207,10301,0.772015289,198.8620453,193.0303802,157.4668427
34583,B-20-2-16_masks.tif,47,16768,1060.811183,434.152708,51.87168245,8.369744097,0.992836852,16.05418177,5274.573294,1209.767832,12597,0.751252385,190.0405579,183.7339783,138.4521637
34584,B-20-2-16_masks.tif,48,15396,815.254834,323.3693843,65.72927738,4.919716102,0.979124018,-76.97506909,3776.263835,1049.143349,7855,0.510197454,198.4082794,187.8510437,135.4124756
34585,B-20-2-16_masks.tif,49,11763,805.0121933,332.4659326,47.93961073,6.935098711,0.98954943,12.35588957,5356.756865,1168.473094,9295,0.790189577,196.3267365,192.1248016,153.3087616
34586,B-20-2-16_masks.tif,50,17131,800.2842712,338.4657996,65.3923259,5.175925385,0.981158969,-7.019073629,4876.651742,1184.839823,8201,0.478722783,196.9191589,190.8056335,136.5007935
34587,B-20-2-16_masks.tif,51,8829,547.9411255,208.0889943,55.12162218,3.775088361,0.96427741,10.92093533,5300.929664,1126.539585,25,0.002831578,227.4799957,213.8800049,217.9199982
34588,B-20-2-16_masks.tif,52,9318,637.6984848,263.6329903,46.03474607,5.726826208,0.98463647,9.878282965,4714.040137,1155.684589,3399,0.364777849,186.7028503,178.4227753,136.4716034
34589,B-20-2-16_masks.tif,53,13808,834.9116882,313.0098461,60.80289778,5.147942904,0.980951592,-74.58926436,3780.589658,1099.425695,9109,0.659690035,201.7095184,191.6771393,140.2319641
34590,B-20-2-16_masks.tif,54,13915,822.5685425,303.2994809,62.09421277,4.88450481,0.978818685,17.2567963,455.6005749,1289.639023,8188,0.588429752,190.4044952,181.6289673,125.5349274
34591,B-20-2-16_masks.tif,55,15436,924.6690476,393.8096805,52.56836324,7.491381817,0.991050602,-13.853257,4952.07489,1336.924527,4968,0.321845038,190.5998383,183.7751617,130.4653778
34592,B-20-2-16_masks.tif,56,20607,939.0954544,302.9844299,90.21655959,3.358412594,0.954640848,55.48902154,2481.054059,1257.709759,8607,0.417673606,190.988266,185.1599884,149.9721222
34593,B-20-2-16_masks.tif,57,22053,1128.669048,469.2370425,63.2346912,7.420563517,0.990878179,7.73181816,2901.275382,1401.911486,8196,0.371650116,194.4710846,188.0234222,138.4651031
34594,B-20-2-16_masks.tif,58,8590,615.3969696,228.969159,52.80009233,4.336529519,0.973048834,41.3913616,3955.765425,1248.02305,0,0,,,
34595,B-20-2-16_masks.tif,59,7249,588.2253967,219.1704411,43.82519029,5.00101516,0.979804183,43.71410634,3914.989102,1260.223341,0,0,,,
34596,B-20-2-16_masks.tif,60,9781,737.5391052,272.878178,51.62692726,5.285578523,0.981939719,40.657074,3866.791126,1325.878745,4247,0.434209181,191.2865601,185.7527618,148.7273407
34597,B-20-2-16_masks.tif,61,13813,948.509668,339.1196061,57.97436177,5.849475454,0.985278751,35.76259532,3805.720408,1361.385072,6949,0.503076812,200.3027802,193.8139343,161.3335724
34598,B-20-2-16_masks.tif,62,10573,715.5391052,265.043756,55.67772586,4.760319354,0.977686361,51.16189719,4501.711908,1299.350232,0,0,,,
34599,B-20-2-16_masks.tif,63,4037,352.5269119,126.3146712,41.58821777,3.037270602,0.944245236,37.84172047,3877.324251,1284.856577,358,0.088679713,222.8575439,209.8938599,193.268158
34600,B-20-2-16_masks.tif,64,11338,822.3675324,298.3817661,52.61709531,5.670814103,0.984329044,31.45996862,3760.854295,1386.508379,5014,0.44222967,189.2106171,184.1523743,150.6280365
34601,B-20-2-16_masks.tif,65,8035,702.3675324,257.1722209,41.85475514,6.144396736,0.986667354,50.22719923,4493.558183,1343.53603,297,0.036963286,233.5185242,209.2828217,208.3737335
34602,B-20-2-16_masks.tif,66,10884,850.8111832,312.9882288,48.13316855,6.502547789,0.988104197,68.25313452,4706.143422,1319.306413,6178,0.567622198,199.4794464,194.9312134,153.3080292
34603,B-20-2-16_masks.tif,67,7305,571.3969696,216.9509052,44.18744827,4.909785782,0.979038582,50.28750481,4440.142368,1351.254209,6141,0.840657084,199.7347412,190.3100433,148.7000427
34604,B-20-2-16_masks.tif,68,7499,680.1248917,240.4257085,41.98941766,5.725864323,0.984631267,49.45600326,4418.911055,1381.087878,5698,0.759834645,202.5536957,193.7739563,146.3680267
34605,B-20-2-16_masks.tif,69,8155,578.1837662,221.5349042,48.0663341,4.608941131,0.976178367,69.43183665,4695.296383,1367.0916,5671,0.695401594,191.1539459,183.3708344,148.9746094
34606,B-20-2-16_masks.tif,70,13247,881.254834,352.475454,60.71484083,5.805424985,0.985052798,8.285572189,2655.861327,1522.014796,5476,0.413376614,189.3767395,180.789444,140.7615051
34607,B-20-2-16_masks.tif,71,11158,833.7817459,285.6892388,51.76991986,5.518440817,0.983444313,59.08357105,4424.524646,1447.136584,8732,0.782577523,193.7273254,186.281601,142.8149261
34608,B-20-2-16_masks.tif,72,10239,576.9705627,245.508972,55.35604948,4.435088383,0.974249035,-0.079562138,3469.59039,1513.73347,5646,0.551421037,197.7607117,190.9619141,140.0232086
34609,B-20-2-16_masks.tif,73,12830,789.1126984,321.0889893,52.97494795,6.061147802,0.986296034,7.022388286,2620.575136,1564.93523,5707,0.444816836,198.8312531,191.9367371,147.1689148
34610,B-20-2-16_masks.tif,74,5414,516.3259018,185.3629187,39.36374712,4.708975446,0.97719141,-44.07987746,1342.744182,1467.104544,5364,0.990764684,199.6612549,193.3193512,143.7587585
34611,B-20-2-16_masks.tif,75,11018,759.5391052,271.8572548,54.29755107,5.006805085,0.979851346,52.64535521,4375.249047,1483.818025,9466,0.85913959,201.475174,192.8863373,160.065918
34612,B-20-2-16_masks.tif,76,12614,816.9533188,302.3640853,58.49126745,5.1693885,0.98111083,-56.912452,5295.414857,1519.459172,8636,0.684636119,197.1497192,188.727066,139.6687164
34613,B-20-2-16_masks.tif,77,15645,1003.923882,366.7098618,56.55452201,6.484182852,0.988036309,28.33518299,939.5291147,1617.909875,7137,0.456184084,187.8500824,178.7559204,141.6868439
34614,B-20-2-16_masks.tif,78,12357,835.1959595,291.9696292,59.74949533,4.886562265,0.978836711,-35.23897688,3980.410456,1576.45545,7536,0.609856761,197.5810699,186.531189,129.9117584
34615,B-20-2-16_masks.tif,79,5354,486.3259018,167.9691706,42.47878834,3.954189306,0.967493381,-39.88205817,1384.64774,1532.400635,242,0.045199851,208.7603302,202.0991669,170.2272797
34616,B-20-2-16_masks.tif,80,6888,584.9116882,214.7342815,42.87270908,5.008647367,0.979866317,60.91774575,4341.469077,1522.726771,6374,0.925377468,201.5241547,194.7580872,162.252121
34617,B-20-2-16_masks.tif,81,4392,496.9116882,188.103422,32.51752101,5.784679033,0.984944573,-39.27147384,1407.916894,1554.001366,0,0,,,
34618,B-20-2-16_masks.tif,82,12535,792.3675324,290.2493257,55.49159212,5.230509968,0.981553836,-57.59299838,5312.785082,1565.294376,8189,0.653290786,202.6779785,195.0131836,143.7416077
34619,B-20-2-16_masks.tif,83,9557,739.882251,278.3369419,45.04128592,6.179595815,0.986819819,60.32931794,4327.769593,1562.39165,8674,0.90760699,196.4860535,187.7733459,153.0265198
34620,B-20-2-16_masks.tif,84,7042,605.4974747,212.9705626,44.77710817,4.756237535,0.977647607,-68.62438808,326.5796649,1545.117154,5129,0.72834422,196.1236115,191.9789429,136.0775909
34621,B-20-2-16_masks.tif,85,13766,974.7523087,342.8790591,56.83193739,6.033210812,0.986167935,-55.61515561,5075.269795,1637.789191,6972,0.506465204,195.9317322,186.040451,130.4535217
34622,B-20-2-16_masks.tif,86,16817,1169.764502,419.2789005,53.15566848,7.8877552,0.991931016,46.73393044,186.5109116,1692.138075,5984,0.35583041,177.5935822,172.203537,132.3638
34623,B-20-2-16_masks.tif,87,12633,819.3553391,329.0912642,50.27135033,6.546298479,0.988263613,-81.30504851,4919.549909,1575.902636,7139,0.565107259,199.2491913,193.2989197,153.3409424
34624,B-20-2-16_masks.tif,88,7035,550.0832611,205.8425266,44.51873028,4.623728604,0.976332338,60.62097993,4303.438237,1596.102203,5209,0.740440654,200.025528,193.2236481,152.911499
34625,B-20-2-16_masks.tif,89,6390,517.4558441,217.311424,38.47811254,5.647663298,0.984199271,-14.32137033,4107.234272,1674.571049,5792,0.906416275,200.0096741,192.187851,148.1522827
34626,B-20-2-16_masks.tif,90,9908,750.6690476,296.5476933,45.30607587,6.54542879,0.988260475,-73.91849052,4918.70105,1626.573779,6153,0.621013323,201.940033,192.7706757,150.3575439
34627,B-20-2-16_masks.tif,91,6998,706.1248917,247.6071176,37.71375728,6.565432231,0.988332323,-40.7577423,464.2622178,1680.78451,5609,0.801514718,200.1326447,195.4025726,136.8523865
34628,B-20-2-16_masks.tif,92,9097,638.8700577,270.4020637,44.27573768,6.107228877,0.986503465,-8.459670087,4055.172474,1723.540618,7754,0.852368913,202.881485,195.5417786,163.6139984
34629,B-20-2-16_masks.tif,93,14902,1052.994949,395.113364,61.13481579,6.462984454,0.98795722,-34.26452333,2285.197155,1889.652396,9397,0.630586498,201.7602386,194.6523285,144.5045166
34630,B-20-2-16_masks.tif,94,10231,659.4558441,283.9639974,48.93515955,5.8028624,0.985039493,-5.193333318,4192.536995,1861.235656,9084,0.887889747,198.3471985,187.6983643,138.3365326
34631,B-20-2-16_masks.tif,95,5092,399.1126984,142.80789,46.69750534,3.058148158,0.945025973,-24.74241176,4143.712687,1798.069128,4585,0.90043205,196.8198547,184.1291199,142.4586639
34632,B-20-2-16_masks.tif,96,11945,841.6812409,313.0284772,49.74776798,6.292311996,0.987290804,-37.83927354,2219.460025,1892.209879,9141,0.76525743,201.9179535,194.4863739,149.1783142
34633,B-20-2-16_masks.tif,97,11537,648.2842712,272.8387991,56.17863076,4.856629566,0.978572172,-3.750445573,4252.405045,1911.551357,7599,0.658663431,194.623764,186.4867706,144.8401031
34634,B-20-2-16_masks.tif,98,8240,540.0416306,216.1543346,50.22586481,4.30364585,0.972629583,-7.818213028,4147.735194,1918.867233,885,0.107402913,217.5480194,199.1378479,166.8508453
34635,B-20-2-16_masks.tif,99,4544,348.3847763,130.6839243,45.50360979,2.871946312,0.937421783,-9.454801248,3957.971171,1876.773988,4142,0.91153169,202.4217834,195.905365,153.5603638
34636,B-20-2-16_masks.tif,100,4830,391.2132034,152.3778605,41.80609621,3.644871785,0.961627603,-9.234141555,3994.406004,1889.648861,3854,0.797929607,205.6432343,200.2778931,159.2330017
34637,B-20-2-16_masks.tif,101,15675,1022.166522,379.6219652,54.01675672,7.027855582,0.989824881,30.07533905,1218.476108,2013.488549,6483,0.413588517,176.0456543,167.887085,131.6359711
34638,B-20-2-16_masks.tif,102,6078,452.8700577,166.3310339,52.58966636,3.162808313,0.948700982,-3.288284158,4100.14643,1919.490786,1851,0.304540967,201.3538666,189.9854126,157.2528381
34639,B-20-2-16_masks.tif,103,15185,933.5807358,329.9800492,61.06863705,5.403429078,0.98272578,37.53310478,186.505894,1995.10787,7688,0.506289101,182.5377197,173.6960144,136.4529114
34640,B-20-2-16_masks.tif,104,10187,704.7106781,249.2923004,53.56343819,4.654150458,0.976644422,-55.05955552,5276.32993,2041.744675,7520,0.73819574,192.1368408,183.9829712,129.5065155
34641,B-20-2-16_masks.tif,105,13177,885.1126984,354.0686723,49.81292005,7.107968615,0.990054099,-86.39168977,2412.214692,2043.570919,5185,0.393488654,188.2223663,181.5691376,134.3174591
34642,B-20-2-16_masks.tif,106,13009,730.7695526,294.8678336,58.04387842,5.080084956,0.980434199,78.83238217,4404.127527,2119.53955,9370,0.720270582,195.2514343,188.5918884,140.0167542
34643,B-20-2-16_masks.tif,107,10539,630.0416306,259.3251131,53.20978503,4.873635797,0.978723076,-88.8547976,2259.023437,2107.010817,6849,0.649871904,193.9937286,184.5254822,149.9585266
34644,B-20-2-16_masks.tif,108,8972,625.9411255,246.21389,47.9714348,5.13251044,0.980835749,78.84923616,4195.809853,2147.402474,4786,0.533437361,188.7208557,179.9924774,131.3620911
34645,B-20-2-16_masks.tif,109,13272,891.5807358,310.2729306,55.90433869,5.550068882,0.983634032,41.71639697,414.2166968,2240.881857,6744,0.508137432,184.0551605,174.5404816,140.3109436
34646,B-20-2-16_masks.tif,110,14005,1065.296465,405.5666457,49.11446079,8.257581152,0.99264021,-18.10794262,580.3776508,2320.929882,4605,0.328811139,194.6807861,187.5441895,133.5889282
34647,B-20-2-16_masks.tif,111,7618,486.0416306,194.6102222,50.80070627,3.830856626,0.965328466,77.14332493,2815.746521,2157.74534,6796,0.892097663,195.2928162,189.9018555,155.3451996
34648,B-20-2-16_masks.tif,112,14038,943.7817459,353.3917021,54.059915,6.537037693,0.988230138,63.9831811,2256.732939,2204.091324,7086,0.50477276,193.9326782,185.7382202,159.9506073
34649,B-20-2-16_masks.tif,113,18747,1205.23759,439.4384644,64.3457612,6.82933042,0.989221443,-27.57382085,755.3035152,2344.577746,11199,0.59737558,201.2136841,194.1348267,151.953125
34650,B-20-2-16_masks.tif,114,7945,545.1126984,214.4068809,47.99640241,4.46714483,0.974622085,75.75171502,2794.591189,2203.315796,6302,0.793203272,193.1447144,185.5398254,150.2496033
34651,B-20-2-16_masks.tif,115,12029,703.4558441,301.4746963,51.78228507,5.82196587,0.985138251,-86.18330241,4380.592235,2193.428631,10726,0.891678444,198.1461945,192.0118408,146.6693115
34652,B-20-2-16_masks.tif,116,16170,968.9533188,355.1266037,59.24548971,5.994154246,0.985985809,-25.28097704,796.1623995,2370.47013,484,0.029931973,222.5082703,214.5123901,211.1487579
34653,B-20-2-16_masks.tif,117,12964,946.9533188,357.5142223,65.07348189,5.49400788,0.983295479,-25.13356072,833.4662913,2400.534017,9787,0.754936748,204.7878876,199.2857819,165.6604614
34654,B-20-2-16_masks.tif,118,14163,887.4974747,353.526581,62.01014538,5.701108728,0.984496455,3.914838657,2919.865071,2466.319777,11926,0.842053237,203.3885651,196.0535736,160.7146606
34655,B-20-2-16_masks.tif,119,10915,722.2842712,310.0858511,46.37304069,6.686769867,0.98875431,3.720555135,2785.810078,2468.681814,7642,0.700137426,203.5777283,196.1673584,163.9131165
34656,B-20-2-16_masks.tif,120,14027,841.1126984,353.7498494,51.8785893,6.818802404,0.989187952,3.976596436,2876.81393,2482.159906,11854,0.84508448,202.8232727,195.1075592,162.394043
34657,B-20-2-16_masks.tif,121,8317,581.3969696,211.456286,50.64268705,4.175455496,0.97089764,-38.85002927,428.8052182,2453.546832,6723,0.808344355,198.6146088,194.5722198,149.6888275
34658,B-20-2-16_masks.tif,122,7684,539.4558441,217.8399326,47.43369773,4.592514247,0.976005549,7.195134015,2828.877408,2470.761973,1466,0.190786049,205.6596222,201.5804901,155.2128296
34659,B-20-2-16_masks.tif,123,11293,853.3969696,323.9454016,48.0705687,6.738955048,0.988928776,-20.40956466,850.9881342,2512.567166,5746,0.508810768,204.7540894,199.8727875,156.021225
34660,B-20-2-16_masks.tif,124,10965,766.2842712,326.9529948,47.85192294,6.832598873,0.989231809,3.254593966,935.1144551,2537.075787,5567,0.507706338,191.3346558,184.0149078,143.4178162
34661,B-20-2-16_masks.tif,125,9595,678.7695526,282.1341441,46.90098982,6.015526436,0.986085914,13.25869901,2303.796665,2531.41803,3653,0.380719125,194.8321991,187.2989349,153.4908295
34662,B-20-2-16_masks.tif,126,9999,622.7695526,249.5923232,51.81403411,4.817079532,0.978214933,14.22933597,2344.505651,2522.284628,4384,0.438443844,201.2659607,193.7287903,158.2417908
34663,B-20-2-16_masks.tif,127,6896,600.7695526,249.4207065,38.05211514,6.554713335,0.988293906,-17.20003168,2427.991734,2527.729553,5194,0.753190255,204.5569916,196.0496674,158.8544464
34664,B-20-2-16_masks.tif,128,10130,755.3969696,286.7073379,46.97979985,6.10277904,0.986483641,24.69179251,213.0547878,2572.416881,4762,0.470088845,183.9823608,174.7984009,130.0384216
34665,B-20-2-16_masks.tif,129,6044,440.8700577,169.0484822,47.18153987,3.582936943,0.960261856,-19.26966824,2461.381039,2536.28276,5372,0.888815354,198.6010742,189.7120209,146.0245667
34666,B-20-2-16_masks.tif,130,5714,423.7989899,171.4835026,43.0834707,3.980262032,0.96792489,-80.1616179,3614.989149,2494.461323,5552,0.971648582,193.5226898,185.7044373,147.8957062
34667,B-20-2-16_masks.tif,131,9649,613.3553391,245.4095106,50.53956769,4.855789668,0.978564678,14.43316468,282.2773344,2601.700694,7643,0.792102809,187.5330353,179.0783691,139.3422699
34668,B-20-2-16_masks.tif,132,7302,560.8700577,228.6264717,41.8958748,5.4570163,0.983066284,85.77769287,3850.295946,2527.783758,6481,0.887565051,188.7458801,180.882431,144.5087128
34669,B-20-2-16_masks.tif,133,7970,669.1543289,265.9525158,39.33334539,6.761502566,0.989002901,23.48324771,197.0288582,2631.246424,3086,0.387202008,199.7009125,194.0505524,153.0502319
34670,B-20-2-16_masks.tif,134,5930,426.1421356,185.6333904,41.82598358,4.438231323,0.974285974,86.32985062,3648.798314,2550.480776,5333,0.899325464,192.0330048,184.0828857,149.2259521
34671,B-20-2-16_masks.tif,135,9389,501.7989899,200.9723469,61.14509006,3.286810874,0.952593406,84.47864621,3366.431462,2572.300245,7775,0.828096709,191.7854614,182.1895752,125.7672043
34672,B-20-2-16_masks.tif,136,7233,478.9705627,204.9659162,46.26686013,4.43008053,0.974190012,-86.0366428,3851.123877,2575.416563,5693,0.787086963,195.7045441,187.2255402,155.6955872
34673,B-20-2-16_masks.tif,137,9242,847.6812409,294.1405382,43.0022351,6.84012209,0.989255612,38.6825576,539.2256005,2694.915386,6160,0.666522398,184.2245178,175.5366821,151.1212616
34674,B-20-2-16_masks.tif,138,14733,946.1248917,350.8363121,57.75716631,6.074333879,0.986355877,-21.37636314,3032.674337,2751.948483,7978,0.541505464,197.2595825,189.668335,138.7273712
34675,B-20-2-16_masks.tif,139,12551,758.627417,340.4799905,50.28265468,6.7713209,0.989034945,-2.658928225,4507.599394,2737.842642,7561,0.602422118,191.2962646,186.8881073,142.6709442
34676,B-20-2-16_masks.tif,140,13226,831.1126984,343.2752818,52.76160034,6.5061575,0.988117473,-3.925638235,696.9035234,2795.612052,9235,0.698245879,196.9439087,190.2885742,148.1793213
34677,B-20-2-16_masks.tif,141,6124,462.2842712,182.7467301,43.66955494,4.184762824,0.971028878,74.26588591,3744.158883,2642.157577,5556,0.907250163,189.4569855,180.5518341,145.7514343
34678,B-20-2-16_masks.tif,142,4975,344.2842712,115.8883285,55.48479261,2.088650296,0.877935955,-38.93784999,3491.180101,2659.874774,3677,0.739095477,197.7840576,187.3785706,140.8172455
34679,B-20-2-16_masks.tif,143,9076,670.5685425,253.2951408,47.1587067,5.371121444,0.98251549,-64.64609312,4765.242948,2674.566219,7877,0.867893345,189.8404236,182.2027435,137.5246887
34680,B-20-2-16_masks.tif,144,6746,491.254834,175.7289558,50.539623,3.477053159,0.957750657,37.40285499,166.315298,2685.991699,5210,0.772309517,192.5806122,185.8725586,149.6132507
34681,B-20-2-16_masks.tif,145,9005,617.7401154,227.3936618,51.91284626,4.380296559,0.973591995,33.0786342,4083.694503,2708.303387,8716,0.967906718,193.9359741,187.3783875,152.4373627
34682,B-20-2-16_masks.tif,146,8798,624.8111832,215.4260489,54.22816602,3.972585922,0.967798751,38.42473286,496.9016822,2719.992498,4967,0.564560127,193.755188,185.4670868,151.0084534
34683,B-20-2-16_masks.tif,147,12230,839.0954544,298.6794607,54.64500607,5.465814393,0.983121223,49.43615029,4216.564432,2723.535323,0,0,,,
34684,B-20-2-16_masks.tif,148,9908,767.1543289,289.7653404,46.6204859,6.215407987,0.986972265,23.23533248,3997.010698,2809.901998,4827,0.487182075,206.7797852,199.2075806,158.4559784
34685,B-20-2-16_masks.tif,149,7203,561.7401154,209.3067185,45.47827811,4.602344837,0.976109197,53.53295876,3725.148272,2730.57365,6166,0.856032209,194.2075958,185.0715179,141.849823
34686,B-20-2-16_masks.tif,150,9259,695.882251,249.2494836,51.68600918,4.822378195,0.978263312,54.7408849,2844.052597,2738.990064,5733,0.619181337,190.3647308,182.5175323,144.7500458
34687,B-20-2-16_masks.tif,151,8724,638.9116882,238.6719503,48.85212869,4.885599804,0.978828281,25.6906396,4070.911508,2780.472834,8529,0.977647868,201.0847626,193.1221771,156.3749542
34688,B-20-2-16_masks.tif,152,3942,294.3847763,102.3090448,50.33953051,2.032379797,0.870575972,-71.00933475,3527.057078,2707.362253,3765,0.955098935,197.7484741,187.9561768,142.7954865
34689,B-20-2-16_masks.tif,153,10850,757.7401154,294.308464,53.58253749,5.49261901,0.983286958,24.69760484,3956.812258,2827.800092,9478,0.873548387,192.6179504,184.7668304,155.0063324
34690,B-20-2-16_masks.tif,154,4438,467.254834,182.2421143,33.52607997,5.435831281,0.982932888,43.99918572,3854.673051,2765.476566,4342,0.978368635,177.6699677,171.6754913,140.688385
34691,B-20-2-16_masks.tif,155,4491,496.9116882,177.3610245,33.77575361,5.251134483,0.981699799,45.68833023,3824.065464,2776.056112,3826,0.851926074,194.4307404,186.4142761,129.3131256
34692,B-20-2-16_masks.tif,156,9532,552.9116882,194.0286535,63.76022295,3.04309873,0.944464867,52.94511269,2802.88418,2777.935585,7999,0.839173311,186.3923035,179.744339,133.1367645
34693,B-20-2-16_masks.tif,157,6348,484.5269119,188.5273468,44.38320088,4.247718574,0.971893611,-71.36879576,3540.244486,2759.955892,6005,0.945967234,201.8576202,194.257782,153.2194824
34694,B-20-2-16_masks.tif,158,7816,621.254834,232.3855675,44.238224,5.253049208,0.981713262,24.41256022,4045.075486,2825.483751,6416,0.820880246,195.3299561,186.0702972,143.0540771
34695,B-20-2-16_masks.tif,159,14697,800.2253967,286.5280695,68.85302557,4.161444863,0.970698386,26.00226369,164.4008981,2879.211948,7835,0.533101994,195.0380402,186.0769653,149.7354126
34696,B-20-2-16_masks.tif,160,9557,682.9116882,244.8239618,53.69942625,4.559154145,0.975648724,26.43338799,225.8588469,2851.365596,7495,0.784241917,180.3394318,168.7399597,130.7802582
34697,B-20-2-16_masks.tif,161,5486,459.5979797,170.1647364,42.14690923,4.037419101,0.968841133,60.79351187,3761.443128,2814.168246,5365,0.977943857,197.3686829,189.4026031,156.6637421
34698,B-20-2-16_masks.tif,162,11388,907.3553391,343.1668885,47.89412518,7.165114453,0.990212896,84.78369485,4773.186863,2801.361345,6480,0.569020021,179.2020111,170.2455292,131.1202087
34699,B-20-2-16_masks.tif,163,6370,452.8700577,175.3197169,47.41690824,3.697409287,0.962731313,-79.97334387,3542.569231,2809.000471,5591,0.877708006,198.9618988,190.6404877,148.2750854
34700,B-20-2-16_masks.tif,164,13215,837.0538239,302.5497246,57.30763044,5.279396867,0.981897011,69.00103741,2770.841922,2859.869012,7134,0.53984109,184.5950317,177.1928864,144.3022156
34701,B-20-2-16_masks.tif,165,8400,629.8406204,225.7165965,49.7485719,4.537147255,0.975408941,22.28318991,4611.081429,2927.929643,5641,0.671547619,177.7502289,174.6029053,130.0175476
34702,B-20-2-16_masks.tif,166,7007,540.9116882,195.2224144,46.57012198,4.192009944,0.971130449,-39.63148485,2472.29442,2888.767233,6038,0.861709719,203.0935669,196.4319305,159.6773834
34703,B-20-2-16_masks.tif,167,6453,564.6690476,209.2557346,43.94403549,4.761868868,0.977701046,66.32933403,3670.397799,2858.491244,739,0.114520378,210.162384,211.2043304,149.8890381
34704,B-20-2-16_masks.tif,168,5256,452.5269119,181.1485132,38.89972614,4.656806903,0.976671379,24.75510815,4260.548135,2892.149734,4863,0.925228311,191.3179169,184.3808289,135.1303711
34705,B-20-2-16_masks.tif,169,7022,520.0832611,188.2457074,48.33448415,3.894646043,0.966474466,-40.4343906,2524.64184,2894.804187,6320,0.900028482,202.568985,195.5852814,158.4077606
34706,B-20-2-16_masks.tif,170,4425,347.4558441,122.9875505,47.00993745,2.616203236,0.924065854,21.97232136,4309.561582,2894.464181,3996,0.903050847,191.6091156,185.0127563,143.4186707
34707,B-20-2-16_masks.tif,171,3870,393.9411255,150.0457444,35.63265603,4.210905421,0.971392766,31.30899377,4226.81938,2898.378036,3730,0.963824289,192.0201111,185.1790924,144.2284241
34708,B-20-2-16_masks.tif,172,6089,440.8700577,170.0619,47.08859478,3.611530579,0.960901359,20.70372953,4195.519297,2940.126293,5457,0.896206274,198.0382996,190.4665527,149.171524
34709,B-20-2-16_masks.tif,173,13930,1055.882251,408.2001575,47.71661987,8.554674633,0.993144261,74.67923014,2872.044078,2939.105528,5698,0.409045226,192.991394,184.7704468,146.9587555
34710,B-20-2-16_masks.tif,174,7632,654.7106781,235.190268,42.45158133,5.540200403,0.983575189,49.01917919,3255.123952,2971.595126,5772,0.756289308,185.780838,179.9033203,151.266983
34711,B-20-2-16_masks.tif,175,12296,829.0954544,272.1968593,59.85497907,4.547605956,0.975523338,46.24392875,3216.043998,3002.770738,7361,0.598649967,196.9281311,187.2657318,145.7210999
34712,B-20-2-16_masks.tif,176,7926,527.1126984,203.2620871,52.37082151,3.881208682,0.966237861,78.04522781,3658.632728,2946.564471,5406,0.682059046,197.1814575,188.983902,132.4689178
34713,B-20-2-16_masks.tif,177,6705,515.9411255,201.6384431,45.73988031,4.408372776,0.973931789,72.3040698,3609.243997,2974.163758,4741,0.707084265,190.4003448,178.4996796,121.3203964
34714,B-20-2-16_masks.tif,178,8435,553.254834,205.6750117,53.47784738,3.845985239,0.965605547,63.42015417,4538.748548,3029.576052,5776,0.684765857,183.7501678,176.6961517,138.9754181
34715,B-20-2-16_masks.tif,179,5748,431.4558441,170.5694546,44.76497355,3.810332969,0.964947155,76.12015488,3607.68389,3014.500696,1997,0.347425191,202.9569397,196.6334534,129.6479645
34716,B-20-2-16_masks.tif,180,10359,632.7695526,248.9066018,57.58954114,4.322079962,0.97286581,15.29014811,4192.165557,3084.267014,6372,0.615117289,189.4761505,180.9427185,123.5224457
34717,B-20-2-16_masks.tif,181,16632,1182.994949,443.8009609,56.10313091,7.910449092,0.991977434,65.14324113,3115.421597,3080.588684,9516,0.572150072,192.6621552,184.4264374,150.3175659
34718,B-20-2-16_masks.tif,182,7046,508.3259018,185.9873227,48.89038297,3.804169888,0.964831415,-44.61332125,3900.381777,3058.762844,5764,0.818052796,196.0636749,189.8289337,141.4401398
34719,B-20-2-16_masks.tif,183,2614,249.7989899,75.84529146,46.55527304,1.629145025,0.789446872,89.18255825,3707.597169,3061.018363,0,0,,,
34720,B-20-2-16_masks.tif,184,4318,383.3553391,138.1139385,41.21201458,3.351302768,0.954443586,33.96303903,4493.29736,3107.214451,3902,0.903659101,198.2157898,194.4530945,153.9128723
34721,B-20-2-16_masks.tif,185,17037,1062.894444,382.5627095,59.78509302,6.398964861,0.987713541,36.0790885,3132.748899,3202.038974,8190,0.480718436,186.8130646,175.673996,123.1098938
34722,B-20-2-16_masks.tif,186,8610,578.1837662,217.8789338,55.58270771,3.919904999,0.966912506,-74.91549288,3569.93043,3087.570499,6870,0.797909408,195.8877716,186.0176086,129.5737915
34723,B-20-2-16_masks.tif,187,10788,894.2670273,302.0079122,48.24990753,6.259243337,0.987155284,32.19817127,3081.820727,3209.189377,2231,0.206803856,194.1183319,186.3662109,143.4854279
34724,B-20-2-16_masks.tif,188,8001,768.5685425,297.1812753,38.03547281,7.813266232,0.991775788,22.71307686,4444.560805,3186.359955,4299,0.537307837,192.7378387,186.2695923,150.1237488
34725,B-20-2-16_masks.tif,189,11382,875.4386002,312.8494414,49.69270038,6.295682041,0.987304494,-36.28873563,2833.916974,3199.099982,357,0.031365314,217.1400604,201.6190491,182.6806793
34726,B-20-2-16_masks.tif,190,6746,454.627417,174.5689655,52.74102209,3.309927617,0.953269455,-83.04319662,3655.231248,3118.180551,170,0.025200119,218.4294128,216.3941193,171.9411774
34727,B-20-2-16_masks.tif,191,9430,776.2253967,284.2271087,48.10742906,5.90817498,0.985571949,27.52686543,4403.996925,3209.680382,4957,0.525662778,187.7383423,182.8920746,140.0482178
34728,B-20-2-16_masks.tif,192,7508,641.6396103,230.2194135,45.50168175,5.05958032,0.980273693,-38.65761212,2859.048615,3231.48162,4234,0.563931806,204.4064789,198.3982086,154.1629639
34729,B-20-2-16_masks.tif,193,9574,633.9411255,261.8715945,48.20645368,5.432293283,0.982910456,-78.17991104,3636.945164,3164.508252,5068,0.529350324,203.5440063,194.1973114,138.4350891
34730,B-20-2-16_masks.tif,194,5009,471.9411255,188.8257954,35.57844122,5.307309397,0.982088659,20.11155925,4559.48313,3232.403673,3523,0.703333999,192.5075226,186.2432556,144.6403656
34731,B-20-2-16_masks.tif,195,5806,429.4558441,167.5849131,48.98057547,3.421456598,0.956334872,-74.45589084,3644.949879,3226.081467,4413,0.760075784,202.9512787,192.9793854,143.1121674
34732,B-20-2-16_masks.tif,196,7011,584.9116882,218.2746849,42.18627473,5.17406873,0.981145315,63.71801443,3453.738696,3266.181001,5505,0.785194694,197.3242493,190.1729279,164.4675751
34733,B-20-2-16_masks.tif,197,12490,965.7817459,364.1548186,45.87716768,7.937604631,0.992032452,26.48739269,5357.868935,3436.771817,4223,0.338110488,186.2898407,178.1553345,133.2682953
34734,B-20-2-16_masks.tif,198,6613,487.8406204,175.4899082,51.01630444,3.43987888,0.956811847,48.38321116,4220.719038,3328.133222,5633,0.851807047,189.2682343,183.8647308,144.1368713
34735,B-20-2-16_masks.tif,199,8776,720.2253967,252.3362957,46.85981755,5.384918441,0.982605763,27.29098431,5383.745556,3401.443254,6039,0.688126709,188.0750122,179.9269714,137.8625641
34736,B-20-2-16_masks.tif,200,4851,367.2132034,140.329089,44.93422085,3.122989258,0.947347928,75.95045254,3471.434756,3318.468769,4410,0.909090909,195.4639435,186.2641754,147.089798
34737,B-20-2-16_masks.tif,201,6159,486.0832611,170.4246742,47.03870455,3.623073293,0.961155117,49.67520022,4201.226985,3365.712616,3891,0.631758402,207.6394196,200.5931702,164.0524292
34738,B-20-2-16_masks.tif,202,6538,433.7989899,178.1716053,48.08770763,3.705138258,0.96288963,82.46944743,3698.775314,3351.236005,5866,0.897216274,192.7470093,184.6905823,151.2601471
34739,B-20-2-16_masks.tif,203,8033,601.3969696,215.4597335,49.64509047,4.340000823,0.973092526,41.03117376,4174.432093,3421.193825,7213,0.897921076,195.6442566,189.3391113,151.1106262
34740,B-20-2-16_masks.tif,204,6180,481.3553391,185.9902922,44.00880906,4.226205984,0.971602552,71.54441499,3688.521845,3398.818123,5093,0.824110032,193.1557007,182.8236847,154.2611389
34741,B-20-2-16_masks.tif,205,11641,692.2842712,273.791853,55.78190463,4.908255729,0.979025372,6.802603325,454.4576926,3523.404433,3836,0.329524955,187.7640839,177.825592,147.4324799
34742,B-20-2-16_masks.tif,206,6723,590.2253967,221.9510335,39.70712288,5.589703243,0.983867194,51.57330369,4101.665923,3468.862413,3013,0.448163022,205.3806763,199.4732819,167.7288361
34743,B-20-2-16_masks.tif,207,8405,570.3259018,207.0349634,54.40568327,3.805392213,0.964854415,54.61891875,4044.211541,3490.344319,7718,0.918262939,194.8209381,186.2540741,144.371994
34744,B-20-2-16_masks.tif,208,8626,530.3847763,225.0113044,50.87215821,4.423073687,0.974107085,2.199159613,298.3150939,3548.652098,7118,0.825179689,194.0427094,186.4311676,143.4855347
34745,B-20-2-16_masks.tif,209,6885,454.627417,177.5293308,51.21220213,3.466543586,0.957488398,4.806195586,357.497313,3567.922004,6301,0.915177923,198.4907227,191.9038239,155.9477844
34746,B-20-2-16_masks.tif,210,4136,328.7279221,123.837277,46.51376194,2.662379301,0.9267803,1.92650388,405.9760638,3597.917553,3619,0.875,196.0831757,189.9792786,146.0035858
34747,B-20-2-16_masks.tif,211,5426,413.0121933,145.3251161,48.30642119,3.008401626,0.94313765,47.98957908,4063.05105,3595.127534,3801,0.700516034,175.3625336,169.6800842,132.5843201
34748,B-20-2-16_masks.tif,212,3034,263.3137085,95.93452942,42.76407518,2.243343952,0.89515096,10.48856478,3952.45056,3603.370798,2566,0.845748187,179.04599,173.2291565,127.1975861
34749,B-20-3-01_masks.tif,1,4133,358.627417,125.29449,47.33299341,2.647085699,0.925897861,26.36343961,501.4420518,46.30244375,1689,0.408661989,188.5695648,180.9224396,127.0580215
34750,B-20-3-01_masks.tif,2,5925,515.1126984,196.3879462,43.17272614,4.548889166,0.975537319,73.73385712,1363.67308,31.99527426,4293,0.724556962,194.4367523,196.1656189,144.453064
34751,B-20-3-01_masks.tif,3,5616,481.0121933,178.8663022,43.5475756,4.107376812,0.969909836,55.0798019,1460.762642,46.91132479,509,0.090633903,222.754425,201.5422363,203.1218109
34752,B-20-3-01_masks.tif,4,7858,510.0832611,183.6529756,57.50164357,3.193873499,0.949720349,44.75849869,2251.698778,55.98358361,0,0,,,
34753,B-20-3-01_masks.tif,5,11617,679.1126984,277.7043963,61.53130059,4.513221623,0.975144193,7.531199846,2837.523887,102.9047086,3314,0.285271585,193.784256,184.4420624,140.2887726
34754,B-20-3-01_masks.tif,6,4240,414.7279221,188.260202,30.04546837,6.265843475,0.987182505,-88.58611854,3067.037736,12.2495283,0,0,,,
34755,B-20-3-01_masks.tif,7,10212,643.0121933,248.4397555,54.08529809,4.593480377,0.976015765,19.50474668,3800.017039,102.7413827,6095,0.596846847,194.09729,186.6488953,145.4966431
34756,B-20-3-01_masks.tif,8,11673,698.7695526,292.5896579,54.49605612,5.369006103,0.982501587,13.33761165,3852.438876,123.0281847,8322,0.712927268,212.1816864,205.9589081,173.2230225
34757,B-20-3-01_masks.tif,9,9149,645.882251,226.3481475,54.48494762,4.154324402,0.970596332,53.39823146,4474.67603,60.55579845,3870,0.422997049,200.9385071,196.6984558,144.7493591
34758,B-20-3-01_masks.tif,10,9549,558.5269119,205.4099632,64.93910562,3.163116604,0.948711251,74.47319915,4569.866059,35.60812651,2072,0.216986072,194.6669922,186.2881317,147.8706512
34759,B-20-3-01_masks.tif,11,16104,942.8528137,352.887597,63.85391586,5.526483259,0.983492867,60.20059296,5119.881582,75.47901143,9671,0.600534029,199.1472473,195.4451447,147.2286224
34760,B-20-3-01_masks.tif,12,19605,1167.379726,431.0392785,64.78766223,6.653107454,0.988639568,55.26509504,913.4239735,120.1218057,11063,0.564294823,192.2926025,189.6682587,150.1675873
34761,B-20-3-01_masks.tif,13,12515,755.5979797,295.7127641,70.63120518,4.186715537,0.971056299,-8.173441127,1721.526888,129.7776268,5891,0.470715142,198.8370361,192.4128265,147.5272522
34762,B-20-3-01_masks.tif,14,11013,711.3553391,285.0114113,52.88758832,5.389003741,0.982632359,-79.38079032,3061.53682,50.72605103,4945,0.449014801,200.6517639,198.9589539,147.2958527
34763,B-20-3-01_masks.tif,15,13557,861.0954544,304.5840577,58.32329609,5.222339582,0.981495528,44.45851623,4386.798923,114.0090728,6612,0.487718522,203.4502411,198.4048767,161.7823639
34764,B-20-3-01_masks.tif,16,8716,665.0538239,241.0430638,51.4689348,4.683272828,0.976937405,54.25047912,4435.668655,83.47751262,242,0.02776503,232.8347168,201.5495911,227.095047
34765,B-20-3-01_masks.tif,17,17281,980.509668,366.9884679,64.83656024,5.660208786,0.984269795,-57.24907046,4697.039928,97.36305769,6356,0.367802789,200.9594116,195.4603577,131.08638
34766,B-20-3-01_masks.tif,18,13265,1010.409163,373.8154872,59.01123313,6.334649647,0.987461195,49.01320359,5043.088051,136.3686393,6440,0.485488127,200.6604004,194.3161469,156.5599365
34767,B-20-3-01_masks.tif,19,14008,966.4091629,355.9110987,51.77152115,6.874650208,0.989363847,53.05396867,5093.80197,125.2874786,5030,0.359080525,200.7936401,199.4322052,158.8017883
34768,B-20-3-01_masks.tif,20,19137,883.5979797,366.9623772,67.65258156,5.424218392,0.982859092,10.09778951,1611.590009,201.4497048,7134,0.372785703,193.9198151,184.5762482,119.1567154
34769,B-20-3-01_masks.tif,21,17262,948.509668,332.1875483,70.53250041,4.709708948,0.977198597,-50.30897219,4752.181265,139.558568,7489,0.433843124,208.4200897,201.6828613,143.201767
34770,B-20-3-01_masks.tif,22,13063,830.2670273,305.8000806,58.4661762,5.230375928,0.981552882,42.25304633,4983.574906,147.2796448,7343,0.562122024,197.1932526,195.3932953,141.7153778
34771,B-20-3-01_masks.tif,23,19380,1107.296465,459.3351441,59.83212989,7.677064897,0.991480118,76.9386703,1328.406708,100.0372549,8341,0.430392157,191.2450562,186.0514374,141.5516052
34772,B-20-3-01_masks.tif,24,5005,411.7989899,156.5243201,42.293154,3.700937512,0.96280371,-3.272600237,1688.372028,117.553047,2373,0.474125874,199.765274,187.8449249,133.0830231
34773,B-20-3-01_masks.tif,25,21914,1057.012193,454.1256774,63.82081589,7.115635723,0.990075629,-1.442822754,4891.667701,285.4456055,8706,0.397280277,206.1428833,198.6604614,139.0767212
34774,B-20-3-01_masks.tif,26,13263,835.1543289,316.5899731,55.85722449,5.667842897,0.984312479,18.27385709,3587.883963,225.3513534,6681,0.503732187,205.0939941,198.9381866,152.2328949
34775,B-20-3-01_masks.tif,27,12901,894.7695526,339.2726162,52.05806799,6.517195688,0.988157931,-6.603696012,417.2461825,250.7844353,4896,0.379505465,205.7661285,196.5257416,154.5714874
34776,B-20-3-01_masks.tif,28,10963,808.1837662,306.9910018,48.33463005,6.35136757,0.987527533,-5.884916025,459.4341877,258.7217003,5853,0.53388671,198.8807373,189.0105896,147.7237244
34777,B-20-3-01_masks.tif,29,15158,917.6396103,346.5355621,68.58995868,5.052278333,0.980216055,20.10712899,3563.532392,290.8572371,5985,0.394841008,202.563736,194.0753479,155.0113678
34778,B-20-3-01_masks.tif,30,10902,687.9827561,251.5540806,58.22039693,4.32072081,0.972848498,63.17108608,4340.100349,171.1007155,6532,0.599156118,195.7815399,194.367569,146.1913605
34779,B-20-3-01_masks.tif,31,12845,847.254834,333.7156509,52.15352022,6.398717661,0.987712585,78.61279321,1351.201635,148.8792526,7434,0.578746594,208.1589966,203.7723999,182.6667938
34780,B-20-3-01_masks.tif,32,9648,563.4558441,223.5543071,56.32396888,3.969079444,0.967740881,-1.043325743,522.9089967,216.5087065,6766,0.70128524,194.0444946,187.7165222,138.2444611
34781,B-20-3-01_masks.tif,33,13190,767.3969696,283.8207373,60.74979614,4.67196197,0.976824275,65.99666697,3740.506672,224.7222896,6527,0.494844579,197.6949615,197.1761932,157.1438599
34782,B-20-3-01_masks.tif,34,11984,649.4558441,271.8366611,59.59899221,4.561094928,0.975669701,-3.373451411,4947.262433,292.0640854,6689,0.558160881,205.1797028,200.7186432,147.7353821
34783,B-20-3-01_masks.tif,35,16824,980.4680374,384.8149596,80.11414689,4.803333426,0.978088668,71.98361465,1382.540418,222.8953875,8127,0.483059914,194.0569763,189.7893372,150.5775757
34784,B-20-3-01_masks.tif,36,15842,903.8406204,367.0174889,58.67399122,6.255198961,0.98713856,10.80860753,1751.335753,393.6624164,8067,0.509216008,194.8269501,189.0556641,140.2749481
34785,B-20-3-01_masks.tif,37,15954,944.3675324,368.2050392,56.53902358,6.512405342,0.988140398,65.09599843,4600.777047,300.6160211,6334,0.397016422,191.8926392,190.7134552,146.8817444
34786,B-20-3-01_masks.tif,38,10716,579.9411255,216.9588372,65.78353146,3.298072213,0.95292458,-79.52457661,3738.194102,323.3840052,4316,0.402762225,211.6563873,209.1408691,162.0373077
34787,B-20-3-01_masks.tif,39,12957,865.3553391,382.2734332,49.77833883,7.679513663,0.991485574,-2.65233577,1399.288879,472.3582619,91,0.007023231,226.9340668,225.6263733,189.9670258
34788,B-20-3-01_masks.tif,40,17933,895.3553391,378.824799,65.75152614,5.76146017,0.984822044,-5.978095436,1350.443373,479.6648637,11019,0.6144538,205.587265,198.6805573,160.4167328
34789,B-20-3-01_masks.tif,41,11484,797.5979797,325.4916659,55.36891129,5.87859971,0.985425332,-9.234853902,1523.528126,483.2611459,4140,0.360501567,199.4898529,190.6103821,151.7915497
34790,B-20-3-01_masks.tif,42,15895,834.9116882,332.2616127,61.75547391,5.380277921,0.982575479,-16.04291897,2132.651651,483.4251022,6939,0.436552375,201.0319977,192.949707,141.6007996
34791,B-20-3-01_masks.tif,43,9584,771.2132034,339.3373864,36.81040815,9.218517354,0.994098925,-0.983742802,1432.162876,499.0603088,3410,0.355801336,191.843689,182.5715485,147.3281555
34792,B-20-3-01_masks.tif,44,15630,959.9827561,355.4860077,68.97366411,5.15393828,0.980996311,-14.56365314,1558.821689,537.0244402,10740,0.687140115,207.0273743,200.4321289,159.8178711
34793,B-20-3-01_masks.tif,45,12132,791.4974747,289.2463899,56.6952501,5.101774654,0.980601852,14.64630956,3940.211259,462.3136334,9409,0.775552258,207.9618378,201.3961029,170.0663147
34794,B-20-3-01_masks.tif,46,10548,834.9116882,323.222615,44.4988935,7.263610162,0.990477793,15.11250326,3899.625711,478.5310959,6991,0.662779674,203.6594238,199.7689819,161.0447693
34795,B-20-3-01_masks.tif,47,13066,807.5979797,336.9707032,50.59890754,6.659643846,0.988661985,-11.04319969,1479.676871,498.2789683,9006,0.689269861,209.02565,202.4524689,162.8938446
34796,B-20-3-01_masks.tif,48,11269,723.1126984,307.7484844,51.81388418,5.939498442,0.985724827,-5.773919163,2262.215015,496.5856775,4555,0.404206229,207.6757355,198.0019684,151.2478638
34797,B-20-3-01_masks.tif,49,12899,691.1126984,287.0649154,59.77759054,4.802216228,0.978078358,-8.734942395,2307.30514,493.4471664,4416,0.34235212,200.4970551,193.6924744,148.7823792
34798,B-20-3-01_masks.tif,50,14089,1004.752309,372.0923463,55.35590863,6.721818058,0.988871934,31.3042751,1715.858968,512.1132089,8060,0.572077507,202.360672,196.5954132,164.3079376
34799,B-20-3-01_masks.tif,51,6367,459.3553391,165.9723693,50.05587509,3.315742039,0.953437201,-23.9579946,2190.891786,467.2743835,4568,0.717449348,201.9292908,194.3618622,146.7116852
34800,B-20-3-01_masks.tif,52,21189,1192.308658,436.8285124,63.66145126,6.861742919,0.989323579,-30.25043928,2640.597338,602.0922177,9489,0.447826703,202.5121765,194.597641,143.4446259
34801,B-20-3-01_masks.tif,53,13033,956.9949494,348.7400168,51.26101935,6.803220482,0.989138096,31.57250931,1695.28681,555.6384562,6657,0.510780327,203.0563354,193.8639069,163.6034241
34802,B-20-3-01_masks.tif,54,21830,1243.379726,475.9765462,66.73142165,7.132720006,0.99012335,58.78527762,3097.069583,522.4609711,5537,0.253641777,190.063385,182.1546021,130.8192139
34803,B-20-3-01_masks.tif,55,12773,736.6690476,278.2753444,60.19096049,4.623208237,0.976326946,18.66163311,2865.903703,559.9632036,5052,0.395521804,213.2874146,204.6611176,163.9463654
34804,B-20-3-01_masks.tif,56,24942,1285.622366,466.5905023,71.72808499,6.504990372,0.988113183,-32.01923142,4352.048152,630.4602678,11309,0.453411916,206.2738495,195.4369965,140.1707458
34805,B-20-3-01_masks.tif,57,14900,888.9116882,340.9396079,60.91180001,5.597266997,0.983911123,13.52401079,2817.183758,585.5144966,6175,0.41442953,204.877243,193.4416199,151.3986969
34806,B-20-3-01_masks.tif,58,15218,929.6812409,344.9694619,58.84161388,5.862678454,0.985345475,28.50993179,1994.062098,633.6877382,6667,0.438099619,198.8504639,190.7271576,145.8749084
34807,B-20-3-01_masks.tif,59,23421,1264.468037,528.4997628,88.34730358,5.982070096,0.985928728,87.97658143,878.3270142,539.3226165,11023,0.470646001,195.4900665,191.5145569,144.0500793
34808,B-20-3-01_masks.tif,60,9245,682.1248917,254.2201749,47.28658306,5.3761587,0.98254853,44.49348396,3008.511952,584.392212,5783,0.625527312,199.4508057,193.9169922,160.1962585
34809,B-20-3-01_masks.tif,61,16550,910.5269119,393.1200142,59.88596286,6.564476805,0.988328907,-5.067747722,2414.058248,687.9739577,5987,0.361752266,200.5438385,194.1775513,139.3652954
34810,B-20-3-01_masks.tif,62,21834,1234.450793,428.8467902,70.58940402,6.07522894,0.986359925,43.72088054,3143.229733,650.360447,8627,0.395117706,195.6952515,190.3359222,138.9048309
34811,B-20-3-01_masks.tif,63,11012,728.0832611,287.1945818,54.65924739,5.254272525,0.981721855,18.96311023,1934.029786,632.853705,6962,0.632219397,200.3845215,190.7767944,159.9824829
34812,B-20-3-01_masks.tif,64,17480,933.1543289,349.4559794,67.40945762,5.184079382,0.981218759,14.68056323,2957.977975,690.923341,9917,0.567334096,204.4018402,199.0927734,145.8527832
34813,B-20-3-01_masks.tif,65,4133,294.1421356,104.4252668,51.11082364,2.043114537,0.872032025,-4.477941653,2716.201549,596.6777159,3338,0.807645778,205.4475708,198.8370209,157.7648315
34814,B-20-3-01_masks.tif,66,14023,910.2842712,380.7496929,48.78643283,7.804417558,0.99175705,-88.03404315,843.8542395,576.7433502,4488,0.320045639,197.9273682,192.5093536,156.0441132
34815,B-20-3-01_masks.tif,67,9580,651.7989899,276.6306527,46.0080518,6.012657391,0.986072538,-0.968852842,2757.286013,678.7559499,6659,0.695093946,203.8408203,194.6691742,161.5565338
34816,B-20-3-01_masks.tif,68,18145,956.4264069,386.952626,63.01022089,6.141108864,0.986652977,6.929587483,2166.993552,752.9938826,8914,0.491264811,201.6996918,193.3036804,149.7875214
34817,B-20-3-01_masks.tif,69,15043,970.7523087,354.7473612,55.43220182,6.399662102,0.987716234,31.17945537,1881.514791,731.5998139,7586,0.504287709,192.1651764,186.7457123,138.3437958
34818,B-20-3-01_masks.tif,70,15049,1043.823376,383.1905021,59.78843505,6.409107409,0.987752638,-58.26388215,4418.380424,695.8626487,6714,0.446142601,207.5851898,198.6015778,154.5835571
34819,B-20-3-01_masks.tif,71,21494,1305.865007,480.9831123,61.67721774,7.798391853,0.991744254,-58.15011807,4422.102308,747.030334,10524,0.489625012,208.457428,201.9427032,155.1624908
34820,B-20-3-01_masks.tif,72,15052,948.1248917,371.0850107,60.94442879,6.088907847,0.986421563,-22.48750873,4987.70376,757.8149748,7494,0.497874037,205.9119263,199.6945496,145.7281799
34821,B-20-3-01_masks.tif,73,19059,1115.781746,453.2055819,56.59507156,8.007863042,0.992172198,-20.35429521,5004.475209,836.5814576,6573,0.344876436,204.2959137,197.6058044,144.5023651
34822,B-20-3-01_masks.tif,74,14356,881.7401154,337.6909922,59.65582127,5.660654485,0.984272292,-5.995847312,4060.424074,797.3335191,4929,0.343340763,204.1050873,199.7033844,156.7204285
34823,B-20-3-01_masks.tif,75,15284,1004.267027,367.3005522,57.85220425,6.348946543,0.987517959,27.68724668,5293.095263,800.0859068,8284,0.542004711,195.5463562,188.5953674,155.2358704
34824,B-20-3-01_masks.tif,76,17082,826.0832611,325.8424402,68.15096156,4.781186248,0.977882904,14.14393046,2836.403349,811.1591149,7901,0.462533661,200.3809662,193.1436462,132.6345978
34825,B-20-3-01_masks.tif,77,17569,1031.781746,404.941977,61.75984582,6.556719364,0.98830111,23.44112741,5239.31419,831.7870681,6676,0.379987478,200.5500336,200.3912506,149.9463806
34826,B-20-3-01_masks.tif,78,15237,864.5269119,370.0619856,59.59061266,6.21007184,0.986949719,-1.242271599,2262.39765,835.7788935,4632,0.30399685,199.3814697,189.9099731,145.0660553
34827,B-20-3-01_masks.tif,79,13892,811.3553391,345.377751,57.39425524,6.017636252,0.986095738,2.983805834,3032.951843,819.9310394,8281,0.596098474,207.7034149,200.304306,155.7304688
34828,B-20-3-01_masks.tif,80,14421,1025.982756,411.7742952,67.50642815,6.099779036,0.986470251,-3.134817956,3930.729006,845.4639068,4205,0.291588655,208.150528,199.2944183,144.3051147
34829,B-20-3-01_masks.tif,81,9807,675.2132034,290.7117503,44.66885702,6.508152877,0.988124802,0.225638626,3072.34455,809.6828796,4594,0.46844091,204.2170258,197.7982178,153.9490662
34830,B-20-3-01_masks.tif,82,11358,771.2132034,335.0554566,45.65116154,7.339472761,0.990674545,-1.978542749,2221.71333,863.4956859,4784,0.421200916,199.5633392,191.193985,145.2441406
34831,B-20-3-01_masks.tif,83,20692,1260.450793,440.9369988,64.41401938,6.845357627,0.98927213,55.19533271,1830.952494,814.0802242,8999,0.434902378,201.6085052,195.8962097,151.4330444
34832,B-20-3-01_masks.tif,84,15086,761.8406204,302.8430483,67.13454792,4.510986634,0.975119242,-13.15680466,242.0943259,858.7558001,6336,0.419992046,192.8529053,183.0285645,124.125
34833,B-20-3-01_masks.tif,85,20262,1193.154329,486.3359465,55.29410166,8.795439873,0.993515668,10.38182887,3728.60384,940.7594018,6780,0.334616524,198.6153412,190.0200653,149.9699097
34834,B-20-3-01_masks.tif,86,9246,623.9411255,265.2649141,45.84933381,5.785578372,0.984949289,-11.56814741,4010.073978,837.5248756,5820,0.629461389,205.1644287,199.6355743,153.9575653
34835,B-20-3-01_masks.tif,87,16510,1128.568542,438.2687363,56.43439809,7.765985837,0.991674921,10.85381845,3682.611629,935.3660206,10003,0.605875227,205.4196777,195.5279388,160.9481201
34836,B-20-3-01_masks.tif,88,16124,1064.651804,374.9973267,71.31878026,5.258044589,0.981748315,52.85781415,1821.5258,874.3662863,9017,0.559228479,194.398468,189.6174927,148.5749207
34837,B-20-3-01_masks.tif,89,12404,742.7695526,299.5695029,57.19777572,5.237432734,0.981603025,-6.496865062,2602.810223,881.9456627,7273,0.586343115,206.5513611,199.7135925,159.1645813
34838,B-20-3-01_masks.tif,90,13954,843.7401154,332.8106053,54.56747878,6.099065098,0.986467062,15.18359075,5157.008026,897.7883761,6106,0.437580622,201.7559814,195.7220764,149.9254761
34839,B-20-3-01_masks.tif,91,11589,711.1126984,294.8124513,52.16967584,5.651030921,0.984218249,-7.270852015,2652.596428,885.7261196,5635,0.486236949,203.8527069,196.2871399,156.9888153
34840,B-20-3-01_masks.tif,92,15334,1003.053824,399.8953919,67.78352682,5.899595531,0.985529646,20.90588138,5141.462176,976.7172297,5025,0.327703143,201.6167145,193.2411957,144.4280548
34841,B-20-3-01_masks.tif,93,21101,899.6984848,381.5154877,71.20151733,5.358249403,0.982430631,-1.416179164,5056.5722,982.5818208,8296,0.393156722,203.6342773,197.2343292,132.6381378
34842,B-20-3-01_masks.tif,94,15913,1044.509668,340.0167899,75.18149073,4.522613034,0.975248623,30.27837698,2747.921574,974.7972098,8900,0.559291146,198.7332611,192.9814606,144.3955078
34843,B-20-3-01_masks.tif,95,19182,1303.781746,523.1605847,54.51500435,9.596634742,0.994556029,14.89564006,3619.909603,1074.677093,6589,0.343499114,206.5917511,198.8725128,158.1359863
34844,B-20-3-01_masks.tif,96,18524,946.1248917,347.3184639,70.52862095,4.924503829,0.979165023,-22.67156469,3193.885122,980.0340099,8466,0.457028719,202.7919922,195.9105835,136.3043976
34845,B-20-3-01_masks.tif,97,19100,1133.539105,449.7068533,65.23988989,6.893127105,0.989421095,75.88936045,1362.222094,901.5813613,6418,0.336020942,197.3781586,193.2505493,159.302124
34846,B-20-3-01_masks.tif,98,24467,1199.012193,509.1757408,66.95829964,7.604370833,0.99131573,-3.43433775,2145.674419,1104.333429,9107,0.372215637,201.9625549,192.1199036,142.4879761
34847,B-20-3-01_masks.tif,99,16754,1214.066017,460.7523785,52.10167639,8.843331163,0.993585936,26.61152888,3679.623851,1088.329294,6508,0.388444551,204.9437561,198.4958496,164.2807312
34848,B-20-3-01_masks.tif,100,9505,731.0121933,285.0083063,44.53885386,6.39909386,0.987714039,77.9605522,1417.066176,953.2636507,5434,0.571699106,196.4738617,194.7476959,152.7004089
34849,B-20-3-01_masks.tif,101,20255,1171.23759,441.008442,60.83999793,7.248659714,0.990438284,27.64458999,935.6798815,1120.315873,7420,0.366329301,191.7497253,183.5024261,137.4413757
34850,B-20-3-01_masks.tif,102,17937,1119.823376,424.8953297,54.7013144,7.76755247,0.991678293,60.8930713,1240.405921,1028.909572,6155,0.343145454,194.3785553,187.7247772,141.4913025
34851,B-20-3-01_masks.tif,103,13859,1025.681241,374.2547061,57.42668658,6.517086887,0.988157533,61.30698545,1247.215528,1082.102605,6620,0.477667941,198.4404907,189.6732635,155.0222015
34852,B-20-3-01_masks.tif,104,9451,570.8700577,231.9610263,54.25735977,4.275199297,0.972258922,0.725457789,167.7491271,1082.843932,6290,0.665538038,192.5162201,183.0470581,150.3736115
34853,B-20-3-01_masks.tif,105,17171,1143.622366,424.1645965,65.52281063,6.473540931,0.987996703,41.98373473,1614.335624,1123.56875,10111,0.588841652,200.8229675,192.9894104,151.8064423
34854,B-20-3-01_masks.tif,106,14254,1067.03658,371.4737844,50.32146961,7.382013825,0.990782216,43.36800439,1570.807352,1137.323348,6026,0.422758524,199.8438416,190.5911102,156.3307343
34855,B-20-3-01_masks.tif,107,7615,561.6984848,237.23415,41.71811403,5.686598149,0.984416605,-13.6173504,221.635325,1107.035719,5110,0.671043992,198.5704498,189.4931488,154.3371887
34856,B-20-3-01_masks.tif,108,10438,677.9411255,269.3662388,50.58798533,5.324707775,0.982206576,-13.10145385,342.2868366,1148.493581,3186,0.305230887,200.0819244,194.7419891,155.1274261
34857,B-20-3-01_masks.tif,109,7002,627.1543289,239.6390168,40.49175485,5.918217614,0.98562123,-29.89570956,302.3586118,1110.358612,6221,0.88846044,203.2647552,195.6526337,155.5285339
34858,B-20-3-01_masks.tif,110,19807,1257.521861,464.123257,62.29202646,7.450765104,0.990952317,50.68009515,2748.621296,1162.800979,10012,0.505477861,201.9332733,194.8156281,157.7784729
34859,B-20-3-01_masks.tif,111,16816,1054.166522,343.9351828,71.30493298,4.823441638,0.978273002,54.35982213,2794.382136,1122.614118,11572,0.688154139,205.8990631,198.7808533,161.9753723
34860,B-20-3-01_masks.tif,112,16641,1152.208153,415.92974,67.62910566,6.15015881,0.986692493,50.58889296,2680.107385,1218.994111,9226,0.554413797,199.1740723,192.1723328,157.550293
34861,B-20-3-01_masks.tif,113,14376,858.6690476,349.5393499,57.93667988,6.033127039,0.986167548,11.67803138,2221.743948,1244.398651,4596,0.319699499,197.0208893,188.4190674,149.6381683
34862,B-20-3-01_masks.tif,114,15368,1100.450793,387.4623912,51.88759279,7.467341812,0.990992624,51.24667263,2723.071903,1199.462129,6433,0.418597085,209.6242828,199.1417694,165.713501
34863,B-20-3-01_masks.tif,115,17680,1217.580736,445.8715865,61.28983654,7.274804628,0.990507217,67.09353811,3508.23026,1279.51957,11363,0.64270362,203.7393341,197.2252045,162.2879486
34864,B-20-3-01_masks.tif,116,10814,943.5391052,395.1139893,43.80225765,9.020402383,0.993836055,26.19286611,2006.970501,1325.452377,3917,0.362215646,200.3908539,193.2514648,158.8616333
34865,B-20-3-01_masks.tif,117,19047,986.0660172,364.260748,68.42240651,5.323705589,0.982199815,47.87515646,5208.2193,1290.708721,8093,0.424896309,193.7111053,192.5697479,133.7162933
34866,B-20-3-01_masks.tif,118,14893,891.6396103,336.8900848,57.88393267,5.820096688,0.985128631,71.09713934,3517.080642,1234.256496,9283,0.623312966,201.4108582,196.1919708,152.6061554
34867,B-20-3-01_masks.tif,119,14113,994.3675324,358.4665864,62.21247922,5.761972371,0.984824763,64.48328169,3052.640402,1287.792815,4187,0.296676823,192.3097687,187.9235687,141.3267212
34868,B-20-3-01_masks.tif,120,29360,1586.190909,572.6679463,70.1438424,8.164194129,0.992470233,52.47806684,4684.380484,1349.716894,8006,0.272683924,208.7259521,202.7978973,174.6916046
34869,B-20-3-01_masks.tif,121,26687,1549.462987,552.9993092,72.31193124,7.647414469,0.991413637,52.80292834,4637.777869,1381.889534,6976,0.261400682,197.0303955,192.2884216,169.1189728
34870,B-20-3-01_masks.tif,122,17092,799.1126984,322.8944419,70.81538313,4.559665254,0.975654251,-1.83802586,2585.967763,1377.807746,9648,0.564474608,204.7844086,198.8954163,151.3091888
34871,B-20-3-01_masks.tif,123,6705,534.4264069,189.0090988,46.47359327,4.067021409,0.969300228,23.95064835,2034.301715,1312.511857,5758,0.858762118,198.1507416,190.7410583,165.4829865
34872,B-20-3-01_masks.tif,124,20408,998.9116882,397.6200525,73.98439481,5.374377307,0.982536856,5.620541851,4297.090798,1419.76323,9745,0.47750882,200.63591,190.5155487,137.6004181
34873,B-20-3-01_masks.tif,125,21351,957.8406204,381.354656,76.60274154,4.978342137,0.97961789,4.20852866,4356.703058,1411.981781,9229,0.432251417,204.8184052,196.1830139,134.45401
34874,B-20-3-01_masks.tif,126,20223,1231.4386,506.8929595,56.88806614,8.91035667,0.993682375,17.69535039,4535.071849,1489.732334,3835,0.189635563,208.8498077,200.7958221,169.0936127
34875,B-20-3-01_masks.tif,127,22204,1125.39697,473.8384029,63.05314627,7.51490498,0.991106792,-13.88949969,5050.295262,1495.728607,8795,0.396099802,196.6612854,190.0096588,136.4321747
34876,B-20-3-01_masks.tif,128,18143,1234.267027,470.3918331,69.4045907,6.777531981,0.989055145,20.32904166,4458.21088,1532.287935,4077,0.224714766,194.8435059,188.5935669,157.4186859
34877,B-20-3-01_masks.tif,129,19959,1108.124892,431.9567352,77.22063769,5.593799121,0.983891005,15.88816889,4592.15136,1508.237437,5729,0.287038429,203.5533295,198.4852448,161.8673401
34878,B-20-3-01_masks.tif,130,11226,794.4264069,325.2268996,46.0480869,7.062766805,0.989925734,-76.10766935,1528.702209,1395.065829,8147,0.725725993,200.6849213,192.9625702,156.1431274
34879,B-20-3-01_masks.tif,131,22621,1388.977705,508.538907,62.18029516,8.178457592,0.992496574,45.85451964,451.5824676,1582.13682,6263,0.276866628,199.0245819,188.0996399,158.567627
34880,B-20-3-01_masks.tif,132,19925,1348.735065,486.2241275,61.12537269,7.954538452,0.992066475,45.29227563,513.5881556,1577.16808,9901,0.496913425,191.3285522,185.5244904,140.1930084
34881,B-20-3-01_masks.tif,133,20678,1226.693434,453.2125206,66.03585154,6.863128287,0.989327912,46.66665928,5252.322662,1572.274543,9413,0.455218106,195.2434998,192.8834534,142.1528778
34882,B-20-3-01_masks.tif,134,13609,907.0538239,336.747302,57.36244005,5.870519136,0.985384884,19.29966974,1938.062018,1595.685943,8058,0.592108164,194.7110901,187.412262,141.869812
34883,B-20-3-01_masks.tif,135,10000,688.8111832,245.5913971,54.57037632,4.500452694,0.975001138,30.51466815,3646.51,1529.5493,5082,0.5082,200.8146362,191.1912689,168.0352173
34884,B-20-3-01_masks.tif,136,7354,521.254834,186.9088314,51.54589761,3.626066091,0.961220506,32.48891072,3689.381969,1509.332744,6103,0.829888496,205.4984436,200.3875122,168.0561981
34885,B-20-3-01_masks.tif,137,13769,940.8111832,355.3495785,51.85944999,6.852166357,0.989293554,18.27256308,1901.106398,1634.463941,8144,0.5914736,203.0266418,195.0262756,155.4918976
34886,B-20-3-01_masks.tif,138,17283,1042.994949,385.3792281,62.04231924,6.21155419,0.986955988,29.81261325,5213.377018,1635.847307,9818,0.568072673,196.2500458,192.3397827,138.8963165
34887,B-20-3-01_masks.tif,139,19700,1244.592929,459.1260331,59.99817794,7.652332935,0.991424718,43.05612846,476.212335,1684.120812,6493,0.329593909,194.8159485,186.5764618,148.9970703
34888,B-20-3-01_masks.tif,140,17052,913.5979797,386.2296238,57.96924597,6.662664269,0.988672322,8.285397398,2614.822953,1720.632477,11437,0.670713113,204.979187,197.112793,162.3415222
34889,B-20-3-01_masks.tif,141,12959,851.254834,324.0038276,62.47662233,5.186001028,0.981232808,6.032082359,2713.85894,1686.142526,9324,0.719499961,200.2806702,190.4971008,156.5053558
34890,B-20-3-01_masks.tif,142,11876,714.2842712,312.5306813,49.63783678,6.296218802,0.987306672,7.43549827,2660.215477,1693.247642,9532,0.802627147,201.6959686,192.8296204,149.2174835
34891,B-20-3-01_masks.tif,143,21117,1212.936075,434.573473,64.77378494,6.709094943,0.988829449,49.44079435,418.2793484,1712.198182,3800,0.179949803,202.7955322,193.3026276,154.1081543
34892,B-20-3-01_masks.tif,144,4218,367.7989899,145.8669088,38.05938866,3.832613028,0.965360807,-75.33160068,2461.47724,1598.962304,3508,0.831673779,186.5168152,181.1108856,135.5133972
34893,B-20-3-01_masks.tif,145,14118,855.1959595,325.4421485,57.00215244,5.709295782,0.984541235,29.21264668,4429.949285,1733.046395,6242,0.442130613,189.4803009,184.6587677,142.5341187
34894,B-20-3-01_masks.tif,146,10338,633.6396103,226.6875134,61.06929277,3.71197214,0.963028768,-47.76857014,2326.034049,1721.015477,6561,0.634648868,205.7547607,194.3432465,147.2357941
34895,B-20-3-01_masks.tif,147,15358,881.254834,363.1712288,54.90095809,6.615025337,0.988507627,-12.51072433,276.0225941,1832.180297,7476,0.486782133,192.2795563,184.6966248,146.1435242
34896,B-20-3-01_masks.tif,148,12829,728.1837662,294.09709,58.6242367,5.01664681,0.979931133,-1.787492226,743.8808948,1819.289267,4601,0.35864058,199.7533112,190.5340118,153.5653076
34897,B-20-3-01_masks.tif,149,6021,525.0121933,199.2616062,39.6234228,5.028884234,0.98002968,23.86025332,1849.306926,1760.114433,5064,0.841056303,204.4920959,194.3852692,167.0402832
34898,B-20-3-01_masks.tif,150,6379,580.8111832,220.9154385,38.65856617,5.714527475,0.984569749,-50.11052563,2365.633642,1741.750274,4405,0.690547108,203.6796875,192.390686,162.015213
34899,B-20-3-01_masks.tif,151,14723,785.3553391,328.8814772,61.40444829,5.355987822,0.982415658,-2.887319888,838.5817429,1843.233988,10598,0.719826122,203.9277191,195.9229126,158.8025055
34900,B-20-3-01_masks.tif,152,7577,554.0832611,204.1610688,49.14105685,4.154592552,0.970600185,30.36498372,1896.028507,1763.703841,6111,0.806519731,201.562912,195.7910309,163.7272186
34901,B-20-3-01_masks.tif,153,25968,1264.225397,514.8117181,73.24126108,7.028984899,0.989828167,8.693060226,4788.665781,1922.952133,6210,0.239140481,203.466507,199.2950134,136.4156189
34902,B-20-3-01_masks.tif,154,7672,571.6984848,231.6328744,48.88942628,4.73789308,0.977472183,-84.2605637,3057.504041,1716.569343,6408,0.835245047,197.8812408,193.1818085,153.1541748
34903,B-20-3-01_masks.tif,155,17974,1042.083261,404.9507817,62.13280132,6.517504009,0.988159058,6.942240435,4729.738233,1913.753477,5354,0.297874708,197.2231903,193.5603333,155.7286072
34904,B-20-3-01_masks.tif,156,13782,876.2842712,369.6293432,49.14891278,7.520600605,0.991120317,-2.259917478,884.3022783,1875.823756,9329,0.676897402,201.8861542,194.2163086,154.7454224
34905,B-20-3-01_masks.tif,157,13557,995.7228714,352.9698281,51.75964175,6.819402457,0.989189865,-49.53127145,1590.500775,1842.854098,11551,0.852032161,206.6271362,201.1810303,171.0816345
34906,B-20-3-01_masks.tif,158,8671,540.0416306,224.2652789,50.83349517,4.411761933,0.97397236,7.330609519,2785.404336,1826.589205,6340,0.731172875,205.1941681,196.5840759,169.3806
34907,B-20-3-01_masks.tif,159,8881,667.9411255,267.6481697,43.73526793,6.119733167,0.986558938,-78.47666433,3069.484292,1760.684382,7470,0.841121495,205.9918365,200.559967,162.2037506
34908,B-20-3-01_masks.tif,160,8298,568.4264069,219.1359913,48.92848099,4.478700071,0.974754562,-24.19376865,2443.535792,1826.750181,5169,0.622921186,198.1452942,189.2899933,145.6678314
34909,B-20-3-01_masks.tif,161,5931,436.4264069,153.4000355,50.05930345,3.06436616,0.9452553,-49.76903476,2385.965773,1780.465014,4984,0.840330467,204.0206604,196.9109192,161.5282898
34910,B-20-3-01_masks.tif,162,7898,496.627417,205.9494267,49.82954409,4.133078688,0.970288621,4.82135228,2830.912256,1838.715118,5795,0.733730058,197.985672,190.6729889,149.1879272
34911,B-20-3-01_masks.tif,163,6667,528.9705627,216.970764,40.55525717,5.350003406,0.982375944,1.227187924,785.0517474,1881.077696,3941,0.591120444,209.7937012,203.5158539,168.4610443
34912,B-20-3-01_masks.tif,164,8380,694.3675324,258.8716464,42.28525314,6.122031374,0.986569097,-46.81688182,1620.149881,1872.613365,7179,0.856682578,206.9101563,199.8845215,169.0536346
34913,B-20-3-01_masks.tif,165,9013,749.5391052,283.8356992,43.47685698,6.528431881,0.988198902,-56.62708345,2993.409187,1861.058138,7898,0.876289804,200.7594299,191.8478088,153.092041
34914,B-20-3-01_masks.tif,166,8522,489.254834,164.3952,66.54418669,2.47046674,0.914413301,-44.87516458,1696.471486,1867.850505,6947,0.815184229,201.7014465,190.8399353,130.9355164
34915,B-20-3-01_masks.tif,167,11519,730.1248917,266.3658523,57.4073537,4.63992564,0.976499273,-52.90109507,3015.42495,1911.176231,8332,0.723326678,204.5010834,195.35466,158.3059235
34916,B-20-3-01_masks.tif,168,11372,716.6690476,269.9981565,59.145314,4.564996586,0.975711791,-15.83451006,3108.842068,1955.160482,8446,0.742701372,200.2582245,187.898056,147.8157654
34917,B-20-3-01_masks.tif,169,10236,791.1959595,277.1880853,50.7559176,5.461197402,0.983092426,51.59483736,1096.012407,1957.818777,6260,0.611567018,196.2384949,189.733551,157.2103882
34918,B-20-3-01_masks.tif,170,6799,420.627417,158.0460221,55.29205079,2.858385968,0.936806558,76.94001119,2114.644801,1893.584792,5488,0.807177526,196.2618408,189.6865845,146.1949768
34919,B-20-3-01_masks.tif,171,10222,626.0832611,234.9215142,56.65224091,4.146729422,0.970486885,-68.08763279,3392.147525,1924.402074,7662,0.749559773,200.4411316,192.7710724,152.3365936
34920,B-20-3-01_masks.tif,172,10628,611.5979797,233.9842384,59.1800866,3.953766408,0.96748631,-19.60464432,3152.976571,1998.973372,8473,0.797233722,202.8077393,192.3846283,141.5476227
34921,B-20-3-01_masks.tif,173,12695,892.4680374,311.8150408,59.03738626,5.28165389,0.981912622,-68.05401566,3393.923356,1976.068846,6579,0.518235526,201.2579346,189.0884705,148.0303955
34922,B-20-3-01_masks.tif,174,7973,539.6984848,208.3602512,50.18744901,4.151640606,0.970557727,80.41458968,2079.603662,1939.877336,5900,0.739997492,199.9664459,193.0284729,159.1835632
34923,B-20-3-01_masks.tif,175,20935,1182.367532,465.6528702,60.44569425,7.703656579,0.991539085,18.32263766,4737.963172,2147.14096,8598,0.410699785,195.1760864,191.7544708,142.1521301
34924,B-20-3-01_masks.tif,176,7126,537.3969696,192.3126789,49.13288106,3.914133972,0.96681319,44.65986438,1087.301291,2010.876368,5944,0.834128543,204.512619,197.0649414,165.3384857
34925,B-20-3-01_masks.tif,177,14077,1004.894444,366.5197973,50.10412782,7.31516171,0.990612164,-37.77263692,612.108901,2099.094125,6004,0.426511331,201.0538025,194.4163818,154.2496643
34926,B-20-3-01_masks.tif,178,10223,659.7401154,239.6192932,55.89858068,4.286679381,0.972409414,26.18247171,996.9405263,2073.692556,5757,0.563141935,189.1057892,180.3401031,144.5662689
34927,B-20-3-01_masks.tif,179,8518,592.8111832,221.2977901,50.62584257,4.371241619,0.973480983,43.99715585,1050.276121,2034.883423,7512,0.881897159,200.5279541,191.7598572,163.0821381
34928,B-20-3-01_masks.tif,180,10081,761.254834,312.5489192,42.80405997,7.301852194,0.990577747,-74.6720975,3353.590021,2052.676421,7121,0.706378335,195.8087311,187.6660614,150.4256439
34929,B-20-3-01_masks.tif,181,8166,622.2253967,219.3102114,48.37176008,4.533848077,0.975372687,34.53701835,2723.761695,2118.499755,5604,0.686260103,195.9937592,189.2018127,148.4232635
34930,B-20-3-01_masks.tif,182,9584,828.509668,280.4925157,49.93169489,5.617524427,0.98402789,-42.8057907,649.7626252,2138.72861,6956,0.725792988,205.268692,196.7728577,159.0894165
34931,B-20-3-01_masks.tif,183,11339,719.0121933,288.7227931,51.85863017,5.567497486,0.983737182,-13.08148473,1507.940912,2185.027251,7743,0.68286445,196.3834381,185.8279724,145.7247772
34932,B-20-3-01_masks.tif,184,4726,367.4558441,131.1891103,47.06593605,2.787347311,0.933428283,-73.54932399,3370.433771,2091.081676,3407,0.720905628,203.280899,194.5694122,146.7948303
34933,B-20-3-01_masks.tif,185,27080,1191.137085,377.3620446,95.98606614,3.931425256,0.967109427,53.16853829,357.812777,2197.43966,13875,0.512370753,197.604538,191.1408997,165.6552734
34934,B-20-3-01_masks.tif,186,5402,357.7989899,119.6077334,60.57281697,1.974610715,0.862281703,-17.12838642,1451.356905,2127.153832,3921,0.725842281,196.1542969,185.0122375,139.184906
34935,B-20-3-01_masks.tif,187,9686,810.509668,290.77448,44.33298727,6.558874056,0.988308841,-44.16343855,662.9919471,2178.875594,6260,0.64629362,201.9549561,192.5081482,152.8274689
34936,B-20-3-01_masks.tif,188,15366,806.4264069,313.1080923,63.95515641,4.895744298,0.978916874,-11.73102477,3453.613693,2245.025966,8999,0.585643629,199.5965118,191.3302612,134.4279327
34937,B-20-3-01_masks.tif,189,7397,642.0832611,218.6263066,45.2399554,4.832593327,0.978356124,-68.92372324,3329.648101,2151.218873,4117,0.556576991,201.7762909,194.9397583,152.8530426
34938,B-20-3-01_masks.tif,190,11056,780.9116882,302.9429467,58.72777842,5.15842681,0.981029688,-17.93782328,853.1131512,2258.797305,0,0,,,
34939,B-20-3-01_masks.tif,191,13525,810.5685425,314.4334181,57.55958966,5.462745999,0.983102093,-18.69728086,894.7963771,2282.84,9406,0.695452865,202.9060211,194.213913,150.5543213
34940,B-20-3-01_masks.tif,192,11922,725.1959595,259.1735757,59.4219958,4.36157642,0.973361711,41.5283895,2883.179919,2254.137058,7594,0.636973662,194.3909607,186.3670044,135.575058
34941,B-20-3-01_masks.tif,193,6926,410.0416306,143.1313267,63.85194777,2.241612537,0.894979421,-17.48721354,1432.520069,2231.768986,4303,0.621282125,205.245636,197.9416656,157.4099426
34942,B-20-3-01_masks.tif,194,5487,360.7279221,146.8244436,48.88696123,3.003345675,0.942940243,-89.92044298,1255.819938,2195.666849,4483,0.817022052,194.5694885,187.1746674,154.8672791
34943,B-20-3-01_masks.tif,195,13684,860.7523087,303.6818761,61.86226525,4.909000258,0.979031802,47.97565762,3270.121894,2318.629275,8732,0.63811751,197.2249146,188.3900604,144.5995178
34944,B-20-3-01_masks.tif,196,10028,679.882251,226.6685556,57.43060148,3.946825381,0.967369919,-37.5285578,2289.18219,2300.473574,7185,0.716493817,198.2080688,189.9986115,144.4296417
34945,B-20-3-01_masks.tif,197,5630,427.4558441,166.7892462,44.02855492,3.788206233,0.964528926,-12.7675246,935.7577265,2296.252043,3232,0.574067496,198.0909729,189.5157776,149.4576111
34946,B-20-3-01_masks.tif,198,5696,427.6984848,162.6115659,46.24416276,3.516369553,0.958710393,67.20474995,1246.63764,2256.405899,4711,0.827071629,191.5323639,183.1887054,149.3451538
34947,B-20-3-01_masks.tif,199,15452,981.6396103,388.7982212,56.2764381,6.908721204,0.989469052,-13.97384457,4442.768897,2403.414704,5969,0.386293037,195.8274384,187.8059998,139.8740082
34948,B-20-3-01_masks.tif,200,8652,598.6690476,223.2073929,51.50816967,4.333436702,0.973009816,-20.56507945,960.2606334,2359.467522,6994,0.808368007,202.1059418,191.1612854,150.3806152
34949,B-20-3-01_masks.tif,201,15834,806.2253967,297.9615637,70.38961534,4.233032987,0.97169541,23.55253718,1115.105406,2385.777694,7835,0.494821271,194.0730133,185.6110992,141.9369507
34950,B-20-3-01_masks.tif,202,13716,914.4680374,342.1357655,54.07306596,6.327286228,0.987431808,22.07758069,3999.512759,2447.176728,7134,0.520122485,199.3865967,192.7816162,157.9551392
34951,B-20-3-01_masks.tif,203,7773,492.1837662,183.0257665,54.96382975,3.329931109,0.953842753,64.91058332,1298.048759,2322.275827,4208,0.541361122,199.1934357,191.9712524,149.0584564
34952,B-20-3-01_masks.tif,204,7077,463.6984848,174.0765163,52.58767711,3.310214976,0.953277767,17.87257485,2476.444821,2357.504734,5732,0.809947718,201.071701,193.4227142,151.4532471
34953,B-20-3-01_masks.tif,205,8245,527.1126984,208.0413627,51.26121243,4.058455757,0.96916844,-15.17339771,1004.865009,2382.694967,6433,0.780230443,198.7713318,191.0335693,154.0858002
34954,B-20-3-01_masks.tif,206,6966,462.8700577,181.2852354,49.96233936,3.628437695,0.961272204,14.60704804,2435.053259,2383.272753,5099,0.731983922,199.7393646,192.0994263,159.0200043
34955,B-20-3-01_masks.tif,207,17199,990.4680374,385.0274936,61.17429075,6.293942911,0.987297432,19.68435834,3972.391534,2506.008256,8624,0.501424501,200.725647,192.322937,152.2608948
34956,B-20-3-01_masks.tif,208,7789,515.3553391,196.6031281,51.72977616,3.800579525,0.964763723,68.63892548,1265.39222,2362.604571,6117,0.785338298,193.059021,185.7878113,155.8304749
34957,B-20-3-01_masks.tif,209,10525,645.1126984,257.9197892,54.76204718,4.70982738,0.977199757,8.108671226,1621.4762,2454.151924,0,0,,,
34958,B-20-3-01_masks.tif,210,8278,521.2132034,214.280534,50.24904372,4.264370387,0.972115829,2.090852156,2841.867601,2418.009302,5512,0.665861319,195.8060608,188.6030426,148.8604889
34959,B-20-3-01_masks.tif,211,7297,466.3847763,197.0024851,48.15773734,4.090775356,0.969661284,6.128195786,1664.009045,2442.422228,4764,0.652871043,191.4382935,180.9930725,141.4842529
34960,B-20-3-01_masks.tif,212,12147,862.2253967,326.3897134,52.06603046,6.268765076,0.987194527,-67.6617361,4206.304602,2410.403309,5289,0.435416152,193.6725311,186.4698486,149.2805786
34961,B-20-3-01_masks.tif,213,11100,728.0832611,286.023303,51.63860668,5.538943078,0.983567669,-18.98716072,4371.757207,2479.955495,5391,0.485675676,201.7338104,194.1233521,150.195694
34962,B-20-3-01_masks.tif,214,13094,766.0243866,257.1479553,66.96577197,3.839990905,0.965496162,49.1035738,1294.840461,2495.69803,4792,0.365969146,195.2892303,187.850174,133.8764648
34963,B-20-3-01_masks.tif,215,14197,770.9116882,282.9601063,65.21643763,4.338785075,0.973077236,-73.50422444,2243.373952,2445.352469,11727,0.826019582,202.9551392,195.4574127,157.9989777
34964,B-20-3-01_masks.tif,216,17360,986.6518036,359.324426,62.26393719,5.770987866,0.984872503,-40.17398485,3397.358986,2531.634562,6454,0.371774194,198.987915,190.2276154,145.6194611
34965,B-20-3-01_masks.tif,217,13868,802.3675324,296.9483805,60.63321255,4.897454183,0.978931752,56.38953634,1464.712576,2501.204788,6673,0.481179694,195.9025879,189.1242371,157.4748993
34966,B-20-3-01_masks.tif,218,13090,748.0832611,286.1917264,59.63971492,4.798676968,0.978045646,-70.51619146,2267.155844,2498.853858,8294,0.633613445,203.8394012,195.2213593,162.4075165
34967,B-20-3-01_masks.tif,219,10133,736.3675324,267.1065757,53.02894467,5.036995876,0.980094602,-37.27873931,3321.795618,2548.841804,7394,0.729695056,201.1975861,192.5071716,155.3367615
34968,B-20-3-01_masks.tif,220,13175,814.3675324,304.3625185,60.92014835,4.996089581,0.979763931,57.51668892,1448.781935,2550.894345,3455,0.262239089,206.4335785,194.8463135,169.2648315
34969,B-20-3-01_masks.tif,221,11483,729.8406204,281.2304174,55.84310378,5.03608142,0.980087299,14.15346267,4228.050858,2596.6851,5038,0.438735522,189.997818,182.982132,137.5982513
34970,B-20-3-01_masks.tif,222,10121,647.9827561,233.998905,58.75404813,3.982685661,0.967964562,31.69081854,2538.439779,2579.753384,7080,0.699535619,197.766098,187.350708,151.8197784
34971,B-20-3-01_masks.tif,223,7827,488.0416306,198.5487013,51.79600404,3.833282218,0.965373117,79.37564021,4758.919382,2516.743069,6678,0.85320046,195.0014954,189.6148529,145.3414154
34972,B-20-3-01_masks.tif,224,14489,817.6396103,307.3110761,64.99902364,4.727933727,0.977376074,69.67379676,1164.602112,2563.340189,6656,0.45938298,193.7722321,186.8960266,136.0605469
34973,B-20-3-01_masks.tif,225,12132,743.9827561,272.8374942,58.07245816,4.698225335,0.977085688,21.80478225,4169.551517,2617.754451,7214,0.594625783,201.2628174,194.5099792,147.6771545
34974,B-20-3-01_masks.tif,226,5834,540.6690476,179.0646695,43.26511589,4.138777068,0.970371628,-31.08440068,5128.595132,2601.014227,4730,0.810764484,201.4767456,195.9642639,155.5873108
34975,B-20-3-01_masks.tif,227,5663,457.0121933,165.5769099,44.66923722,3.706732422,0.962922158,-30.1502687,5092.861911,2578.325269,4202,0.742009536,194.1461182,187.4545441,149.6206512
34976,B-20-3-01_masks.tif,228,7987,598.627417,256.906837,42.06509881,6.107363211,0.986504063,1.377886599,4088.53562,2651.512583,5207,0.651934393,199.3660431,191.067215,159.2141418
34977,B-20-3-01_masks.tif,229,8597,519.4558441,211.4872279,52.99005611,3.991073862,0.968101297,83.71723927,4745.476794,2561.44818,7342,0.854018844,201.4667664,192.5102081,152.6564941
34978,B-20-3-01_masks.tif,230,13396,747.4974747,284.6816451,64.43795401,4.417918749,0.974045819,15.6289771,2314.539713,2678.016871,8088,0.603762317,199.7700348,190.8769836,159.8301239
34979,B-20-3-01_masks.tif,231,15065,825.5391052,307.4977735,63.27213301,4.859924249,0.978601533,59.84569689,2471.798009,2631.955991,8603,0.571058745,199.1249542,189.6427917,160.7489319
34980,B-20-3-01_masks.tif,232,12762,802.3675324,292.8201751,56.7297102,5.161672323,0.981053767,32.00043004,2667.562373,2685.614716,8786,0.688450086,195.6542206,187.1025543,147.390274
34981,B-20-3-01_masks.tif,233,7379,583.1126984,240.5836938,42.98135781,5.597396313,0.983911872,10.10746382,2274.260062,2698.070877,5322,0.72123594,207.9774475,199.781662,166.3057098
34982,B-20-3-01_masks.tif,234,7616,565.0121933,217.4936856,46.12460179,4.715350967,0.977253764,-66.35652291,4434.876313,2620.838367,6023,0.790835084,193.990036,185.0674133,146.0429993
34983,B-20-3-01_masks.tif,235,12638,718.4264069,284.1897469,59.96639277,4.739150277,0.977484272,-76.27913266,4791.310413,2642.099304,4848,0.383605001,189.2842407,178.6235504,136.007019
34984,B-20-3-01_masks.tif,236,8462,578.1837662,227.6277603,49.89724774,4.561930178,0.975678721,-71.45706961,4444.217679,2665.220633,7142,0.844008509,200.8721619,191.6519165,149.3847656
34985,B-20-3-01_masks.tif,237,10560,629.8406204,232.0232512,61.23016714,3.789361716,0.964550952,18.43646313,4987.12964,2749.168182,6150,0.582386364,189.5661774,184.1317139,125.9772339
34986,B-20-3-01_masks.tif,238,12978,705.4974747,273.8463359,63.35382344,4.322491067,0.972871043,-18.24503427,5276.122438,2768.087302,3620,0.27893358,191.5168457,179.7033081,138.9696198
34987,B-20-3-01_masks.tif,239,11573,721.9411255,290.6957494,53.90478264,5.392763595,0.982656782,8.58239261,1503.265877,2802.349693,7522,0.649961116,197.7948608,186.8881989,155.4929504
34988,B-20-3-01_masks.tif,240,17108,819.9411255,343.7894745,64.88020989,5.298834191,0.982030792,6.078208206,1557.076865,2825.652502,4424,0.258592471,195.4258575,184.8960266,153.1998138
34989,B-20-3-01_masks.tif,241,11975,654.1837662,253.2251214,61.44292682,4.121306301,0.970116022,13.09400458,1444.255866,2786.225219,1263,0.105469729,204.3610382,194.34758,149.1836853
34990,B-20-3-01_masks.tif,242,17747,920.6101731,331.0383152,77.8722384,4.251044044,0.971938202,-59.01040565,3858.245168,2747.992788,4657,0.262410548,198.3150024,186.3921051,126.8726654
34991,B-20-3-01_masks.tif,243,16376,1041.480231,361.1460403,63.61708389,5.67687197,0.984362737,34.15865247,2545.886053,2843.024792,7576,0.462628236,195.5389404,188.6987915,145.931366
34992,B-20-3-01_masks.tif,244,9656,644.5269119,268.7638987,47.41429927,5.668414442,0.984315667,77.00976452,4733.917771,2725.450394,6737,0.697700911,191.1111755,184.3985443,141.9067841
34993,B-20-3-01_masks.tif,245,7833,569.3553391,211.7798411,51.27710689,4.130105108,0.970245167,12.42405713,5195.547938,2806.565939,5550,0.708540789,200.1387329,194.7412567,150.0234222
34994,B-20-3-01_masks.tif,246,7407,507.4558441,202.4966209,47.81425099,4.235068346,0.971723005,-80.0249358,4388.785608,2735.062913,5564,0.751181315,198.7546692,190.3062592,155.209198
34995,B-20-3-01_masks.tif,247,10832,747.4974747,278.3965919,51.00824163,5.457874709,0.983071656,18.64337218,4970.172637,2857.344904,4697,0.4336226,196.932724,187.0817566,133.7890167
34996,B-20-3-01_masks.tif,248,12235,676.7695526,262.7320043,62.99144079,4.170915938,0.970833304,-4.382824819,2374.281406,2845.981528,7867,0.642991418,205.2795258,197.0049591,150.0964813
34997,B-20-3-01_masks.tif,249,16878,940.6101731,349.0692031,62.52726729,5.58267166,0.983826195,-61.16154511,3884.932338,2797.671288,4550,0.269581704,201.8004456,187.8826447,143.2490082
34998,B-20-3-01_masks.tif,250,5454,418.8700577,159.455413,45.02727577,3.541307136,0.959302157,-17.06853902,5316.427576,2789.215988,4555,0.83516685,198.7644348,187.7890167,143.9145966
34999,B-20-3-01_masks.tif,251,9459,575.254834,213.88817,57.26533077,3.735037712,0.963492613,25.76064732,2261.404377,2819.426472,5919,0.625753251,198.8808899,189.8538666,144.678833
35000,B-20-3-01_masks.tif,252,9153,597.8406204,224.9032181,52.63972464,4.272499896,0.972223355,-64.5201059,511.7820387,2785.717797,7741,0.845733639,198.0219574,190.8293457,149.1504974
35001,B-20-3-01_masks.tif,253,11597,684.7106781,246.9856219,61.21878431,4.034474463,0.9687949,50.87790701,2667.182892,2817.283004,6706,0.578252996,192.9494476,184.93573,157.0776978
35002,B-20-3-01_masks.tif,254,5913,439.6984848,163.4970279,47.11281155,3.470330523,0.957583181,66.63018004,4749.137494,2774.826484,4516,0.76374091,200.2872009,193.4380035,153.6122742
35003,B-20-3-01_masks.tif,255,5011,402.627417,155.4336674,42.51434077,3.656029108,0.961866089,-13.31655114,5357.242666,2806.569747,4351,0.868289763,197.8593445,193.1413422,154.9384003
35004,B-20-3-01_masks.tif,256,7316,531.0121933,207.3199007,46.99431612,4.411595226,0.973970366,24.6043437,2220.131493,2837.079142,165,0.022553308,222.7575684,224.3333282,205.5454559
35005,B-20-3-01_masks.tif,257,16892,814.7106781,301.021065,72.59299937,4.146695516,0.970486395,-29.49269595,3995.980109,2878.365794,5336,0.315889178,194.9602661,181.6319275,125.0442276
35006,B-20-3-01_masks.tif,258,7346,462.8700577,177.2684048,53.78012655,3.296169351,0.952868867,16.95365135,5149.884563,2833.02287,6186,0.842090934,198.5292664,190.0683746,148.3365631
35007,B-20-3-01_masks.tif,259,9372,712.9116882,266.3476164,46.42928087,5.736630234,0.984689346,-67.27928643,572.2890525,2808.718843,7062,0.753521127,195.8081207,188.1154022,153.9532776
35008,B-20-3-01_masks.tif,260,11731,663.6396103,235.8255247,65.667772,3.591191196,0.960448077,-49.40721081,3932.201858,2842.126929,7381,0.629187623,204.1731415,192.2841034,143.954071
35009,B-20-3-01_masks.tif,261,6218,492.7695526,189.0057507,43.64649611,4.330376263,0.972971123,-67.06675079,4422.060148,2803.339337,5160,0.829848826,194.6490326,184.4410858,148.6806183
35010,B-20-3-01_masks.tif,262,10547,639.4974747,243.0390832,56.64459821,4.290595942,0.972460474,27.34314204,2183.73784,2876.425619,8250,0.782212952,203.1385498,193.5785522,167.0340576
35011,B-20-3-01_masks.tif,263,7538,468.3847763,188.1012351,53.17726702,3.537249009,0.959206735,-4.659274642,2420.030777,2866.61966,5470,0.725656673,199.5499115,191.3815308,146.5495453
35012,B-20-3-01_masks.tif,264,7399,441.4558441,167.4473496,57.72633305,2.900709966,0.938697041,74.96129516,1093.588323,2820.22868,6640,0.89741857,198.4623566,193.0822296,151.2316284
35013,B-20-3-01_masks.tif,265,12944,707.882251,248.9332215,67.56902539,3.684132191,0.962456959,33.63486579,2127.930779,2891.250386,6568,0.507416564,201.449295,190.5318146,160.0331879
35014,B-20-3-01_masks.tif,266,8639,662.6690476,247.0931978,46.90400065,5.268062305,0.981818305,18.49996916,2493.745225,2895.387545,4503,0.521240884,193.0257568,182.9298248,149.4408112
35015,B-20-3-01_masks.tif,267,13651,944.4091629,360.0326667,51.88086236,6.939604515,0.989563068,-49.57045351,4209.738847,2883.961468,7662,0.561277562,194.595932,185.23349,143.8860626
35016,B-20-3-01_masks.tif,268,5855,444.0416306,178.0018894,43.02399305,4.137270319,0.970349714,74.40409541,4743.890521,2818.641332,2194,0.374722459,194.8450317,187.3263397,145.353241
35017,B-20-3-01_masks.tif,269,6223,515.9411255,200.3493537,42.30130575,4.736245138,0.977456323,19.74010194,5127.953399,2896.75703,5317,0.854411056,197.2405548,192.234726,146.053421
35018,B-20-3-01_masks.tif,270,8209,518.8700577,214.179949,50.47489806,4.243296317,0.971834148,9.011802168,5074.868803,2905.213302,6834,0.832500914,195.7534332,186.8620148,147.3549957
35019,B-20-3-01_masks.tif,271,8391,593.1126984,246.7988316,44.30058744,5.571005846,0.983757828,75.86358913,4716.548921,2852.209272,0,0,,,
35020,B-20-3-01_masks.tif,272,8365,536.5269119,212.1921962,51.14898926,4.14851201,0.970512628,78.55723503,1117.003945,2874.466946,6760,0.808129109,197.0446777,188.2263336,152.409317
35021,B-20-3-01_masks.tif,273,7975,579.3553391,232.7846344,45.09407493,5.162200017,0.981057678,72.31776494,4687.2879,2885.663448,0,0,,,
35022,B-20-3-01_masks.tif,274,12122,896.2670273,347.8105627,46.36117932,7.50219403,0.991076495,-56.53782675,4247.714486,2931.127537,6997,0.577214981,196.0034332,181.8745117,138.292984
35023,B-20-3-01_masks.tif,275,6567,475.4558441,194.4416388,44.40512602,4.378810651,0.973573826,75.52218431,823.1044617,2904.097762,5946,0.905436272,187.1575775,179.3617554,149.0097504
35024,B-20-3-01_masks.tif,276,3565,302.627417,98.18239311,49.06716913,2.000979369,0.866166648,-17.9009767,4422.307153,2918.23338,3011,0.844600281,194.0591125,186.1736908,144.295578
35025,B-20-3-01_masks.tif,277,3344,273.5563492,96.12576421,45.1331386,2.129826713,0.882920897,-8.343779604,4473.082237,2932.07805,2291,0.685107656,199.7359161,191.240509,150.4343109
35026,B-20-3-01_masks.tif,278,5561,346.0416306,111.7689115,64.05332683,1.744935307,0.81949443,-7.849841743,4551.352994,2942.289876,3922,0.705268837,194.9541016,184.5576172,122.1909714
35027,B-20-3-01_masks.tif,279,12960,849.3380951,313.2074375,54.32456576,5.76548442,0.984843387,-46.32595056,4278.475849,2994.120756,7707,0.594675926,198.9164429,187.7473755,140.6570587
35028,B-20-3-01_masks.tif,280,11842,698.4680374,256.2764694,60.69646418,4.222263568,0.97154872,-54.80461901,5342.111721,2982.034031,9045,0.763806789,193.5280304,185.1790009,136.8969574
35029,B-20-3-01_masks.tif,281,6967,462.2842712,180.3476424,51.61506821,3.494089007,0.958170609,74.02613471,774.619779,2951.554471,5662,0.812688388,196.3869629,187.2145844,154.036377
35030,B-20-3-01_masks.tif,282,8552,456.0416306,171.5648159,64.39221633,2.664371965,0.926894097,83.16139765,605.2211179,2969.280519,7318,0.855706268,193.7701569,183.5923767,135.256897
35031,B-20-3-01_masks.tif,283,5828,358.9705627,130.1966591,58.46309704,2.226988746,0.893513241,-76.84130776,55.5837337,2981.198696,5089,0.873198353,188.7431641,178.9261169,127.5594406
35032,B-20-3-01_masks.tif,284,4636,333.4558441,108.2173317,55.4655872,1.951071596,0.858664034,39.73209024,4447.948447,3015.088223,3474,0.74935289,199.3641357,192.6234894,152.5014343
35033,B-20-3-01_masks.tif,285,2824,260.3847763,88.0737786,41.57555813,2.118402796,0.881569765,42.71836709,4782.552762,3003.510269,2400,0.849858357,195.7516632,191.7029114,148.1849976
35034,B-20-3-01_masks.tif,286,10971,790.0243866,276.39683,53.2166473,5.193803894,0.981289693,51.71092294,5003.236168,3075.779327,3774,0.343997812,185.9401093,177.9112396,131.342865
35035,B-20-3-01_masks.tif,287,7734,620.3847763,281.483942,35.94881963,7.830130304,0.991811321,1.279673157,305.9750453,3125.822214,1504,0.194465994,198.4029236,189.2912292,167.8690186
35036,B-20-3-01_masks.tif,288,2292,231.3137085,81.50214359,37.09565903,2.197080352,0.890415039,-89.57690941,4582.919721,3010.724258,1504,0.656195462,184.0206146,173.8995972,143.601059
35037,B-20-3-01_masks.tif,289,11386,606.0416306,252.2360775,58.74267436,4.293915458,0.97250364,2.088115011,260.9916564,3134.24574,6023,0.528982962,202.8698273,195.270462,152.056778
35038,B-20-3-01_masks.tif,290,10345,621.0121933,236.791821,58.62631255,4.039002466,0.96886595,79.57393764,745.1064282,3040.836249,4461,0.431222813,188.4960785,178.0042572,148.1055756
35039,B-20-3-01_masks.tif,291,9747,644.5269119,264.7757075,49.43398897,5.356146914,0.982416712,-9.739082435,4328.615574,3116.506617,4758,0.4881502,196.7131195,188.8360596,150.7368622
35040,B-20-3-01_masks.tif,292,17417,1038.267027,405.370728,57.93643703,6.996818389,0.98973394,22.9426976,3894.587357,3177.863983,5113,0.29356376,191.2358704,183.175827,155.0923157
35041,B-20-3-01_masks.tif,293,8929,593.7401154,219.7253798,52.55783171,4.18064012,0.970970856,59.64745919,2231.270915,3067.821817,5803,0.649904805,198.6034851,194.7503052,169.5869446
35042,B-20-3-01_masks.tif,294,6116,451.3553391,158.3808474,52.9662622,2.990221338,0.942422934,33.09753021,4804.538914,3088.430347,4458,0.728907783,194.1446838,185.2036743,143.9125214
35043,B-20-3-01_masks.tif,295,8169,500.9705627,217.0723684,48.90845071,4.438340721,0.974287259,3.400394138,346.5762027,3116.42747,6706,0.820908312,200.0718689,192.3599701,164.2023621
35044,B-20-3-01_masks.tif,296,12500,670.5685425,248.5518721,65.43341611,3.798546475,0.964725305,29.59205935,2468.96744,3120.7548,8438,0.67504,196.071228,186.1502686,147.9725037
35045,B-20-3-01_masks.tif,297,4330,323.4558441,106.1660675,52.94156221,2.005344441,0.866793386,54.17634952,4412.387067,3055.146882,3642,0.841108545,196.5538177,187.6227417,150.2666168
35046,B-20-3-01_masks.tif,298,10383,751.2964646,277.6367318,51.9355056,5.345798191,0.982347956,53.41813726,4974.063854,3111.983627,3382,0.325724742,199.1912994,190.7634583,151.5573578
35047,B-20-3-01_masks.tif,299,2492,220.7279221,73.11521672,44.11350974,1.657433679,0.797482262,84.2352501,4554.588684,3045.121589,0,0,,,
35048,B-20-3-01_masks.tif,300,3125,281.2132034,91.60651871,45.27616042,2.023283729,0.869322056,25.74096829,4865.72992,3073.12832,2754,0.88128,199.2258606,191.5580902,157.8925171
35049,B-20-3-01_masks.tif,301,5793,509.4974747,195.569758,39.89594174,4.901996281,0.978971196,38.54110448,4756.490247,3115.795443,5175,0.893319524,199.4743958,194.065506,146.4158478
35050,B-20-3-01_masks.tif,302,12403,707.4974747,268.067403,59.68736459,4.49119181,0.974896607,71.44911135,726.1838265,3098.773603,8653,0.697653793,200.6876221,191.6348114,153.5321808
35051,B-20-3-01_masks.tif,303,10506,764.3675324,259.6326196,52.76978994,4.920099547,0.979127307,55.51783715,2251.217495,3136.429088,0,0,,,
35052,B-20-3-01_masks.tif,304,9503,581.3553391,232.2710804,54.29054945,4.278296733,0.972299647,16.31596614,1362.634642,3171.72756,6718,0.706934652,191.2339935,183.6676025,148.0464478
35053,B-20-3-01_masks.tif,305,12573,709.6396103,254.196757,65.07283084,3.906342382,0.966678385,30.64040277,2437.927782,3180.011692,4684,0.372544341,196.9231415,187.6868134,158.7295074
35054,B-20-3-01_masks.tif,306,5960,344.8700577,97.31511703,78.52185054,1.239338049,0.590712172,-64.7283948,4497.409564,3105.131879,91,0.015268456,199.8461609,168.1538391,149.9780273
35055,B-20-3-01_masks.tif,307,4958,455.8406204,176.2827872,37.82255585,4.660784636,0.976711656,35.75291564,4727.487898,3133.121622,412,0.083098023,221.5558319,186.8665009,178.8422394
35056,B-20-3-01_masks.tif,308,8154,551.6984848,218.8062308,51.20208491,4.27338518,0.972235027,7.958461673,1319.25092,3189.409002,5393,0.661393181,196.9736633,188.7487488,157.9443665
35057,B-20-3-01_masks.tif,309,7335,483.1126984,184.4072744,51.46668458,3.58304165,0.960264226,73.79152177,2749.210907,3112.045535,5969,0.813769598,201.5840149,196.0924835,167.502594
35058,B-20-3-01_masks.tif,310,6147,403.5563492,167.1673931,47.82181635,3.49563036,0.958208293,-5.372336588,405.1346999,3168.137628,5028,0.81795998,194.2607422,186.1044159,148.6308746
35059,B-20-3-01_masks.tif,311,4917,312.627417,90.79496633,69.63486601,1.303872206,0.641711252,-57.54649829,4576.210087,3125.87472,1506,0.30628432,204.6480713,195.8997345,131.5504608
35060,B-20-3-01_masks.tif,312,10453,621.0538239,226.5085548,59.8146905,3.786838199,0.964502821,44.59576793,1052.766574,3173.821582,6269,0.599732134,188.1753082,178.1890259,151.3579559
35061,B-20-3-01_masks.tif,313,8375,551.4974747,208.0915742,53.6634691,3.877713791,0.96617591,34.74036563,1147.344119,3179.250627,6302,0.752477612,202.9792175,195.2797546,162.9408112
35062,B-20-3-01_masks.tif,314,6986,437.0121933,150.3788576,60.43573319,2.488244118,0.915688029,35.05787619,1192.186086,3156.892213,5707,0.816919553,196.6500854,190.8358154,154.030838
35063,B-20-3-01_masks.tif,315,6845,492.7695526,185.3363098,49.18667049,3.768019017,0.964140748,-23.79122937,461.0676406,3185.956757,5835,0.852447042,192.4027405,185.1300812,147.9412231
35064,B-20-3-01_masks.tif,316,11877,594.9116882,209.6479982,72.6754983,2.884713599,0.937992753,54.34675614,760.9936011,3188.788246,8051,0.677864781,197.1658173,185.6317291,143.3090363
35065,B-20-3-01_masks.tif,317,13285,896.8111832,346.2086039,52.44226237,6.601709924,0.98846095,19.71252278,4417.788257,3283.772224,8020,0.60368837,190.9533691,185.3754425,141.3883972
35066,B-20-3-01_masks.tif,318,7364,464.2842712,177.5296257,53.77110769,3.301580222,0.953027028,-75.62920609,1989.637425,3162.178979,4907,0.66634981,188.151413,179.0853882,138.6242065
35067,B-20-3-01_masks.tif,319,11866,625.3553391,240.117635,63.98099824,3.752952307,0.963846837,-12.41910191,4636.597168,3258.770858,5064,0.426765549,190.9287109,182.1315155,130.221756
35068,B-20-3-01_masks.tif,320,9714,624.1837662,243.611723,53.71110054,4.535593583,0.975391878,-13.06633179,4583.416203,3252.923307,6571,0.676446366,199.338913,189.7093353,142.3939972
35069,B-20-3-01_masks.tif,321,4043,293.2132034,97.03671869,53.93798491,1.799042342,0.83128175,61.18166129,4505.722978,3188.364581,1474,0.364580757,193.2171021,188.0230713,138.8839874
35070,B-20-3-01_masks.tif,322,21108,1073.154329,449.9869748,66.60625866,6.755926303,0.988984638,-11.06724244,3836.073764,3386.421925,7049,0.333949214,194.0940552,186.9062347,139.3726807
35071,B-20-3-01_masks.tif,323,11007,592.2842712,233.8665209,60.97108574,3.835695528,0.965417456,82.910287,2213.820296,3218.599618,4500,0.408830744,188.8177795,180.1077728,150.9931183
35072,B-20-3-01_masks.tif,324,5221,352.5269119,113.458619,59.68602991,1.900924206,0.850447518,41.24005895,673.4819,3248.922812,4403,0.843325034,192.5789185,182.3929138,140.6652222
35073,B-20-3-01_masks.tif,325,6986,584.9116882,206.6667063,45.89588765,4.502946055,0.975029169,28.34624545,5394.477526,3299.518322,3990,0.571142285,186.6676636,186.3202972,132.7471161
35074,B-20-3-01_masks.tif,326,16952,1040.024387,397.1483523,69.93261191,5.679015004,0.98437463,66.19390502,3078.485252,3275.444608,4315,0.254542237,196.633606,189.5098419,150.436615
35075,B-20-3-01_masks.tif,327,4232,311.4558441,104.6168048,52.16562428,2.005474031,0.866811923,57.29031135,4473.96172,3243.331758,2626,0.620510397,187.0914001,177.3827057,140.3084564
35076,B-20-3-01_masks.tif,328,6777,481.5979797,173.7856367,55.0416043,3.157350497,0.94851866,46.21586416,646.782057,3288.73897,3320,0.489892283,202.233429,193.1186676,162.4325256
35077,B-20-3-01_masks.tif,329,10904,630.0416306,266.3864906,53.0666307,5.019849331,0.979956993,84.2806685,5175.482575,3264.008346,9106,0.835106383,195.8367004,188.2065735,153.3869934
35078,B-20-3-01_masks.tif,330,16581,977.8233765,376.762128,59.27351791,6.356331484,0.987547129,52.22958432,2938.274652,3364.714432,5791,0.349255172,187.4677887,181.9740906,141.5700226
35079,B-20-3-01_masks.tif,331,11205,627.6984848,250.8631688,58.70873164,4.27301292,0.97223012,-6.123730201,2717.219723,3390.014458,6451,0.575725123,191.1733093,180.9179993,139.7174072
35080,B-20-3-01_masks.tif,332,9946,670.9116882,250.4067632,52.85279084,4.73781534,0.977471435,69.04619862,3085.91102,3322.741102,4595,0.461994772,205.2080536,196.8047943,166.9018555
35081,B-20-3-01_masks.tif,333,8640,568.5269119,228.2834391,49.67677265,4.595375805,0.976035789,74.86949948,5170.709375,3312.357407,8092,0.936574074,203.5484467,195.8407135,160.8755493
35082,B-20-3-01_masks.tif,334,13105,862.2670273,326.4959796,55.85847898,5.84505675,0.985256318,54.72380395,2901.394659,3394.65578,0,0,,,
35083,B-20-3-01_masks.tif,335,9714,611.6396103,218.2901665,58.93343579,3.704012222,0.962866628,49.70695532,1242.796891,3365.942969,7532,0.775375746,204.644989,198.7057953,165.9632263
35084,B-20-3-01_masks.tif,336,10011,644.4264069,244.8936926,55.89076295,4.381648767,0.973608513,18.3099198,4981.686545,3421.355209,7123,0.711517331,188.0033722,180.9695282,139.8574982
35085,B-20-3-01_masks.tif,337,6845,556.5269119,217.2892748,44.77906641,4.852474431,0.978535057,80.7864028,5141.066618,3349.264427,4040,0.590211833,196.283905,183.1457977,158.1784668
35086,B-20-3-01_masks.tif,338,11707,673.882251,241.3151598,62.82461367,3.841092618,0.965516305,-44.18534767,2076.040062,3423.677116,6769,0.578201076,198.1952972,188.0681,144.909729
35087,B-20-3-01_masks.tif,339,11042,812.9533188,285.9485699,51.37521151,5.565885989,0.983727685,59.89556217,5157.911429,3419.598533,0,0,,,
35088,B-20-3-01_masks.tif,340,12404,647.1126984,264.4910715,63.24449516,4.182040995,0.970990591,83.68043205,1034.689536,3387.370526,6511,0.524911319,193.7198639,185.6184845,157.0981445
35089,B-20-3-01_masks.tif,341,7610,499.4974747,175.5484312,56.90603512,3.084882487,0.946001771,53.53086801,1221.177924,3413.557687,5264,0.691721419,200.4424438,191.7418365,164.530777
35090,B-20-3-01_masks.tif,342,18218,919.4386002,339.5412755,72.04287812,4.713044293,0.977231234,31.45317844,4058.528818,3517.360193,5275,0.289548798,196.9975281,192.0729828,137.2563019
35091,B-20-3-01_masks.tif,343,13614,655.9411255,257.2353542,71.4280894,3.601319262,0.960674777,11.59331802,2252.84729,3536.058763,5288,0.388423682,194.3254547,184.6227264,141.6193237
35092,B-20-3-01_masks.tif,344,12053,736.9533188,255.4071844,61.96451818,4.121829588,0.970123726,51.67125365,5144.555546,3488.657596,7318,0.607151746,189.8255005,183.395874,126.797348
35093,B-20-3-01_masks.tif,345,10501,603.9411255,246.5652154,55.3963258,4.450930848,0.974434423,74.40810497,841.9423864,3447.273593,4772,0.454432911,196.455368,189.526825,154.5041962
35094,B-20-3-01_masks.tif,346,10139,660.6690476,263.8514455,54.50765763,4.840630784,0.978428732,21.43053762,3946.221521,3536.783411,3800,0.374790413,193.1844788,186.1715851,147.3094788
35095,B-20-3-01_masks.tif,347,11315,541.4558441,209.4547043,70.35395688,2.977155992,0.941900852,3.37150488,2193.679806,3548.369598,5132,0.453557225,200.9664917,187.7911072,143.3370972
35096,B-20-3-01_masks.tif,348,14115,1015.095454,401.6402025,47.51568691,8.452791669,0.99297741,63.54410321,4241.363443,3550.555579,5465,0.387176762,192.9337616,186.668808,159.5474854
35097,B-20-3-01_masks.tif,349,9080,564.0832611,200.9377201,58.75540237,3.419902034,0.956294259,-28.21466321,593.0066079,3546.984581,7376,0.812334802,195.302475,186.0886688,145.6873627
35098,B-20-3-01_masks.tif,350,6015,436.9705627,162.194371,51.93384102,3.123095997,0.947351627,2.44044565,3883.24256,3583.824605,2154,0.358104738,192.8639679,181.3681488,128.7980499
35099,B-20-3-01_masks.tif,351,6605,521.8406204,197.6267858,45.03868298,4.387934386,0.97368509,-34.94440115,1993.041484,3573.76866,5296,0.801816805,193.2683105,181.6417999,139.4129486
35100,B-20-3-01_masks.tif,352,5082,410.3847763,166.4011866,41.58727358,4.001252601,0.968266041,12.30924885,3922.31464,3580.344943,1930,0.379771743,197.561142,191.0321198,140.7253876
35101,B-20-3-01_masks.tif,353,14068,771.882251,274.504413,68.31318441,4.018322603,0.968539452,62.8545777,283.3093546,3584.197541,6142,0.436593688,193.6690063,186.9819336,153.6255341
35102,B-20-3-01_masks.tif,354,9371,512.1837662,170.1987285,74.34085755,2.289437251,0.899564202,36.24454494,861.6522249,3586.222815,3478,0.371145022,185.8036194,173.3200073,134.885849
35103,B-20-3-01_masks.tif,355,6094,470.1837662,173.7744436,46.78647625,3.714202426,0.963074007,-32.23235178,2058.016738,3585.168034,5250,0.861503118,194.1657104,185.5525665,143.7836151
35104,B-20-3-01_masks.tif,356,4577,371.2132034,134.1754613,46.64085897,2.876779378,0.937638859,-1.906740007,3837.912825,3591.501639,2329,0.508848591,194.6002502,187.1103516,152.0991821
35105,B-20-3-01_masks.tif,357,6969,435.9411255,144.7263133,64.90630353,2.229772849,0.893794786,36.01321777,949.3587315,3596.829244,4566,0.655187258,186.7168274,177.4034119,136.1031494
35106,B-20-3-01_masks.tif,358,3539,354.2842712,125.5942825,41.70852378,3.011237778,0.943247933,38.05878134,5112.014411,3605.638881,2532,0.715456344,192.9885406,189.3234558,158.7030029
35107,B-20-3-01_masks.tif,359,6124,447.5979797,156.0493813,52.54996545,2.969542986,0.941593323,52.82592668,5206.032495,3604.556989,4216,0.688438929,192.2623291,184.5666504,139.9634705
35108,B-20-3-01_masks.tif,360,6447,490.7695526,172.6665952,50.81199775,3.398146164,0.955719833,64.34112726,4270.016287,3607.822863,3917,0.607569412,201.1702881,190.4528961,160.5236206
35109,B-20-3-01_masks.tif,361,6323,412.627417,158.1740538,51.72268595,3.058117553,0.945024841,-79.0997059,4757.987031,3585.403131,4609,0.728926143,190.4482574,182.3599548,139.4623566
35110,B-20-3-01_masks.tif,362,3216,282.3847763,91.85501497,47.22198937,1.945174615,0.857734652,-21.36879883,641.0279851,3608.825249,2852,0.88681592,191.6160583,181.6532288,142.1704102
35111,B-20-3-01_masks.tif,363,4328,377.7989899,151.8603548,38.92976318,3.900880519,0.966583394,-76.32895303,4776.359519,3620.797366,3237,0.747920518,197.2557983,185.9851685,147.1198578
35112,B-20-3-02_masks.tif,1,13495,843.4386002,312.4497419,56.93055785,5.488260676,0.983260178,57.67481286,484.2220082,83.04068173,7262,0.538125232,192.5,192.198288,143.5844116
35113,B-20-3-02_masks.tif,2,8638,647.9411255,258.0072957,45.01594579,5.73146451,0.98466152,77.77251595,529.4086594,30.22458903,2925,0.338620051,192.2376099,190.5005188,139.3384552
35114,B-20-3-02_masks.tif,3,11041,712.7695526,274.247329,53.66353059,5.110497315,0.980668665,-77.23766653,1164.693778,36.03197174,1471,0.133230686,199.2372589,202.536377,133.299118
35115,B-20-3-02_masks.tif,4,5484,431.1126984,143.3163255,55.31489064,2.590917632,0.922513994,-62.92449125,1368.062728,31.04905179,1653,0.301422319,212.9286194,209.8481598,126.3327255
35116,B-20-3-02_masks.tif,5,1550,220.9705627,71.01810267,32.17484337,2.207255584,0.89148445,-77.07730275,1520.551613,16.3316129,0,0,,,
35117,B-20-3-02_masks.tif,6,4864,468.6690476,161.5814535,42.01166191,3.846109535,0.96560781,45.88868105,2578.315584,49.23848684,3565,0.732935855,196.1220245,196.2662048,145.1309967
35118,B-20-3-02_masks.tif,7,3836,397.9411255,128.6171835,43.22610294,2.975451746,0.941832222,35.45169374,2622.690824,44.19160584,805,0.209854015,228.5776367,218.6086884,222.9689484
35119,B-20-3-02_masks.tif,8,6032,475.6984848,188.8694819,43.26235273,4.365677545,0.973412419,-19.73680237,3384.711207,77.53680371,5548,0.919761273,214.4221344,207.6537476,134.8848267
35120,B-20-3-02_masks.tif,9,11210,738.9533188,269.6483276,55.11241744,4.892696421,0.978890316,46.42424005,4426.184835,83.71864407,5989,0.534255129,198.5767212,200.4773712,141.1122131
35121,B-20-3-02_masks.tif,10,18991,1025.137085,372.7897056,68.0055969,5.481750364,0.983220053,44.95219938,1903.874625,126.2030962,11780,0.620293823,201.2033081,197.4300537,141.5051727
35122,B-20-3-02_masks.tif,11,2215,280.627417,102.3824178,30.08430932,3.403183257,0.95585384,-27.59092901,3354.407675,42.33318284,1898,0.856884876,210.8582764,202.6406708,154.6080017
35123,B-20-3-02_masks.tif,12,20772,1139.521861,418.704852,64.0864692,6.533436109,0.988217081,45.18907327,1846.015405,154.0590218,9212,0.44348161,191.5216064,186.873642,133.525177
35124,B-20-3-02_masks.tif,13,15242,937.2964646,353.712298,60.64254952,5.832741216,0.985193523,-22.17450357,4904.402637,176.6290513,7374,0.483794778,209.5493622,205.7148132,156.0056915
35125,B-20-3-02_masks.tif,14,17191,1078.166522,413.2131292,56.83040613,7.270986736,0.990497197,63.18104485,1371.535164,138.1225641,5229,0.304170787,195.1011658,195.099823,146.1237335
35126,B-20-3-02_masks.tif,15,13808,899.7401154,332.1471251,54.26043361,6.121350365,0.986566088,14.95051889,4105.917222,245.1783749,9882,0.715672074,205.3948669,199.9055786,162.2850647
35127,B-20-3-02_masks.tif,16,9927,484.8700577,175.9280402,72.41024907,2.429601368,0.91136905,-82.71166802,2940.614889,151.8144455,7611,0.766696887,200.7458954,192.0021057,129.8749237
35128,B-20-3-02_masks.tif,17,11551,774.1837662,318.7893962,48.02598046,6.637852953,0.988586991,10.50666627,4059.740455,267.1015496,7423,0.642628344,200.0780029,197.0595398,151.3701935
35129,B-20-3-02_masks.tif,18,5874,437.3553391,162.2767817,47.61577524,3.408046616,0.955982644,-55.51949104,3197.38713,248.5924413,5794,0.986380661,207.819809,200.7856445,147.5012054
35130,B-20-3-02_masks.tif,19,8325,592.8111832,213.6648944,50.27586443,4.249850238,0.971922207,-40.36407261,2591.055616,300.7257658,7521,0.903423423,207.8780823,201.5805054,149.5462036
35131,B-20-3-02_masks.tif,20,9245,561.7401154,190.8298182,63.70986384,2.995294712,0.942623746,-41.28131234,3029.5192,290.8978908,8786,0.950351541,212.08638,204.4501495,149.477356
35132,B-20-3-02_masks.tif,21,20265,1223.053824,470.1182893,59.46994347,7.905141016,0.991966613,78.8984394,1720.232026,289.1390081,7026,0.346706144,201.4716797,198.5744324,156.5296021
35133,B-20-3-02_masks.tif,22,8276,553.4974747,206.9713861,51.99486416,3.980612113,0.967930625,-30.47593873,2662.380135,308.7566457,7893,0.953721605,207.8830566,201.9685822,149.108078
35134,B-20-3-02_masks.tif,23,12900,725.4974747,273.3327423,61.00738589,4.480322149,0.974773075,-75.66914063,3649.847364,267.1603876,11018,0.854108527,209.4832153,203.2027588,151.25177
35135,B-20-3-02_masks.tif,24,6659,503.9411255,206.7469437,45.24032371,4.569970477,0.975765288,-21.31656764,2718.207238,321.6802823,6488,0.974320469,203.68573,195.9802704,138.0015411
35136,B-20-3-02_masks.tif,25,8428,610.8111832,221.6823613,50.09762545,4.425007358,0.97413001,-54.33488227,3454.764713,309.2424063,7632,0.905552919,209.1791077,203.7062378,144.1045532
35137,B-20-3-02_masks.tif,26,6156,537.7401154,201.3902116,43.15881527,4.666259034,0.976766917,-45.68399669,3078.782814,320.2287199,5598,0.909356725,211.0746765,201.2700958,138.2599182
35138,B-20-3-02_masks.tif,27,4806,415.3553391,153.8717621,41.39150352,3.717472163,0.963140178,-61.4003625,3217.920724,284.6595922,4575,0.951935081,212.1442566,201.1912537,149.0006561
35139,B-20-3-02_masks.tif,28,15124,999.8233765,360.0790741,63.18997591,5.698357516,0.984481362,39.95208386,4659.984925,384.963105,8582,0.567442476,204.1053314,200.7992249,162.3210144
35140,B-20-3-02_masks.tif,29,13817,871.0121933,370.3701588,52.51154657,7.053118467,0.989898013,-10.18463388,1500.441558,438.5454874,4547,0.329087356,196.0435486,188.9718475,144.708374
35141,B-20-3-02_masks.tif,30,6592,563.4974747,217.6766437,40.01407605,5.44000175,0.982959273,-60.87724247,3222.159587,322.1888653,6446,0.977851942,213.740921,206.2519379,158.3951263
35142,B-20-3-02_masks.tif,31,13394,1015.379726,378.6071907,45.91533584,8.245767644,0.992619028,40.25533288,4626.822756,411.0350157,7640,0.570404659,205.4664917,203.517807,164.3460693
35143,B-20-3-02_masks.tif,32,20122,1332.007143,481.8292091,71.76731085,6.713769868,0.988845088,46.84618544,889.6364675,468.9494583,5296,0.263194513,197.0538177,192.2664337,155.7133636
35144,B-20-3-02_masks.tif,33,15801,1195.279221,438.4271656,50.37528638,8.703219318,0.993377062,50.36685177,950.9068413,417.1079679,6669,0.422061895,202.742691,197.2564087,158.3894196
35145,B-20-3-02_masks.tif,34,15306,1018.651804,362.1401768,64.49412609,5.615087741,0.984013912,40.89894866,4592.916765,436.4458382,8471,0.553443094,203.1230011,199.4029083,151.2019806
35146,B-20-3-02_masks.tif,35,8140,571.4558441,239.3486067,45.85279996,5.219934376,0.981478311,-80.36412796,3652.437961,320.2116708,7618,0.935872236,211.2751312,204.7201385,144.756897
35147,B-20-3-02_masks.tif,36,6241,480.7695526,184.8391015,46.408979,3.982830597,0.967966932,-66.64710452,2828.919885,327.4215671,4230,0.677775997,207.3465729,204.677536,156.3122864
35148,B-20-3-02_masks.tif,37,14328,842.0243866,301.8610713,61.78887153,4.885363074,0.978826207,35.52424989,86.82042155,428.8053462,8889,0.620393635,190.1247559,186.1820221,141.6775818
35149,B-20-3-02_masks.tif,38,7475,545.0121933,204.3734331,50.46776866,4.049583299,0.96903103,-63.77505378,3236.921338,356.8092308,7208,0.964280936,211.0886536,203.4106598,156.2229462
35150,B-20-3-02_masks.tif,39,17594,947.882251,354.1126966,67.67343262,5.232669349,0.981569201,68.05411476,1825.98545,382.7143913,8751,0.497385472,199.1126709,194.1283264,137.5227966
35151,B-20-3-02_masks.tif,40,2566,257.7989899,88.2267564,37.73269433,2.338204519,0.903930876,-28.69046877,2910.786438,372.8343726,2038,0.794232268,208.7870483,203.8493652,139.1138306
35152,B-20-3-02_masks.tif,41,7386,540.3259018,203.1446425,47.81580734,4.248482957,0.97190387,-34.63802008,3281.864609,416.2040347,7229,0.978743569,209.7287292,201.1552124,148.1044464
35153,B-20-3-02_masks.tif,42,12262,1066.208153,388.0129514,44.83160504,8.654897613,0.993302652,48.02945386,941.8741641,465.9538411,4018,0.327679008,204.2185211,199.6854095,159.7003479
35154,B-20-3-02_masks.tif,43,6277,442.0416306,172.7076516,47.64198218,3.625114735,0.961199738,-77.46858091,3461.740003,373.2348256,6222,0.991237852,209.1763153,201.7319183,154.4533844
35155,B-20-3-02_masks.tif,44,7459,496.8700577,187.547866,52.51452577,3.571352179,0.959998253,77.36543158,1730.731465,400.8493096,4813,0.645260759,204.4167938,201.3424072,166.9270782
35156,B-20-3-02_masks.tif,45,7989,618.3847763,269.7051331,38.92229133,6.929323117,0.98953191,3.378563597,5418.368757,520.6761797,3886,0.486418826,199.7493591,202.1438446,135.3062286
35157,B-20-3-02_masks.tif,46,11571,676.1837662,276.0296628,59.4164168,4.645680061,0.976558154,78.42137074,1730.895428,444.8001901,4617,0.399014778,208.6985016,203.0766754,166.7621765
35158,B-20-3-02_masks.tif,47,5659,456.627417,191.4930658,39.89029652,4.800492415,0.978062435,-85.08463795,3457.363668,413.3928256,5381,0.950874713,211.5510101,206.6554565,154.3469543
35159,B-20-3-02_masks.tif,48,7716,572.3259018,214.4674912,46.93910244,4.569058206,0.975755489,-33.61850845,2697.584629,486.2934163,5715,0.74066874,208.4724426,201.2818909,152.2456665
35160,B-20-3-02_masks.tif,49,3369,292.0416306,92.67756067,50.21977901,1.845439436,0.840458216,-65.33226233,3170.123182,421.9827842,3157,0.937073316,204.7605286,194.6192627,132.6502991
35161,B-20-3-02_masks.tif,50,2310,240.1421356,88.92571477,33.91186017,2.622260009,0.924430551,-19.65419979,2868.814286,444.9714286,437,0.189177489,224.1487427,218.6361542,192.5491943
35162,B-20-3-02_masks.tif,51,17285,1035.63961,414.8203433,55.35320917,7.494061312,0.991057029,16.52651318,3762.058721,620.4307781,8405,0.486259763,201.3506317,196.4393768,140.09375
35163,B-20-3-02_masks.tif,52,4997,395.0121933,124.2623437,53.05167509,2.342288788,0.904283336,-54.88060032,3096.237543,472.9241545,4274,0.855313188,215.5722961,209.3224182,157.2898865
35164,B-20-3-02_masks.tif,53,6478,570.5685425,215.2569614,41.73020587,5.158300969,0.981028754,-42.7393445,2622.956005,513.4519914,2518,0.388700216,213.0988922,205.8550415,146.2132721
35165,B-20-3-02_masks.tif,54,12880,903.8406204,357.9424703,56.4923896,6.33611842,0.987467045,83.34521027,1715.404814,489.7345497,5647,0.438431677,206.3205261,201.1519318,158.2280884
35166,B-20-3-02_masks.tif,55,7437,448.7695526,151.4848105,63.54916114,2.383742095,0.907751422,-35.6025937,2792.33172,511.5114966,7115,0.956702972,208.9761047,200.1777954,146.3884735
35167,B-20-3-02_masks.tif,56,7665,622.4680374,230.1567077,45.50538571,5.057790502,0.980259588,-47.33599896,3347.279191,525.3453359,4046,0.527853881,207.4975281,197.4950562,146.7894287
35168,B-20-3-02_masks.tif,57,5772,499.254834,186.7589941,42.68889796,4.374884409,0.973525727,-33.18580791,3247.816008,528.1211019,5344,0.925848926,209.3355103,200.4335632,154.5793457
35169,B-20-3-02_masks.tif,58,6453,560.5685425,204.5497531,43.89994024,4.659454022,0.976698194,-40.79152052,3293.605145,528.0616767,6291,0.974895397,212.2479706,204.3393707,149.1697693
35170,B-20-3-02_masks.tif,59,14923,949.6396103,348.0610083,73.82524175,4.714661274,0.977247031,79.0095049,1711.13047,538.8584735,5993,0.401594854,196.2791595,192.0305328,145.1541748
35171,B-20-3-02_masks.tif,60,5510,417.9411255,154.5095613,46.6003335,3.315632093,0.953434038,-28.2256769,2473.464973,524.5323049,4825,0.875680581,206.8547211,198.7270508,148.6395874
35172,B-20-3-02_masks.tif,61,6076,449.3553391,168.6790029,48.13642508,3.504186334,0.958416547,-29.00226073,2509.868664,541.0826201,5556,0.91441738,207.6171722,201.1731415,151.0115204
35173,B-20-3-02_masks.tif,62,6251,537.7401154,202.9940129,43.36948392,4.680572479,0.976910472,-39.34851143,2837.491601,539.3808991,5843,0.934730443,211.6460724,202.1365662,143.9416351
35174,B-20-3-02_masks.tif,63,6828,491.5979797,174.1981231,53.86110584,3.234209925,0.950998815,-62.40230013,3116.200644,530.4588459,6385,0.935120094,213.2086182,204.8740845,145.5592804
35175,B-20-3-02_masks.tif,64,7082,494.5269119,190.832566,48.05889028,3.970806752,0.967769407,-16.61219393,2891.557046,575.324061,5868,0.828579497,204.7844238,195.8939972,143.4299622
35176,B-20-3-02_masks.tif,65,5162,429.9411255,155.0500401,44.0935791,3.516385906,0.958710785,-65.41273733,3440.805308,526.5244091,4665,0.903719489,203.6057892,194.4621582,135.4998932
35177,B-20-3-02_masks.tif,66,4197,427.9411255,162.7704405,34.06816793,4.777786727,0.977851063,-64.8039324,3520.604003,521.1050751,3598,0.857279009,208.8963318,200.9460754,144.3096161
35178,B-20-3-02_masks.tif,67,2943,268.627417,83.01915925,46.27164342,1.794169239,0.830270252,-39.26328832,2723.670404,525.0509684,0,0,,,
35179,B-20-3-02_masks.tif,68,7456,554.3259018,203.672078,47.28452043,4.307373241,0.972677598,-36.62062258,2338.80338,591.6845494,6867,0.921003219,210.1416931,204.951355,160.9682465
35180,B-20-3-02_masks.tif,69,13042,763.0121933,299.8685755,56.77978787,5.281255649,0.981909869,13.28959722,4314.051526,671.9801411,7395,0.567014262,205.5135956,202.4937134,147.881546
35181,B-20-3-02_masks.tif,70,6455,430.627417,169.029869,49.91719505,3.386205271,0.955399688,-9.222865121,2974.378621,617.8865995,6174,0.956467854,206.3756104,199.7415009,152.0072937
35182,B-20-3-02_masks.tif,71,6879,464.0416306,184.7172398,49.13807484,3.759146862,0.963968115,-7.68037175,2929.612298,624.6845472,6241,0.907253961,211.3951263,204.6023102,156.2015686
35183,B-20-3-02_masks.tif,72,6328,478.4264069,174.6930588,47.61784117,3.668647181,0.96213311,-31.13975837,2380.407712,617.0273388,5825,0.92051201,208.9922791,202.1175995,155.465744
35184,B-20-3-02_masks.tif,73,6334,529.1543289,190.2067239,44.02008417,4.320907775,0.972850881,-46.70740086,3080.619198,613.7120303,6051,0.955320493,210.3582916,204.1774902,154.4956207
35185,B-20-3-02_masks.tif,74,7214,551.1543289,206.1776371,48.03333594,4.292386383,0.972483769,-39.98617853,3108.086637,645.1469365,6815,0.944690879,211.954361,204.6534119,157.7065277
35186,B-20-3-02_masks.tif,75,25259,1506.048773,542.3595991,66.43361802,8.163932888,0.99246975,48.16841491,457.8178471,858.2277604,9058,0.358604854,189.0193176,183.4725037,150.2041321
35187,B-20-3-02_masks.tif,76,21117,1410.977705,507.2380993,63.24064353,8.02076119,0.992197452,48.76482521,484.8724724,815.4777667,8762,0.414926363,189.6245117,184.851181,152.8022156
35188,B-20-3-02_masks.tif,77,13922,872.1248917,332.3671435,59.91931176,5.546911902,0.983615242,25.16158884,4640.401666,793.5468324,7952,0.571182301,203.9107208,201.3402863,153.7882233
35189,B-20-3-02_masks.tif,78,9788,669.1543289,249.5449125,53.62816347,4.653243676,0.97663521,61.20812298,2613.830098,722.6329179,7579,0.774315488,202.5202484,196.5521851,155.4376526
35190,B-20-3-02_masks.tif,79,16800,1062.651804,391.2449973,57.50029181,6.804226292,0.989141324,55.95457324,2610.42375,780.8545833,7683,0.457321429,194.8512268,191.4306946,145.4131165
35191,B-20-3-02_masks.tif,80,14031,876.0243866,320.7276867,58.50652175,5.48191342,0.98322106,27.78045365,4594.874991,807.5847053,7475,0.532748913,205.6121674,200.6060181,148.3896942
35192,B-20-3-02_masks.tif,81,7602,547.0121933,213.7856481,46.42052365,4.605412247,0.9761414,-25.68079285,3091.006183,779.7361221,6634,0.872665088,209.3940277,200.2187195,148.4234314
35193,B-20-3-02_masks.tif,82,23361,1365.764502,509.4424437,82.12643266,6.203148331,0.986920378,39.07033166,2131.198236,866.4876076,12163,0.520654082,206.1334381,201.286026,169.827179
35194,B-20-3-02_masks.tif,83,24213,1339.663997,496.0707322,64.99353625,7.632616423,0.991380165,38.90897431,2091.558667,899.6631149,15279,0.631024656,206.7604523,199.9353943,160.1650696
35195,B-20-3-02_masks.tif,84,22838,1204.066017,449.5597262,68.33164628,6.579085252,0.988380983,27.4874081,1402.188764,910.9321744,10817,0.473640424,199.9961243,194.7732239,145.4040833
35196,B-20-3-02_masks.tif,85,7746,555.0121933,218.8438038,46.80185355,4.675964458,0.976864403,-23.65045072,3116.720114,821.4495223,7453,0.962174025,210.620697,202.0815735,154.5490417
35197,B-20-3-02_masks.tif,86,9461,757.1126984,310.0866082,50.53690496,6.135844852,0.986629911,-5.458883259,4401.764718,886.4666526,731,0.07726456,232.5294189,228.883728,171
35198,B-20-3-02_masks.tif,87,23620,1244.852814,470.7434485,66.67135486,7.060655201,0.989919677,71.33719429,2518.404403,818.9001693,10171,0.430609653,201.3356628,196.7928467,142.8346252
35199,B-20-3-02_masks.tif,88,17981,1059.137085,376.7485492,65.55413076,5.747136677,0.984745707,46.20851924,2927.555197,867.5306156,9814,0.545798343,198.213974,194.5879364,156.600769
35200,B-20-3-02_masks.tif,89,10500,799.6812409,256.5737113,57.43077825,4.467529766,0.974626515,42.40192306,3412.480667,846.7910476,7650,0.728571429,199.7585602,193.7564697,155.0977783
35201,B-20-3-02_masks.tif,90,15315,1023.095454,368.4950027,60.73405042,6.067354311,0.98632425,31.60316689,1997.671629,919.9488737,10263,0.670127326,204.59758,199.8978882,160.9554749
35202,B-20-3-02_masks.tif,91,8337,660.7106781,217.693916,51.61947305,4.217282803,0.97148049,42.24658444,3619.230659,825.6510735,6264,0.751349406,203.237381,198.3659058,153.2464905
35203,B-20-3-02_masks.tif,92,17419,923.254834,375.2951397,69.94739935,5.365390897,0.982477788,85.69523759,766.5992307,789.9129686,5451,0.312934152,202.9711914,197.9689941,153.9959564
35204,B-20-3-02_masks.tif,93,7996,534.4264069,200.2791219,52.39124518,3.822759341,0.965178777,-24.84344548,3153.581791,843.3410455,3831,0.479114557,217.1508789,209.2954865,152.7624664
35205,B-20-3-02_masks.tif,94,16689,867.3969696,312.1749048,75.68864225,4.124461682,0.970162432,-15.18442852,1532.441488,915.2317095,11013,0.65989574,210.4233246,204.3035431,166.3853607
35206,B-20-3-02_masks.tif,95,14805,857.4974747,329.6849402,62.4483373,5.279322948,0.981896499,-13.91038816,1583.797433,929.4771361,7644,0.516312057,206.8564911,201.3029785,153.8513794
35207,B-20-3-02_masks.tif,96,7425,681.1959595,259.091061,38.23153549,6.776893934,0.989053072,39.9836415,3595.016835,856.4343434,5568,0.74989899,209.9123535,204.8410492,171.2490997
35208,B-20-3-02_masks.tif,97,14989,1004.066017,368.5405797,53.57976833,6.878353365,0.989375358,52.0977125,2851.463473,871.104143,9587,0.639602375,203.5074615,198.5635681,154.3544312
35209,B-20-3-02_masks.tif,98,7228,582.5685425,217.8551061,43.53753708,5.003845433,0.979827258,36.44633708,3550.818069,863.7061428,6290,0.870226895,203.5462646,197.3211517,158.505249
35210,B-20-3-02_masks.tif,99,19833,1318.592929,489.4709112,59.96535444,8.162561796,0.99246721,53.28531057,3380.005445,950.6450361,7745,0.390510765,201.9518433,196.3783112,140.0593872
35211,B-20-3-02_masks.tif,100,7229,549.9827561,199.8869689,47.24764968,4.230622481,0.971662676,40.72534272,3500.45691,881.915756,6539,0.904551114,205.713562,199.5942841,162.5641479
35212,B-20-3-02_masks.tif,101,15467,876.2842712,385.2912867,52.06891868,7.399640638,0.990826282,85.24994256,780.1648671,838.1059029,8928,0.577228939,204.5615997,197.6365356,155.5358429
35213,B-20-3-02_masks.tif,102,18965,1007.740115,384.4910747,76.69002465,5.013573492,0.979906268,84.63297111,747.9964144,883.4548379,9913,0.52269971,203.2080078,196.197113,146.9671173
35214,B-20-3-02_masks.tif,103,11996,791.1959595,293.6050066,54.79615589,5.358131457,0.982429851,53.41548532,2849.798349,926.7427476,6539,0.545098366,191.8125153,187.9816437,143.2329102
35215,B-20-3-02_masks.tif,104,7927,510.3847763,213.8070881,48.26891566,4.429498471,0.974183138,-5.708397148,4358.517472,930.2515454,6966,0.878768765,211.1389618,204.788681,154.671402
35216,B-20-3-02_masks.tif,105,22374,1231.622366,439.6071946,73.49977806,5.981068327,0.985923981,34.35532241,1065.286449,1064.294404,9485,0.423929561,189.6663208,181.3673096,140.4342651
35217,B-20-3-02_masks.tif,106,10299,904.4091629,331.2855759,41.50943507,7.980970478,0.992119146,50.11628116,3449.766579,953.2514807,7229,0.701912807,203.9755096,197.6567993,165.7309418
35218,B-20-3-02_masks.tif,107,14888,1016.610173,392.7234887,58.3505016,6.730421813,0.988900527,65.6395272,2419.082617,983.7178936,7453,0.500604514,203.5578918,198.5976105,167.739563
35219,B-20-3-02_masks.tif,108,15119,901.5979797,384.93013,58.4767128,6.582622578,0.988393541,85.03625841,311.8200278,969.1919439,6054,0.400423308,194.0594635,190.8534851,147.1874847
35220,B-20-3-02_masks.tif,109,15136,902.7523087,332.9499184,59.77199474,5.570333061,0.983753871,46.95116706,879.3709699,1031.604982,4197,0.277285941,191.2806702,181.697403,138.3276215
35221,B-20-3-02_masks.tif,110,14932,957.5807358,354.6764354,61.36466099,5.779815772,0.984919032,49.94225117,813.065363,1051.722944,5523,0.369876775,200.8086243,194.4504852,151.3876495
35222,B-20-3-02_masks.tif,111,9434,703.3969696,264.2117072,46.91494941,5.631716767,0.98410894,64.40949581,2374.946046,1007.352767,5672,0.601229595,203.9575043,201.9744415,151.1355743
35223,B-20-3-02_masks.tif,112,21587,1256.308658,473.3447956,66.62501522,7.104610694,0.990044648,26.98517995,580.7128828,1161.037245,9852,0.456385788,196.8435822,189.5202026,144.6197662
35224,B-20-3-02_masks.tif,113,13388,904.1248917,311.6496078,57.25233144,5.443439594,0.982980977,-65.45066331,4481.70735,1035.323125,5965,0.445548252,211.732605,205.2442627,148.4217987
35225,B-20-3-02_masks.tif,114,13921,872.4264069,323.514322,58.61462784,5.519344469,0.983449779,-84.27914396,3894.672078,998.7242296,8704,0.625242439,201.9216461,196.2734375,137.8129578
35226,B-20-3-02_masks.tif,115,12514,947.3380951,307.2817539,57.03707606,5.387403689,0.98262195,-54.51827575,4499.386447,1097.124101,6557,0.52397315,213.2954102,207.4808655,157.2103119
35227,B-20-3-02_masks.tif,116,26921,1439.095454,556.7833162,79.72632736,6.983681987,0.989695081,76.67709992,3064.258163,1068.102114,10098,0.375097508,199.153595,192.4871216,142.3528442
35228,B-20-3-02_masks.tif,117,13157,948.1248917,324.5521979,59.80786312,5.426580736,0.982874143,-22.31757183,142.2486129,1160.496086,2753,0.209242228,200.681076,193.133667,154.4035645
35229,B-20-3-02_masks.tif,118,13432,1006.024387,327.6272837,54.92457979,5.965039421,0.985847687,-27.5722834,189.1912597,1170.057102,7645,0.569163192,201.3650818,193.4116364,149.1671753
35230,B-20-3-02_masks.tif,119,11709,721.3969696,252.897282,64.23003229,3.937368128,0.967210321,64.44533122,4107.025707,1065.291229,9431,0.8054488,201.4788513,197.4017639,149.8218689
35231,B-20-3-02_masks.tif,120,19181,1348.735065,499.5327374,59.15372803,8.444653516,0.99296382,43.58959504,460.5914186,1209.643814,7078,0.369011,189.8642273,185.5820923,147.4074554
35232,B-20-3-02_masks.tif,121,25697,1381.781746,531.2727922,83.01143726,6.399995106,0.98771752,76.87301241,3047.963965,1146.156166,11445,0.44538273,205.434082,198.1413727,153.2246399
35233,B-20-3-02_masks.tif,122,20550,1207.03658,436.1277115,72.11691507,6.047509258,0.986233721,36.47606098,1485.184623,1263.182822,10970,0.533819951,193.3859558,185.626709,145.6995392
35234,B-20-3-02_masks.tif,123,19350,1189.722871,437.4628804,69.59380015,6.285946154,0.987264883,37.01424127,1550.797881,1213.897571,5292,0.273488372,192.2539673,186.435379,145.8161316
35235,B-20-3-02_masks.tif,124,10176,666.5685425,245.8348482,54.38641866,4.520151432,0.975221314,59.61700691,4031.490468,1141.435436,4635,0.455483491,205.0599823,199.9020538,155.6703339
35236,B-20-3-02_masks.tif,125,10096,764.8111832,267.6163356,53.49178201,5.002942986,0.979819905,64.19017996,4105.758914,1127.230586,7227,0.715828051,205.5302277,200.4546814,156.728241
35237,B-20-3-02_masks.tif,126,18394,1192.911688,501.3078125,53.6533404,9.34345949,0.994256143,85.21143858,2527.471676,1108.726596,4739,0.25763836,201.2709503,196.4367981,153.9339447
35238,B-20-3-02_masks.tif,127,19292,948.8111832,375.8351192,66.7452853,5.630886399,0.984104215,73.35262004,2455.554323,1169.623471,9428,0.488699979,202.8995514,198.7113953,153.7544556
35239,B-20-3-02_masks.tif,128,22908,1159.480231,439.2078994,74.11988704,5.92564178,0.9856575,59.78623874,963.9973808,1246.163218,8177,0.356949537,194.1724396,189.7222748,134.4167786
35240,B-20-3-02_masks.tif,129,8756,577.0121933,216.5225857,54.31602311,3.986348286,0.968024375,69.58552799,4048.506396,1202.864778,6284,0.717679306,205.4253693,200.5549011,148.0910187
35241,B-20-3-02_masks.tif,130,21231,1340.208153,502.7213796,82.87348965,6.066130215,0.986318692,55.65212007,2934.665065,1338.257831,10293,0.484809948,195.579422,190.8776855,154.2727051
35242,B-20-3-02_masks.tif,131,18178,1111.296465,445.7551982,58.47383493,7.623156558,0.991358665,75.65890772,3041.71229,1223.823853,6835,0.376003961,196.0915833,191.9091492,150.289978
35243,B-20-3-02_masks.tif,132,22056,1162.710678,452.031484,68.72009593,6.577864566,0.988376645,16.43672087,2812.273214,1428.109086,9608,0.435618426,198.920166,193.6020966,149.245636
35244,B-20-3-02_masks.tif,133,16176,1007.740115,394.5966912,68.04859785,5.798748302,0.985018096,83.66117186,3035.013971,1298.679587,5930,0.366592483,197.0521088,192.6495819,149.1291809
35245,B-20-3-02_masks.tif,134,18135,1155.03658,423.8404787,60.38910535,7.018492428,0.989797575,43.43339949,2144.27378,1446.404467,2092,0.115357044,188.7891998,181.7719879,140.2466583
35246,B-20-3-02_masks.tif,135,7086,572.6690476,204.0863156,47.3431999,4.310784148,0.972721425,27.92097801,5391.940305,1404.958369,2181,0.307790008,204.3580933,203.9944916,150.0307159
35247,B-20-3-02_masks.tif,136,8767,672.0832611,255.6499721,47.73854042,5.35521132,0.982410513,22.8276956,5389.432417,1484.952663,3659,0.417360557,200.89888,199.7064819,136.4318085
35248,B-20-3-02_masks.tif,137,15955,1091.722871,388.7538419,54.9216915,7.078329732,0.98997021,57.28885304,268.6124726,1469.331808,7483,0.469006581,192.2496338,187.1502075,162.2922668
35249,B-20-3-02_masks.tif,138,16343,1087.23759,395.8697217,63.36642895,6.247309944,0.987105845,56.62236284,263.35067,1518.254788,7465,0.456770483,192.995575,187.4987335,151.0959167
35250,B-20-3-02_masks.tif,139,14827,1131.379726,376.5640933,54.31170751,6.933387119,0.989544243,-50.92572154,5123.503271,1603.241317,8569,0.577932151,206.4805756,200.585022,144.5809326
35251,B-20-3-02_masks.tif,140,18266,1231.379726,428.112962,58.70300964,7.292862233,0.990554392,-55.97598874,5157.282273,1645.982098,10475,0.573469835,209.2725525,202.4939423,161.2291107
35252,B-20-3-02_masks.tif,141,18161,1161.480231,424.4205771,70.57112193,6.014082892,0.986079186,-35.55158977,5223.910302,1695.755575,9012,0.496228181,203.931427,197.7498932,146.8559723
35253,B-20-3-02_masks.tif,142,15147,983.0121933,418.366284,50.14793028,8.34264309,0.992790069,-82.66250436,1058.219846,1590.902885,8108,0.535287516,203.7835541,199.154541,163.5804138
35254,B-20-3-02_masks.tif,143,16361,880.6690476,357.5620845,59.44527934,6.014978623,0.986083361,-74.77545185,762.7609559,1616.713343,8139,0.49746348,202.1089783,198.8879395,144.7939606
35255,B-20-3-02_masks.tif,144,22228,1106.083261,472.2594872,61.3814002,7.693853279,0.991517418,-80.20495254,3028.443135,1637.78797,9936,0.447003779,201.3931122,195.6496582,139.4550171
35256,B-20-3-02_masks.tif,145,12375,764.1837662,308.392379,54.44553266,5.664236604,0.984292337,-79.21189339,1064.707636,1632.786343,5648,0.45640404,204.9011993,197.749115,150.9872589
35257,B-20-3-02_masks.tif,146,18565,1159.480231,421.0930825,60.06609818,7.010495026,0.989774164,30.35347904,595.2618368,1801.063938,7709,0.415243738,193.2687836,183.8486176,141.9322815
35258,B-20-3-02_masks.tif,147,17220,1131.03658,403.3175561,55.75051489,7.234328812,0.99040018,38.49944285,643.7529617,1772.767131,7673,0.445586527,194.8922119,188.0955353,150.1385345
35259,B-20-3-02_masks.tif,148,14117,820.5269119,347.5240448,52.69586369,6.59490177,0.988436974,-8.539328266,376.4415244,1811.561522,4475,0.316993696,189.7888336,179.4643555,135.7955322
35260,B-20-3-02_masks.tif,149,18097,1141.279221,417.6328583,59.33860075,7.038131218,0.989854723,-41.09312257,3051.922584,1822.816765,12301,0.679725921,212.3590698,204.7449799,161.2741241
35261,B-20-3-02_masks.tif,150,22585,1192.367532,462.6392071,68.233402,6.780245356,0.989063951,72.90428716,1265.145406,1734.118928,12440,0.550808058,200.2137451,196.9917145,151.4195404
35262,B-20-3-02_masks.tif,151,21734,1082.793939,397.0440055,72.84917508,5.45021965,0.983023659,-41.86660456,2980.888838,1822.468529,9622,0.442716481,208.7522278,198.0685883,141.70578
35263,B-20-3-02_masks.tif,152,16296,994.5685425,386.3498256,56.15905188,6.879564605,0.989379119,14.45164297,5327.078976,1861.927774,4646,0.285100638,206.0094757,202.9418793,153.7696991
35264,B-20-3-02_masks.tif,153,11096,795.6396103,275.6173273,52.88998601,5.211143887,0.981415179,65.58171515,1061.547134,1748.104362,4924,0.443763518,198.509552,193.20755,160.2002411
35265,B-20-3-02_masks.tif,154,17827,1082.894444,389.3872409,66.81257381,5.828053294,0.985169514,-42.9453873,2793.836989,1840.032254,9283,0.520726987,208.2520752,201.6053009,147.8440094
35266,B-20-3-02_masks.tif,155,10536,667.1126984,269.1096866,53.62100052,5.018736764,0.979948015,6.230215556,3512.517274,1841.371298,6108,0.579726651,207.5846405,201.8192596,152.0633545
35267,B-20-3-02_masks.tif,156,19926,1303.320851,468.7935519,56.91434816,8.236825459,0.992602934,-42.09188598,3087.525795,1872.835341,8043,0.403643481,208.7466125,202.3886566,162.5565033
35268,B-20-3-02_masks.tif,157,15715,899.7401154,347.7791259,66.52216657,5.228018626,0.981536086,14.52437259,5283.341266,1882.227617,7525,0.478841871,205.3294373,199.0097046,157.129303
35269,B-20-3-02_masks.tif,158,15098,1133.379726,393.3546432,55.10371487,7.138441467,0.990139255,58.16857965,1039.601934,1809.322162,6370,0.421910187,203.0996857,197.2376709,160.0886993
35270,B-20-3-02_masks.tif,159,13551,831.6812409,300.9619595,58.60147165,5.135740639,0.980860084,-43.27476377,2721.083315,1843.232086,9246,0.682311269,210.5384979,203.5256348,151.9938354
35271,B-20-3-02_masks.tif,160,11934,945.2964646,341.5656049,53.94682583,6.331523675,0.987448732,23.86356625,963.2595944,1909.701357,5457,0.457264957,201.4579468,194.6915894,161.2847748
35272,B-20-3-02_masks.tif,161,11353,771.5979797,313.2385817,48.01121369,6.524279593,0.988183786,79.23706832,1297.943539,1797.269444,5591,0.492468951,199.6100922,198.6000671,161.5335388
35273,B-20-3-02_masks.tif,162,12058,1037.379726,365.5991846,44.86903755,8.148139664,0.992440419,38.02016914,543.0455299,1920.705921,4416,0.366229889,190.4166718,181.6347351,143.2355042
35274,B-20-3-02_masks.tif,163,7212,433.5563492,177.90495,53.24958123,3.340964303,0.954154422,-3.515657855,791.7642818,1847.275374,5019,0.695923461,202.685791,193.1073914,151.8192902
35275,B-20-3-02_masks.tif,164,10554,680.2842712,282.7658425,49.55065249,5.706601796,0.984526522,-7.058835145,832.2515634,1892.211673,4833,0.457930642,204.5942535,197.5075531,160.3068542
35276,B-20-3-02_masks.tif,165,8172,509.2132034,210.5788782,50.35714234,4.181708262,0.970985906,7.126109178,3468.843123,1878.818404,7169,0.877263828,210.3390961,203.3844299,168.6868439
35277,B-20-3-02_masks.tif,166,19137,1269.521861,482.4730313,73.89614326,6.529069177,0.988201219,41.99107118,557.7312013,1990.956263,4797,0.250666249,198.1156921,189.6614532,156.9691467
35278,B-20-3-02_masks.tif,167,15341,1050.066017,395.7343717,64.44902949,6.140268905,0.986649301,51.32442979,4090.104882,1883.410208,7312,0.47663125,206.2666779,201.5891724,162.375824
35279,B-20-3-02_masks.tif,168,12005,860.1248917,311.6545122,53.53049434,5.821999516,0.985138424,25.77031399,930.3835069,1933.157185,5205,0.433569346,194.8107605,187.0328522,148.3611908
35280,B-20-3-02_masks.tif,169,10842,809.0538239,302.0429527,52.26255401,5.779337776,0.984916518,62.17241199,1075.225512,1877.302527,4318,0.398266003,196.6097717,188.1299286,155.0539551
35281,B-20-3-02_masks.tif,170,6912,625.3969696,223.9092475,41.68478404,5.371486326,0.982517886,-60.49753271,3679.55136,1883.866753,4813,0.696325231,207.6285095,201.5213013,149.6262207
35282,B-20-3-02_masks.tif,171,11511,782.1248917,296.4614535,50.54135365,5.865720486,0.985360784,58.83294518,4001.723221,1917.266267,9874,0.857788203,210.3127441,202.5966187,170.8789825
35283,B-20-3-02_masks.tif,172,14571,1030.409163,389.0039539,53.56912692,7.261719132,0.990472809,57.86771817,3991.338,1959.628577,10423,0.715324961,208.6264038,200.8030243,163.9698792
35284,B-20-3-02_masks.tif,173,9175,857.7817459,302.6230913,43.38119061,6.975905618,0.989671974,55.35339451,4068.287956,1913.078365,7012,0.764250681,205.0674591,197.6112366,160.1431885
35285,B-20-3-02_masks.tif,174,7678,629.254834,229.4639907,44.40988816,5.166957184,0.981092878,-68.16710107,3698.873274,1924.372884,5082,0.661891117,206.8295898,201.2140961,156.591507
35286,B-20-3-02_masks.tif,175,11757,721.1126984,293.7572534,56.41739637,5.206855905,0.981384266,3.68093551,754.9919197,2069.364124,3540,0.301097219,186.9437866,177.1499939,139.1870117
35287,B-20-3-02_masks.tif,176,19849,1224.107648,448.4400693,67.90394183,6.604035896,0.988469124,39.45391979,438.3446521,2154.851831,5909,0.297697617,196.8084259,184.5376587,149.7224579
35288,B-20-3-02_masks.tif,177,16202,1118.450793,407.6749219,52.54801858,7.758140704,0.991658005,39.47742329,470.0119738,2123.05919,7277,0.449142081,192.8072052,188.19664,147.2026978
35289,B-20-3-02_masks.tif,178,17059,957.2964646,362.0532,63.44095142,5.706932068,0.984528327,71.80168576,2769.375403,2040.267014,7226,0.423588721,195.0765228,187.4940491,149.0791626
35290,B-20-3-02_masks.tif,179,20062,1164.450793,425.0674887,64.33681309,6.606909299,0.98847921,46.99866134,2679.590818,2140.97084,8355,0.416458977,194.7354889,189.7323761,137.3633728
35291,B-20-3-02_masks.tif,180,8910,564.0416306,240.1478233,49.49053999,4.852398525,0.978534378,83.28050567,3917.530976,2008.067116,6810,0.764309764,194.2215881,186.6261444,136.2255554
35292,B-20-3-02_masks.tif,181,5926,364.8700577,119.0088158,63.90036036,1.86241228,0.843621681,-69.84327529,3570.865845,2024.426088,4667,0.787546406,207.7653809,201.9723663,145.7514496
35293,B-20-3-02_masks.tif,182,17782,985.7817459,364.8440412,71.9575093,5.070270563,0.98035762,66.6916433,2745.168035,2096.982285,8324,0.468113823,198.9148254,187.8900757,149.9360809
35294,B-20-3-02_masks.tif,183,19717,1192.568542,497.1033394,53.25945218,9.333617209,0.994243987,-10.62604254,1917.28478,2242.538774,7587,0.384794847,204.0280762,195.7775116,147.5316925
35295,B-20-3-02_masks.tif,184,12857,827.6396103,297.0373509,58.9901443,5.035372509,0.980081635,25.00197612,5377.281248,2155.580229,6398,0.497627751,194.874176,195.7638397,136.3172913
35296,B-20-3-02_masks.tif,185,18105,1120.994949,406.8103017,58.42213164,6.963290969,0.989634324,-26.89472972,177.6570008,2210.745043,7659,0.423032312,197.7259369,191.8473663,140.2104645
35297,B-20-3-02_masks.tif,186,17538,1099.59798,466.8914905,49.13396135,9.502419052,0.994447238,-3.672845539,1968.923537,2259.229958,7332,0.418063633,203.5713348,196.7806854,140.4017944
35298,B-20-3-02_masks.tif,187,19595,1133.965512,405.4800591,71.31722798,5.685583562,0.984410999,43.34735309,1569.669099,2215.919112,7050,0.35978566,204.2920532,198.7802887,154.5348969
35299,B-20-3-02_masks.tif,188,20198,1129.279221,401.6048544,67.15187973,5.980545236,0.985921501,43.8365115,1618.850876,2190.766858,9463,0.468511734,198.9044647,189.5262604,142.3841248
35300,B-20-3-02_masks.tif,189,5350,334.0416306,106.3812218,64.54739258,1.648110288,0.794888514,-74.89353993,3594.042991,2082.58972,5100,0.953271028,209.0427399,201.1543121,149.4486237
35301,B-20-3-02_masks.tif,190,7779,602.8700577,235.4127124,49.64174386,4.742232928,0.977513871,-89.77953558,4030.369585,2080.933282,4634,0.595706389,197.9728088,193.5131683,141.4482117
35302,B-20-3-02_masks.tif,191,19992,1187.982756,459.4374173,61.75150098,7.440101212,0.990926243,9.103499333,282.6830232,2312.57518,7981,0.399209684,197.4714966,187.9891052,146.6660767
35303,B-20-3-02_masks.tif,192,17573,971.6984848,431.4873362,54.09863591,7.97593745,0.992109157,0.356043246,340.4746486,2290.066466,7409,0.421612701,191.8689423,182.2660217,139.8566589
35304,B-20-3-02_masks.tif,193,5913,464.627417,197.0483662,39.85454888,4.944187595,0.979332336,-77.42281873,3647.980213,2116.193641,4997,0.845087096,199.0844574,189.493103,144.8192902
35305,B-20-3-02_masks.tif,194,21745,1236.610173,485.4517742,72.14131233,6.729178588,0.988896402,-16.0621862,2169.998023,2342.700575,8480,0.389974707,204.6096649,196.9382019,139.5272369
35306,B-20-3-02_masks.tif,195,5993,464.0416306,193.3399703,41.07292879,4.707236031,0.977174354,79.16943321,3816.398965,2169.066411,5233,0.873185383,198.3659515,193.1482849,144.536026
35307,B-20-3-02_masks.tif,196,18504,1119.882251,441.9594835,65.87077327,6.709492869,0.988830782,-13.6065022,2076.074308,2346.386835,9526,0.514807609,202.6091766,193.9763794,145.5136414
35308,B-20-3-02_masks.tif,197,13141,1059.722871,365.471421,55.20092735,6.62074785,0.9885276,44.58170071,3625.086523,2310.442736,9587,0.729548741,204.2165375,196.6254272,161.2394867
35309,B-20-3-02_masks.tif,198,12183,834.9533188,315.4657697,51.57656144,6.11645602,0.986544433,60.47516104,4078.458262,2251.574243,5817,0.477468604,198.7099915,193.7969818,146.7264862
35310,B-20-3-02_masks.tif,199,10633,732.1837662,286.9292835,49.75462573,5.766886582,0.984850814,76.65862318,3818.46224,2215.657952,9882,0.929370827,204.1326599,196.7691803,158.1594849
35311,B-20-3-02_masks.tif,200,9734,716.9533188,253.9096896,50.13989882,5.06402477,0.980308651,41.76773088,3662.564722,2282.308198,9096,0.934456544,203.3468628,196.7214203,163.0579376
35312,B-20-3-02_masks.tif,201,19694,939.6984848,401.511891,63.24901144,6.348113304,0.987514662,-84.945791,3038.001066,2251.767899,9103,0.462221997,199.1432495,192.0335083,141.322525
35313,B-20-3-02_masks.tif,202,10413,761.0121933,315.9091978,48.79896893,6.473685914,0.987997244,81.25051617,3843.261788,2266.731489,5371,0.515797561,202.0861969,196.0474701,151.7432556
35314,B-20-3-02_masks.tif,203,16698,1027.154329,383.2694933,70.34217562,5.448644286,0.983013756,81.23723508,1305.398132,2265.543598,8938,0.535273685,201.5185699,196.1761017,152.3987427
35315,B-20-3-02_masks.tif,204,12621,698.1837662,273.6158462,59.70429982,4.582849929,0.975902993,11.68477019,5402.056889,2360.82228,7835,0.620790746,198.8053589,195.826416,134.1420593
35316,B-20-3-02_masks.tif,205,16978,1109.622366,397.0251292,56.76225169,6.994527478,0.989727179,38.09456673,3829.473142,2414.293969,9563,0.563258334,197.3659973,191.5714722,140.7839661
35317,B-20-3-02_masks.tif,206,9210,647.1126984,271.4592798,45.57210624,5.956698126,0.985807738,80.93759302,1303.447883,2309.125299,2984,0.323995657,201.4859314,196.9668274,163.8200378
35318,B-20-3-02_masks.tif,207,5701,440.8700577,162.3872481,46.55320298,3.48820785,0.958026348,72.98413178,1285.055078,2345.948079,2910,0.510436765,199.3982849,189.5079041,156.1553192
35319,B-20-3-02_masks.tif,208,22527,1334.066017,510.1331858,59.42969001,8.58381031,0.993190882,21.63124184,2371.254672,2581.857416,8799,0.390597949,202.4863129,194.4523315,145.1463776
35320,B-20-3-02_masks.tif,209,22269,1092.568542,433.2573525,68.00577301,6.370890784,0.987604337,11.62228232,2303.557322,2585.330459,8731,0.392069693,206.3172607,196.7435608,150.8800812
35321,B-20-3-02_masks.tif,210,15831,880.7106781,338.6119863,64.95583342,5.212957304,0.981428229,63.36841726,1599.677595,2443.805192,10848,0.685237825,199.7876129,191.6532135,152.4931793
35322,B-20-3-02_masks.tif,211,17105,1169.722871,430.3111621,66.48816117,6.471996736,0.98799094,55.58381147,1503.653025,2549.007483,5361,0.313417129,200.3387451,190.198288,157.1533356
35323,B-20-3-02_masks.tif,212,13861,971.4386002,384.3551861,50.04849698,7.679654921,0.991485888,61.62697851,1568.4504,2483.221485,9549,0.688911334,205.4493713,198.1573944,169.0153961
35324,B-20-3-02_masks.tif,213,21972,1300.267027,487.2593425,76.54612633,6.365564998,0.987583457,13.81023001,492.7484071,2647.281449,7876,0.358456217,194.632431,183.2644806,147.5257721
35325,B-20-3-02_masks.tif,214,20707,1285.965512,470.0583936,58.23404056,8.071883542,0.992296355,62.10578747,4700.04583,2527.431207,10909,0.526826677,198.4041595,191.8374786,146.638916
35326,B-20-3-02_masks.tif,215,23371,1316.793939,496.7894651,70.57085729,7.039583818,0.989858931,61.69382912,4668.164734,2567.603996,12098,0.517650079,201.1458893,195.1821747,157.5774536
35327,B-20-3-02_masks.tif,216,16009,1035.681241,365.1542774,58.26931054,6.266665489,0.987185889,61.09906346,1556.975451,2527.226623,5495,0.343244425,207.7111969,198.6373138,159.74086
35328,B-20-3-02_masks.tif,217,19709,1051.823376,371.9872361,72.19286505,5.152686984,0.980986991,33.96534611,125.4225481,2637.678269,8961,0.454665381,192.677597,182.6126556,152.6605225
35329,B-20-3-02_masks.tif,218,8295,566.7695526,213.4888274,50.53702908,4.224403991,0.971577966,-73.09698049,3323.080169,2500.667269,6488,0.782157926,202.8961182,195.2697296,152.1871185
35330,B-20-3-02_masks.tif,219,19293,1097.823376,388.6144056,73.97090555,5.253611575,0.981717213,34.18725457,195.8592236,2636.888561,3302,0.171150158,184.5672302,175.8107147,157.1898804
35331,B-20-3-02_masks.tif,220,7490,545.5979797,211.3288894,46.40595416,4.553917558,0.975591988,-70.91806656,3347.436048,2537.945394,6181,0.825233645,206.8153992,198.3557739,153.8341675
35332,B-20-3-02_masks.tif,221,17072,1012.124892,379.8344055,73.82561118,5.145022159,0.980929748,17.56061119,396.2275656,2712.594951,9281,0.543638707,197.7312775,188.9661713,154.8741455
35333,B-20-3-02_masks.tif,222,6366,495.6984848,201.5827282,41.31329389,4.87936713,0.978773573,-76.09798888,3312.714263,2589.55388,5522,0.867420672,211.674942,204.0217285,163.8080444
35334,B-20-3-02_masks.tif,223,6458,452.8700577,175.0133346,49.31971248,3.548547342,0.959471566,-74.56905524,3333.157479,2623.91917,4877,0.755187365,204.996109,196.6924286,157.8388367
35335,B-20-3-02_masks.tif,224,10883,670.5269119,275.9543439,54.62818515,5.051501219,0.980209906,-82.55715079,3578.105853,2700.857484,8992,0.826242764,199.4119263,193.3010406,147.5828552
35336,B-20-3-02_masks.tif,225,17573,1047.722871,388.4045163,63.17841374,6.14774087,0.986681953,-52.53146781,1097.878279,2820.532294,7949,0.452341661,203.5133972,198.0076752,150.1075592
35337,B-20-3-02_masks.tif,226,10694,633.3553391,240.6899441,58.00425951,4.149521883,0.970527197,-78.68492011,3598.081261,2747.794277,3579,0.334673649,209.8857269,201.1478119,148.0528107
35338,B-20-3-02_masks.tif,227,10579,673.2964646,246.8179418,55.97003495,4.4098229,0.973949159,39.25096947,206.0366764,2815.944891,7591,0.717553644,203.8503418,196.2886353,170.0737762
35339,B-20-3-02_masks.tif,228,9507,655.1126984,243.4503588,51.20356875,4.754558417,0.977631636,-83.28003491,3587.285895,2800.180078,7200,0.757336699,207.5395813,196.2967987,148.8266602
35340,B-20-3-02_masks.tif,229,21047,1173.254834,484.7474806,71.56242724,6.773770807,0.98904292,88.90551949,2184.902932,2815.952915,9330,0.443293581,201.4707336,196.6078186,160.036972
35341,B-20-3-02_masks.tif,230,8058,559.3969696,198.6132103,52.85123916,3.757966956,0.963945062,42.82012291,132.4159841,2855.060561,6010,0.745842641,202.5158081,195.7678833,158.3269501
35342,B-20-3-02_masks.tif,231,15709,985.7817459,403.8086033,58.73411812,6.8751965,0.989365546,66.15567203,1457.96136,2855.505252,6653,0.423515182,198.1011505,191.7849121,149.8787079
35343,B-20-3-02_masks.tif,232,16322,1013.63961,362.6547725,73.6172693,4.926218753,0.97917968,-81.79246253,3585.971695,2848.756525,9451,0.579034432,205.4055634,196.726059,159.6704102
35344,B-20-3-02_masks.tif,233,9210,613.3969696,223.0216962,53.59191713,4.161480091,0.970698889,38.25540693,94.60456026,2885.56873,3663,0.39771987,203.7371063,195.491394,168.5288086
35345,B-20-3-02_masks.tif,234,12681,907.6812409,337.3712129,54.57965023,6.181263739,0.986826978,53.83829998,3336.874221,2900.368583,4641,0.365980601,191.7819366,183.514328,147.0767059
35346,B-20-3-02_masks.tif,235,12048,841.6396103,320.6827863,50.79105667,6.31376481,0.987377575,71.50415203,1403.698788,2877.090056,6687,0.55502988,201.5901031,194.6092377,161.7807617
35347,B-20-3-02_masks.tif,236,19067,1131.965512,398.423579,66.87768577,5.957496502,0.985811569,32.35409671,1278.349347,3013.922222,9855,0.516861593,203.0614929,193.1920776,156.0504303
35348,B-20-3-02_masks.tif,237,16345,1023.923882,360.7774736,60.56569024,5.956796203,0.985808209,29.23008813,1330.57357,2998.049801,7705,0.471397981,190.2155762,178.9255066,135.3661194
35349,B-20-3-02_masks.tif,238,14733,1113.137085,385.3975105,55.23332882,6.977625987,0.989677093,-43.32516196,3990.274961,3012.998643,7500,0.509061291,205.2593384,200.4738617,161.7281342
35350,B-20-3-02_masks.tif,239,11773,907.0954544,347.0604546,48.79503346,7.112618436,0.990067164,36.79584905,2287.848976,2995.108044,5088,0.432175316,196.945755,189.6698151,156.2071533
35351,B-20-3-02_masks.tif,240,13259,871.3380951,300.7937295,59.31046223,5.071512145,0.980367333,-44.95545997,3961.614903,2962.41338,9950,0.750433668,201.5202942,194.0226135,146.2905579
35352,B-20-3-02_masks.tif,241,15806,1034.124892,392.5316604,53.33350456,7.359945004,0.990726595,21.01901163,2260.759016,3120.077312,6710,0.424522333,201.2991028,191.8356171,152.8755646
35353,B-20-3-02_masks.tif,242,27566,1584.391919,603.9274901,67.94287515,8.888753807,0.993651531,55.34902281,1726.349888,3120.502104,9632,0.349415947,191.3895416,183.1867676,146.4365692
35354,B-20-3-02_masks.tif,243,20394,1262.811183,493.7194195,60.6217783,8.144258274,0.992433184,12.38425194,568.2887614,3206.279837,6708,0.328920271,200.286377,191.0268402,160.3744812
35355,B-20-3-02_masks.tif,244,13555,966.4091629,353.9469451,51.04185004,6.934445849,0.989547452,36.34047218,670.1266691,3090.345555,5666,0.418000738,194.1265411,185.6108398,157.635376
35356,B-20-3-02_masks.tif,245,15396,883.9411255,365.169833,56.25371035,6.491479954,0.988063353,-3.465163028,4958.419979,3152.955378,8608,0.559106261,199.5856171,195.398468,136.4994202
35357,B-20-3-02_masks.tif,246,13360,874.5269119,353.9089565,49.83553089,7.101538805,0.99003599,-3.570334155,4327.091841,3138.543338,7283,0.545134731,200.6755524,195.6229553,159.1371613
35358,B-20-3-02_masks.tif,247,7435,584.3259018,205.62735,47.05759678,4.369695098,0.973461952,31.60945082,2292.978211,3073.088635,5427,0.729926026,201.142807,194.1041107,155.1652832
35359,B-20-3-02_masks.tif,248,19511,1368.107648,496.6814931,72.97155482,6.806508294,0.989148644,41.4288215,2584.115063,3155.869304,2146,0.109989237,185.1989746,172.1141663,142.5256348
35360,B-20-3-02_masks.tif,249,12119,903.5807358,328.455184,52.60110242,6.244264262,0.987093181,-43.13197232,4108.787441,3113.637841,7197,0.59386088,202.2107849,196.4781189,158.9174652
35361,B-20-3-02_masks.tif,250,18766,1082.551299,369.7219774,66.59050337,5.552172737,0.983646535,-41.78231706,4139.035223,3154.110253,9605,0.511829905,206.1816711,201.4028168,159.1964569
35362,B-20-3-02_masks.tif,251,19438,1086.083261,441.7984138,61.32321845,7.204423137,0.990319926,10.5261581,621.6482663,3211.765254,5520,0.283979833,195.2923889,186.3001862,154.9530792
35363,B-20-3-02_masks.tif,252,6491,433.7989899,169.203236,49.46600716,3.420596197,0.956312401,89.80433006,239.9776614,3063.296102,4948,0.762286242,197.2704163,193.7188721,154.9961548
35364,B-20-3-02_masks.tif,253,19913,1101.941125,446.6195329,62.43953438,7.152832534,0.99017909,-1.199691644,420.9091548,3279.16788,8594,0.431577362,201.8097534,194.0795898,150.4527588
35365,B-20-3-02_masks.tif,254,10234,668.8700577,278.6997492,47.93634047,5.813955475,0.98509696,-1.480934563,4274.874145,3193.713895,6986,0.682626539,201.6573181,197.4546204,156.8879242
35366,B-20-3-02_masks.tif,255,14050,992.2670273,372.8954623,50.6492228,7.362313609,0.990732588,62.41927577,3812.919431,3175.238505,6312,0.449252669,194.5468903,187.0305786,155.5578308
35367,B-20-3-02_masks.tif,256,7474,508.2842712,199.6305253,50.20905238,3.975986717,0.967854727,-88.95410052,236.0747926,3108.086165,5070,0.678351619,195.895462,187.7082825,156.0232697
35368,B-20-3-02_masks.tif,257,10576,791.1959595,278.921258,50.19538495,5.556711206,0.98367346,38.28394127,2583.028272,3214.339542,2741,0.25917171,191.5326538,181.4370728,146.3578949
35369,B-20-3-02_masks.tif,258,14128,1092.551299,403.6981002,60.05459099,6.72218549,0.988873158,44.04192913,2511.164708,3259.238675,2623,0.185659683,196.9187927,187.1765137,169.5806274
35370,B-20-3-02_masks.tif,259,17000,929.3969696,351.253013,67.26640833,5.221819058,0.981491804,-72.92717415,207.088,3194.992412,11528,0.678117647,199.8829803,195.1741028,151.4221954
35371,B-20-3-02_masks.tif,260,16037,840.8111832,316.1741297,65.50815652,4.826484921,0.978300697,22.3174126,2972.114361,3264.126146,9557,0.595934402,197.0348511,189.2081146,142.8919067
35372,B-20-3-02_masks.tif,261,9771,869.9238816,306.8623401,43.41933463,7.067412311,0.989939041,39.24062538,2533.59216,3228.968683,4324,0.442534029,205.0992126,197.7324219,167.553421
35373,B-20-3-02_masks.tif,262,1479,177.8994949,57.04228114,34.80395683,1.638959657,0.792291198,18.44862493,17.60175794,3155.114266,1169,0.790398918,185.8828125,176.7818604,138.4200134
35374,B-20-3-02_masks.tif,263,11120,714.0416306,282.3020421,51.54567633,5.47673563,0.983189047,-88.51234,1039.004047,3160.854317,7982,0.717805755,197.3972626,192.5948334,145.8377533
35375,B-20-3-02_masks.tif,264,13556,802.2842712,332.4600817,59.88559159,5.551587165,0.983643057,88.88634981,1646.870242,3191.400856,8451,0.623413986,189.242569,182.0440216,134.9486389
35376,B-20-3-02_masks.tif,265,18689,1137.982756,449.6088536,56.86756408,7.906244287,0.991968864,12.32527701,2283.233025,3377.689068,6854,0.366739793,192.8694153,182.1142426,153.0811157
35377,B-20-3-02_masks.tif,266,14517,682.2842712,279.6483059,67.14782787,4.16466645,0.970744384,-87.96206612,1271.311704,3201.323345,9279,0.639181649,199.8588257,193.8101044,150.9951477
35378,B-20-3-02_masks.tif,267,7921,499.7989899,205.0651773,51.00527048,4.020470343,0.968573601,81.98834027,1021.829693,3213.543113,7217,0.911122333,205.4640503,198.8945618,168.513092
35379,B-20-3-02_masks.tif,268,13545,716.0416306,303.877151,57.84050612,5.253708368,0.981717893,2.023540859,369.3940199,3331.68062,5911,0.436397195,205.7978363,200.1385498,171.5579376
35380,B-20-3-02_masks.tif,269,18385,1015.84062,432.2986411,60.01331423,7.203378895,0.990317105,3.177456319,2407.984009,3427.176666,8763,0.476638564,200.860321,194.3016052,150.1426392
35381,B-20-3-02_masks.tif,270,16157,994.8111832,387.7772209,60.26606167,6.434421135,0.987849405,74.82585622,1622.559881,3253.406511,5330,0.329887974,187.1647339,175.4333954,133.321579
35382,B-20-3-02_masks.tif,271,7847,467.7989899,192.2465708,53.16708951,3.615894205,0.960997584,84.21900978,1024.929272,3259.429973,6020,0.767172168,205.1368713,197.5096283,163.2696075
35383,B-20-3-02_masks.tif,272,16180,880.6690476,354.8387998,59.86543468,5.92727342,0.985665452,77.34044166,1387.650803,3280.152534,9812,0.606427689,197.774353,187.6496124,156.7144318
35384,B-20-3-02_masks.tif,273,15971,901.4558441,383.6579035,55.0630399,6.967612107,0.989647244,5.277861333,2453.567028,3417.369044,6966,0.43616555,192.2206421,183.0146484,146.0611572
35385,B-20-3-02_masks.tif,274,7912,617.1543289,231.0969167,46.88832804,4.928666182,0.979200572,30.59469952,50.0442366,3337.997472,3550,0.448685541,180.8864746,168.9115448,130.4647827
35386,B-20-3-02_masks.tif,275,24792,1278.367532,492.9699243,82.24041219,5.994254055,0.985986279,78.55636201,1402.039811,3334.498669,6525,0.263189739,199.2850647,189.4176178,154.1246033
35387,B-20-3-02_masks.tif,276,12901,771.4974747,283.5816015,60.92450696,4.654639253,0.976649386,73.43098917,1659.498876,3312.773583,5044,0.390977444,195.9325867,188.1585999,158.3782654
35388,B-20-3-02_masks.tif,277,11884,757.1959595,269.2965184,58.35011487,4.615184032,0.976243553,45.32101703,3987.688741,3353.77617,6343,0.533742848,193.4392242,184.092865,146.3526764
35389,B-20-3-02_masks.tif,278,19102,1029.982756,396.9123664,74.36633333,5.337258792,0.982290916,77.3989288,1175.248456,3329.776934,11298,0.591456392,200.1094818,192.0655823,164.8125305
35390,B-20-3-02_masks.tif,279,10248,615.9827561,223.0549799,59.73306246,3.734196285,0.963475847,34.26647333,939.4338407,3388.863778,7569,0.738583138,194.9965668,186.8686676,149.4770813
35391,B-20-3-02_masks.tif,280,11990,800.5269119,317.8171347,51.40864477,6.182172981,0.986830879,6.824674757,2352.741451,3478.535029,7578,0.632026689,204.8019257,197.8306885,161.0506744
35392,B-20-3-02_masks.tif,281,10156,785.882251,295.2911132,48.91804944,6.036444965,0.986182856,63.59053472,4469.362052,3375.88716,6854,0.674871997,198.6003723,191.7157898,164.3773041
35393,B-20-3-02_masks.tif,282,11606,780.9533188,298.4731138,52.67410581,5.666410643,0.984304484,34.99853222,919.1367396,3441.730743,5727,0.493451663,202.8484344,194.081192,167.6769714
35394,B-20-3-02_masks.tif,283,18269,1040.651804,378.6959261,65.71676332,5.76254683,0.984827812,-36.15851707,1749.085828,3489.068203,9235,0.505501122,199.9501953,193.876236,138.5138092
35395,B-20-3-02_masks.tif,284,13614,904.1665222,306.364779,60.53061828,5.061319175,0.980287381,49.83825573,4366.563905,3442.469149,8001,0.587703834,199.5498047,195.5869293,150.5238037
35396,B-20-3-02_masks.tif,285,12927,853.0538239,331.0972913,52.33279528,6.32676488,0.987429724,65.20115402,4467.178696,3419.759186,5232,0.404734277,199.7306976,191.2348938,167.387619
35397,B-20-3-02_masks.tif,286,11808,814.7106781,304.222819,52.18148997,5.830090694,0.985179956,26.88027682,4258.548018,3508.189787,8438,0.714600271,204.8989105,197.0480042,157.7402191
35398,B-20-3-02_masks.tif,287,11686,709.0538239,261.9901778,58.51675408,4.477182338,0.974737221,30.73139389,1128.475184,3481.857265,9464,0.80985795,197.5272675,190.3895874,154.6594391
35399,B-20-3-02_masks.tif,288,13457,777.6396103,291.4791391,62.27337281,4.680638385,0.97691113,25.57606854,4305.809319,3496.481014,3834,0.284907483,203.541214,194.1911774,160.945755
35400,B-20-3-02_masks.tif,289,17357,889.254834,336.3614222,71.43349886,4.708735083,0.977189054,-84.87135034,1304.33727,3432.230224,6798,0.391657545,200.227417,194.0432434,146.3315735
35401,B-20-3-02_masks.tif,290,10660,722.2253967,263.331769,52.55947766,5.010167162,0.979878656,27.44032528,4205.811726,3525.357598,7607,0.713602251,194.6797638,185.7004089,152.5385895
35402,B-20-3-02_masks.tif,291,15255,911.8233765,326.7684084,61.70823989,5.295377229,0.982007107,-45.70395454,1357.305998,3531.658473,9769,0.640380203,200.013916,193.3342133,149.2057495
35403,B-20-3-02_masks.tif,292,11750,682.3259018,243.7642558,63.61086405,3.832116721,0.965351673,22.56302034,4151.852936,3541.255404,7140,0.607659574,200.2610626,195.1179199,150.3986053
35404,B-20-3-02_masks.tif,293,11333,658.5685425,246.6459614,61.15700244,4.032996249,0.968771652,31.43424202,1093.165711,3520.968058,7564,0.667431395,201.3601227,192.9442139,165.2425995
35405,B-20-3-02_masks.tif,294,11549,638.0832611,227.4233966,69.16022628,3.288355299,0.952639033,22.2797509,5387.876007,3548.048749,2335,0.202182007,186.3211975,179.1310425,128.8261261
35406,B-20-3-02_masks.tif,295,13314,804.3675324,277.684912,65.41933524,4.244691741,0.971852932,51.46250391,4438.342121,3566.477843,6780,0.509238396,198.647049,188.688797,146.153244
35407,B-20-3-02_masks.tif,296,9160,574.6690476,205.9536784,61.66707569,3.339767226,0.954120761,29.12328953,5010.11321,3574.449782,2557,0.279148472,201.7129517,197.8932343,144.2753296
35408,B-20-3-02_masks.tif,297,6668,529.4974747,193.9885223,49.24402552,3.939331122,0.967243545,43.71719798,2564.586983,3587.356929,2043,0.306388722,181.5477295,173.6020508,139.9393005
35409,B-20-3-02_masks.tif,298,2779,382.1837662,134.313016,30.52216672,4.400507252,0.973837263,-40.79020639,1396.573588,3604.367758,1615,0.581144297,192.164093,186.9962921,143.975235
35410,B-20-3-02_masks.tif,299,3097,355.6984848,132.4171874,33.64767177,3.935404157,0.96717703,49.19992367,971.2273168,3607.25218,0,0,,,
35411,B-20-3-02_masks.tif,300,5112,388.627417,139.9973379,50.66106979,2.763410613,0.932227922,67.31441744,1075.270344,3614.026995,2894,0.566118936,185.3368988,178.3237762,140.3752594
35412,B-20-3-03_masks.tif,1,7764,579.0121933,231.3075143,46.60064968,4.963611363,0.979495464,19.02741579,2272.275116,88.19229778,3988,0.513652756,196.4418182,195.0937805,139.7332001
35413,B-20-3-03_masks.tif,2,5209,404.9705627,152.0289984,47.0256429,3.232895693,0.95095794,7.211809053,2305.612018,62.09406796,3776,0.724899213,209.5511169,204.8853302,157.1178436
35414,B-20-3-03_masks.tif,3,10103,714.5685425,273.0690783,52.65514617,5.18599032,0.98123273,25.24695914,3402.58834,98.89587251,2776,0.27476987,191.3649139,191.6177979,136.4293976
35415,B-20-3-03_masks.tif,4,13135,948.7106781,351.6304003,55.70020959,6.312909824,0.987374133,67.23019084,5118.765817,74.04309098,5183,0.394594595,200.1960297,202.4126892,135.6343842
35416,B-20-3-03_masks.tif,5,14222,798.8111832,297.5386323,64.02213855,4.647433513,0.976576052,65.97441755,5191.219027,56.32555196,2352,0.165377584,202.5395355,190.5909882,151.6645355
35417,B-20-3-03_masks.tif,6,6348,510.4264069,178.73003,57.89588982,3.087093583,0.946081298,57.42865476,5271.702426,38.74401386,0,0,,,
35418,B-20-3-03_masks.tif,7,14262,964.0243866,370.8522291,51.58531726,7.189104358,0.990278426,27.11795872,105.775277,162.2366428,5729,0.401696817,191.1101379,187.6594543,149.5545502
35419,B-20-3-03_masks.tif,8,8028,625.9411255,253.4150282,44.72647727,5.665883916,0.984301542,16.15498322,2390.959018,114.0012456,5210,0.648978575,198.6426086,195.8391571,148.3236084
35420,B-20-3-03_masks.tif,9,12656,911.7817459,339.5690547,54.98753419,6.17538247,0.986801707,27.74367856,159.909134,175.4283344,4792,0.37863464,181.0527954,180.8368073,139.8380585
35421,B-20-3-03_masks.tif,10,17833,1111.63961,418.0624522,60.0876533,6.957543343,0.9896171,-75.64517294,492.7437335,94.87052094,8867,0.497224247,197.0892029,195.2825012,146.8730164
35422,B-20-3-03_masks.tif,11,21323,1411.320851,518.9860085,55.81720178,9.297958192,0.994199623,37.86623592,5173.034892,274.6429677,4239,0.198799418,194.7723541,194.7277679,147.0368042
35423,B-20-3-03_masks.tif,12,20118,1147.941125,508.052545,52.25883032,9.721850678,0.994695732,6.091475811,5035.942738,325.5751069,7539,0.37473904,201.7616425,200.7710571,150.3908997
35424,B-20-3-03_masks.tif,13,8384,657.1543289,240.5092968,52.82063205,4.553321069,0.975585512,27.99091205,5393.437142,205.5083492,0,0,,,
35425,B-20-3-03_masks.tif,14,10993,655.3553391,250.0966544,57.06345098,4.3827818,0.973622341,-75.28547566,1331.789502,156.7102702,8697,0.791139816,203.827179,195.4695892,144.9802246
35426,B-20-3-03_masks.tif,15,10744,772.4264069,314.4009799,45.28438312,6.942812471,0.989572762,-74.86193117,1413.466214,179.889892,5903,0.549422934,204.1096039,200.8622742,148.722168
35427,B-20-3-03_masks.tif,16,20141,1456.149278,558.4668872,50.82043312,10.98902258,0.995850901,34.77660974,2907.379723,377.8034358,7683,0.381460702,200.5262299,200.437973,161.3637848
35428,B-20-3-03_masks.tif,17,17853,1303.622366,497.0467556,54.62709509,9.098905127,0.993942281,59.03908956,4678.31821,317.9421946,5289,0.296252731,198.8392944,201.5711823,152.4516907
35429,B-20-3-03_masks.tif,18,24101,1401.279221,520.2553556,71.80577628,7.245313435,0.990429407,28.51025386,581.9171819,404.0077175,11972,0.496742874,196.3332825,191.0829468,145.9135437
35430,B-20-3-03_masks.tif,19,19941,1212.551299,451.7512497,61.08311518,7.395681251,0.990816411,59.74600932,4737.307407,303.0265283,7499,0.376059375,200.216156,198.7046204,162.8762512
35431,B-20-3-03_masks.tif,20,16645,1205.521861,465.6013256,56.26557687,8.27506535,0.992671393,37.6869922,1698.374887,400.9677381,7053,0.42373085,197.6754608,196.1973572,146.4376831
35432,B-20-3-03_masks.tif,21,18061,1244.592929,453.1326921,56.24006287,8.057115675,0.992267979,46.11278524,3648.010465,363.8760312,6429,0.355960357,190.7159729,192.7310638,141.7032166
35433,B-20-3-03_masks.tif,22,11001,618.4264069,224.3930252,64.67271379,3.469670779,0.957566691,-73.30539118,1340.022907,271.7593855,3444,0.313062449,201.0505219,193.303421,136.1347198
35434,B-20-3-03_masks.tif,23,17534,938.5269119,398.2210575,57.65219199,6.907301244,0.989464699,-0.96877105,379.4178168,447.6158321,8257,0.470913653,197.6134186,192.7304077,144.3714447
35435,B-20-3-03_masks.tif,24,15911,1089.622366,402.7401339,52.07844379,7.73333657,0.991604179,41.2385033,1760.043178,412.5427692,7685,0.482999183,197.145874,196.7180176,157.8178253
35436,B-20-3-03_masks.tif,25,16277,1185.03658,423.2389943,61.36129433,6.897491308,0.989434549,37.67536291,2904.374516,446.5980832,9071,0.557289427,204.2919159,201.6021423,149.4590454
35437,B-20-3-03_masks.tif,26,10649,731.6396103,269.3350917,53.14039688,5.068368087,0.980342723,-57.06664827,1415.578834,353.6821298,3197,0.300215983,215.1833038,211.3766022,163.0894623
35438,B-20-3-03_masks.tif,27,19045,1243.379726,468.4525063,58.43794649,8.016238326,0.99218861,32.10266485,525.3075873,481.5262274,13796,0.724389604,198.2520294,193.7841339,155.3972168
35439,B-20-3-03_masks.tif,28,5175,373.6984848,110.5525785,61.06119899,1.810520925,0.833627396,-60.26433522,1372.611787,324.4662802,1078,0.208309179,202.0111389,194.3107605,124.6938782
35440,B-20-3-03_masks.tif,29,14100,861.0121933,344.0468278,56.02454644,6.141001574,0.986652508,-10.95666008,1531.948085,465.2451064,6711,0.475957447,201.0646667,194.5215302,153.4032135
35441,B-20-3-03_masks.tif,30,19678,1195.580736,342.4218383,95.02940035,3.603325256,0.960719445,25.19500531,124.2158756,491.3928245,7831,0.397957109,192.3781128,186.5946808,143.4992981
35442,B-20-3-03_masks.tif,31,10321,685.4974747,251.1125423,56.51112685,4.443594674,0.974348826,-20.54593822,1456.980913,437.5960663,6519,0.631624843,207.9685516,201.2759552,149.0837555
35443,B-20-3-03_masks.tif,32,11976,741.0538239,262.2455232,64.71255718,4.05246732,0.969075796,31.61876644,472.7010688,495.0441717,8203,0.68495324,200.0180359,193.8718719,156.1905365
35444,B-20-3-03_masks.tif,33,17647,1200.066017,459.5762077,62.28707538,7.378355862,0.990773031,30.41568821,3516.954043,556.1221737,7368,0.417521392,205.1410217,202.0175018,164.5650177
35445,B-20-3-03_masks.tif,34,18518,1016.568542,405.6160621,60.86944829,6.663705249,0.988675881,14.82713268,1249.334593,633.2082298,9103,0.491575764,196.6562653,191.1845551,146.7711792
35446,B-20-3-03_masks.tif,35,18792,992.2253967,381.9680778,72.97717571,5.234075916,0.981579198,14.83902695,1296.51506,610.5459238,8006,0.426032354,199.5234833,191.7782898,137.1842346
35447,B-20-3-03_masks.tif,36,13798,1034.509668,377.5918939,57.25541706,6.594867582,0.988436853,24.60049022,1394.936657,602.1121902,6179,0.447818524,199.7747192,197.665802,156.2833862
35448,B-20-3-03_masks.tif,37,12964,1076.409163,405.0690354,43.17796399,9.381383419,0.99430262,29.07622365,3508.959503,615.0985035,5336,0.411601358,202.9098511,201.6113129,149.0108643
35449,B-20-3-03_masks.tif,38,22446,1354.936075,500.0884281,66.85367132,7.480343536,0.99102405,33.22643225,1821.788559,716.1208233,14992,0.667914105,203.3991394,199.4086914,158.6772308
35450,B-20-3-03_masks.tif,39,12529,916.8111832,349.9774785,54.84737908,6.380933499,0.987643569,-16.75132344,425.2933993,716.2036874,6625,0.528773246,200.1610565,191.3477783,144.8307953
35451,B-20-3-03_masks.tif,40,15751,880.9949494,319.4200213,64.3730819,4.962012256,0.979482107,44.42093279,4062.844264,656.4081011,12700,0.806298013,206.2389832,199.491333,163.4476318
35452,B-20-3-03_masks.tif,41,18243,1190.551299,445.9353925,75.14555114,5.934288666,0.985699569,34.58801384,1782.322261,746.0829907,7172,0.393137094,202.1233978,197.6858673,155.5331879
35453,B-20-3-03_masks.tif,42,12316,783.5391052,291.8459187,56.37888314,5.176511177,0.981163274,32.56736066,1905.833712,672.1219552,10970,0.89071127,201.1103058,196.9548798,158.6342773
35454,B-20-3-03_masks.tif,43,12731,896.2670273,329.5619644,53.85805834,6.119083653,0.986556065,35.12487805,1871.540806,699.8207525,8545,0.671196293,206.123703,201.6702118,162.5856018
35455,B-20-3-03_masks.tif,44,15985,931.3969696,358.1888519,62.65129019,5.717182372,0.984584189,-16.32042744,371.8417892,745.7520801,7831,0.489896778,202.8981018,195.8204498,153.0452118
35456,B-20-3-03_masks.tif,45,10933,792.3675324,284.6257784,55.22673682,5.15376781,0.980995042,59.83570846,943.9711881,660.9947864,0,0,,,
35457,B-20-3-03_masks.tif,46,12086,817.6812409,288.1069212,60.4977262,4.762276854,0.97770491,45.17585961,4040.232831,704.0297038,7612,0.629819626,204.3060913,203.6221771,147.2892761
35458,B-20-3-03_masks.tif,47,25148,1446.793939,569.8572975,84.52129515,6.742174224,0.988939405,64.52852049,3342.557102,694.8905281,11855,0.471409257,206.5384216,201.489502,161.4214325
35459,B-20-3-03_masks.tif,48,22755,1271.865007,453.10821,70.28319584,6.446892527,0.987896657,34.85332013,1570.862272,797.4243902,9465,0.415952538,194.102478,185.8170166,125.1366119
35460,B-20-3-03_masks.tif,49,16121,841.6812409,298.1655361,69.99411707,4.259865665,0.972055975,48.85633589,4845.68724,725.9047826,8133,0.50449724,201.1999207,198.0475769,149.6442871
35461,B-20-3-03_masks.tif,50,18631,1252.894444,463.1533295,52.90712154,8.754082929,0.993454053,63.93921727,3337.469808,738.5132843,9160,0.491653695,204.0136414,201.45961,151.2907257
35462,B-20-3-03_masks.tif,51,15206,932.5685425,362.2747233,67.16567877,5.393747668,0.982663165,3.607088523,5128.420492,842.0407076,7907,0.519992108,204.7080994,202.2387695,159.0485687
35463,B-20-3-03_masks.tif,52,20555,1109.03658,398.4840102,67.09394424,5.939194881,0.985723357,48.68661798,4843.349939,820.3004135,8389,0.408124544,198.6609802,195.5533447,137.0240784
35464,B-20-3-03_masks.tif,53,14288,736.8700577,304.2486894,62.12049609,4.897718282,0.978934049,0.986792264,5080.99783,859.1433371,7450,0.521416573,206.3408051,201.3950348,152.4889984
35465,B-20-3-03_masks.tif,54,11264,767.3969696,289.6481214,56.09824329,5.163229799,0.981065306,68.84267452,1134.941761,760.5334695,6312,0.560369318,203.5739899,201.5842896,153.6688843
35466,B-20-3-03_masks.tif,55,19961,1186.793939,404.6124237,71.88631801,5.628503934,0.984090646,54.71139551,1515.537398,862.134362,11909,0.596613396,201.4107819,197.2341156,148.6840973
35467,B-20-3-03_masks.tif,56,22325,1237.279221,452.6578966,66.09826534,6.848256823,0.98928126,-56.88615213,3173.353505,903.3443225,7928,0.355117581,211.0837555,203.5886688,135.469223
35468,B-20-3-03_masks.tif,57,18524,1122.551299,419.0255404,58.96166489,7.106745395,0.990050658,55.83266371,1494.740391,909.2610667,8405,0.453735694,198.4212952,195.1929779,137.0214233
35469,B-20-3-03_masks.tif,58,20446,1138.669048,509.8470719,60.83166248,8.381277959,0.992856625,-84.48734668,2475.492175,823.0025922,6781,0.331654113,204.2877197,199.9498596,152.8037109
35470,B-20-3-03_masks.tif,59,18296,1219.03658,482.9279482,54.34015683,8.887128348,0.993649201,-54.47274472,3241.319797,922.3507871,0,0,,,
35471,B-20-3-03_masks.tif,60,16556,1085.823376,372.4703922,60.15395675,6.191951657,0.986872717,-57.03495153,3283.744685,947.1057623,0,0,,,
35472,B-20-3-03_masks.tif,61,12481,744.2842712,298.7068375,56.13934724,5.320810664,0.982180265,-84.61123527,2482.28291,863.3753706,6040,0.483935582,206.0117493,200.9637451,153.5304565
35473,B-20-3-03_masks.tif,62,19653,1093.195959,421.0681623,61.2821947,6.870970669,0.989352391,19.98175781,2881.363405,1021.560322,9219,0.469088689,198.9621429,194.4729309,142.0301514
35474,B-20-3-03_masks.tif,63,16502,937.0121933,370.745431,63.16877206,5.869125185,0.985377889,83.43311973,2630.815477,913.2898437,1097,0.066476791,224.5733795,202.0783997,205.9772034
35475,B-20-3-03_masks.tif,64,18814,1083.4386,421.1519848,62.34665993,6.755004763,0.988981616,22.94848021,5077.01063,1062.141171,9514,0.505687254,200.7229309,197.9902191,148.1269684
35476,B-20-3-03_masks.tif,65,20906,1130.911688,478.8479232,63.09529312,7.589281221,0.99128101,81.76111025,2590.589735,955.1215441,7867,0.376303454,197.5099792,190.8564911,139.150116
35477,B-20-3-03_masks.tif,66,15148,1073.823376,404.4873267,70.73225722,5.71856947,0.984591725,44.58148382,3464.475178,1109.019739,7312,0.482703987,205.2646332,200.7513733,158.1255493
35478,B-20-3-03_masks.tif,67,19631,1095.154329,451.1112153,56.93474755,7.923302284,0.992003546,76.54535945,3937.565076,1038.971423,8181,0.416738831,195.4093628,191.9135742,146.3438416
35479,B-20-3-03_masks.tif,68,19883,1079.681241,415.3335343,64.94509502,6.395148613,0.987698781,23.38146098,2891.751094,1204.460594,9271,0.466277725,197.4125824,192.605545,144.6809387
35480,B-20-3-03_masks.tif,69,18591,1307.421356,492.7158811,50.46883511,9.762774988,0.994740226,38.6090444,3437.582217,1206.579797,1037,0.055779678,226.8765717,217.3982697,207.478302
35481,B-20-3-03_masks.tif,70,16337,775.3553391,316.0772465,66.91252497,4.723738144,0.977335402,8.815864261,4684.849972,1186.019649,9884,0.605007039,205.4959564,202.0202332,148.0523071
35482,B-20-3-03_masks.tif,71,12788,952.1665222,338.8043662,51.59010386,6.56723559,0.988338768,36.2435953,3447.471536,1150.125743,7687,0.601110416,207.9320984,203.8755035,160.6845398
35483,B-20-3-03_masks.tif,72,18759,980.6690476,406.0860873,70.46012323,5.763346253,0.984832053,3.854828589,3211.024948,1222.865771,6479,0.345380884,200.5182953,194.4048462,162.4208984
35484,B-20-3-03_masks.tif,73,12954,956.509668,348.5407444,60.91026906,5.722200046,0.984611424,36.81185233,3380.103983,1203.142273,6835,0.527636251,202.881485,198.6367188,160.3132477
35485,B-20-3-03_masks.tif,74,15712,949.0954544,352.8370795,61.50938908,5.736312534,0.984687637,-31.78866014,5324.947174,1188.411914,5597,0.356224542,211.3980713,208.1331024,157.4062958
35486,B-20-3-03_masks.tif,75,8914,573.4974747,208.5273586,56.41769244,3.69613413,0.962705095,-29.44311186,5387.639892,1172.575275,5900,0.661880188,211.6289825,204.5788116,150.4844055
35487,B-20-3-03_masks.tif,76,21402,1229.965512,445.7954446,66.82427253,6.671160459,0.988701321,30.59525633,3698.950098,1304.523783,12846,0.600224278,207.8511658,201.6558533,160.8164368
35488,B-20-3-03_masks.tif,77,18952,1109.882251,436.0704161,71.7570643,6.077038134,0.986368101,-15.09004641,3933.916948,1348.735701,3790,0.199978894,203.6343079,194.2775726,128.510025
35489,B-20-3-03_masks.tif,78,20941,1081.154329,433.5653905,70.51392862,6.148648912,0.986685913,-11.53562252,3995.219569,1350.95812,8649,0.413017525,208.0482178,198.6266632,134.9750214
35490,B-20-3-03_masks.tif,79,17198,1112.225397,436.3682455,54.20932812,8.049689245,0.99225365,14.86970791,1877.03355,1372.209094,8526,0.49575532,199.8757935,194.7691803,146.2870026
35491,B-20-3-03_masks.tif,80,18708,1122.468037,441.7875737,60.70880005,7.27715872,0.990513387,15.07825736,1920.084777,1363.07601,8524,0.455633953,196.5642853,190.4587097,145.8236694
35492,B-20-3-03_masks.tif,81,17725,936.4264069,372.8787226,72.2906114,5.15805186,0.981026903,-0.737860842,3108.826234,1370.132017,7896,0.445472496,208.9801178,202.7112427,159.4879761
35493,B-20-3-03_masks.tif,82,17530,1044.994949,370.3009632,65.74307332,5.632547195,0.984113663,31.78932545,3667.5,1352.112949,9970,0.568739304,198.5924835,192.9476471,146.6999969
35494,B-20-3-03_masks.tif,83,19558,1218.107648,448.99152,57.69266208,7.782471874,0.991710302,52.90460484,2736.103947,1324.881021,8629,0.441200532,204.0041656,198.9580536,167.4926453
35495,B-20-3-03_masks.tif,84,14402,801.6984848,320.6718981,61.35822017,5.226225552,0.981523295,0.583949038,3158.151854,1365.985974,5525,0.383627274,203.7886047,196.1873322,148.077652
35496,B-20-3-03_masks.tif,85,13607,1059.23759,369.6631723,58.12870029,6.359391668,0.987559186,53.73362824,2706.404792,1357.932167,5402,0.397001543,205.136795,202.2984009,154.0066681
35497,B-20-3-03_masks.tif,86,16156,907.3969696,351.3404706,63.39185957,5.542359429,0.98358809,71.29751144,360.3541099,1308.865994,9057,0.560596682,193.6596069,189.2344055,137.8108673
35498,B-20-3-03_masks.tif,87,7605,520.627417,197.9890583,51.50327755,3.844203082,0.965573081,83.44201995,647.4278764,1282.984484,5596,0.73583169,200.9560394,197.5761261,156.785202
35499,B-20-3-03_masks.tif,88,11474,832.5685425,332.8789614,51.42798274,6.472720562,0.987993642,19.01092784,2583.135349,1443.602405,4478,0.390273662,207.4343414,205.6413574,162.9372559
35500,B-20-3-03_masks.tif,89,6155,461.6984848,174.007586,46.20570228,3.765933151,0.964100274,73.76790899,616.1962632,1330.644354,5482,0.890658002,201.0065613,196.3733978,157.8732147
35501,B-20-3-03_masks.tif,90,21809,1080.426407,458.1066761,61.61292679,7.435236401,0.990914311,-6.017098723,3261.427438,1538.585217,9398,0.430923013,208.7705841,200.1613159,147.4118958
35502,B-20-3-03_masks.tif,91,6007,472.8700577,183.6179385,42.69876098,4.300310694,0.972586514,70.46575007,961.069752,1358.578492,5641,0.939071084,195.9149017,194.3846893,155.8152771
35503,B-20-3-03_masks.tif,92,19244,1086.083261,470.0874927,60.44525746,7.777078178,0.991698751,80.28347736,5178.954012,1369.3254,7327,0.380742049,192.1360779,190.7307281,137.6364136
35504,B-20-3-03_masks.tif,93,15759,994.509668,374.158914,57.92472764,6.459398762,0.987943765,30.0345318,1291.862111,1491.776636,7828,0.496732026,201.2376099,197.1117706,160.9322968
35505,B-20-3-03_masks.tif,94,13125,900.0832611,362.2540907,64.42832017,5.622590961,0.984056895,0.048328643,3349.315048,1529.07299,0,0,,,
35506,B-20-3-03_masks.tif,95,8447,686.7695526,284.6135941,38.58003403,7.377225066,0.990770189,-13.86798107,3433.513082,1476.25512,5625,0.665916894,215.1797333,208.023468,177.4732513
35507,B-20-3-03_masks.tif,96,14533,836.6690476,304.3314708,71.11440047,4.279463355,0.972314963,-12.71057655,3471.359527,1497.851854,7357,0.506227207,204.5605621,195.6745911,143.397171
35508,B-20-3-03_masks.tif,97,7247,464.627417,183.4429683,51.07739824,3.591470487,0.960454355,82.8874033,635.7887402,1384.834414,6815,0.940389127,202.1198883,195.960968,158.7429199
35509,B-20-3-03_masks.tif,98,6431,491.9411255,190.9557759,45.1674705,4.227727914,0.971623293,68.29097853,960.1841082,1407.64018,6175,0.960192816,200.8191071,196.5339203,148.7031555
35510,B-20-3-03_masks.tif,99,9132,694.0416306,288.7115844,41.42803953,6.968989787,0.989651358,-4.932468246,3314.187692,1546.880092,66,0.007227332,229.9242401,223.015152,232.8636322
35511,B-20-3-03_masks.tif,100,11228,862.509668,302.3425519,51.12639801,5.913629038,0.985598745,41.90058506,1235.799341,1502.155415,6111,0.544264339,201.3855286,196.6499786,154.7471771
35512,B-20-3-03_masks.tif,101,6576,412.9705627,170.1114488,50.96018911,3.338124362,0.954074504,85.40628901,625.1557178,1428.586223,6253,0.950881995,204.7342072,197.8451996,156.3454285
35513,B-20-3-03_masks.tif,102,18338,957.8406204,397.4379037,73.07045346,5.439105478,0.982953607,-1.302851744,3205.836842,1586.523121,11724,0.639328171,210.6515656,203.0931396,157.4357758
35514,B-20-3-03_masks.tif,103,5683,442.2842712,171.2732715,43.23378959,3.961560463,0.967616259,74.88290188,957.2461728,1448.769664,5482,0.964631357,203.7907715,196.235321,147.7482605
35515,B-20-3-03_masks.tif,104,6498,464.8700577,185.2474489,47.59187257,3.892417737,0.966435404,75.38413163,940.995691,1483.801477,6170,0.94952293,205.3591614,199.9496002,151.6790924
35516,B-20-3-03_masks.tif,105,22360,1381.521861,546.4012042,58.68322609,9.311028733,0.994215944,34.02068652,2932.50814,1638.128757,6924,0.309660107,201.3326111,197.7306519,158.4636078
35517,B-20-3-03_masks.tif,106,9290,581.6984848,229.5283394,52.7384982,4.352197109,0.973245192,80.81405502,698.8540366,1483.267384,7822,0.841980624,201.2237244,196.993988,138.0203247
35518,B-20-3-03_masks.tif,107,16830,1122.811183,445.237249,55.62355664,8.004472851,0.992165539,-76.64534103,5056.212775,1526.3082,7575,0.450089127,203.1240997,198.3625031,148.0842285
35519,B-20-3-03_masks.tif,108,17123,1028.894444,370.9784137,62.29334519,5.955345834,0.985801246,40.42405623,116.8628161,1625.872335,10872,0.634935467,190.581955,183.7275543,135.8409729
35520,B-20-3-03_masks.tif,109,21695,1344.350288,512.5981028,56.08764783,9.139233372,0.993995785,57.68408979,1987.057617,1649.509196,7563,0.34860567,202.6933746,197.6726227,159.3332062
35521,B-20-3-03_masks.tif,110,21857,1158.267027,431.9609024,76.12693677,5.674218887,0.984347994,68.59930645,4174.680835,1580.648396,11450,0.523859633,202.0135345,196.0430603,150.9063721
35522,B-20-3-03_masks.tif,111,5422,369.5563492,141.2796046,50.89232067,2.776049563,0.932865792,-87.50182925,832.9282553,1545.175028,4555,0.840095906,197.1064758,190.4052734,139.2902374
35523,B-20-3-03_masks.tif,112,5391,346.3847763,113.4874106,63.35100919,1.791406515,0.829692578,-87.70274763,940.6761269,1548.001484,5086,0.943424226,202.5843506,195.4164429,144.387146
35524,B-20-3-03_masks.tif,113,12088,744.5269119,294.2360354,56.58189394,5.200180038,0.981335983,-86.4186593,1096.923147,1563.180592,8373,0.692670417,202.6224823,196.9457855,147.8904877
35525,B-20-3-03_masks.tif,114,13615,1010.651804,364.2757112,50.22900897,7.2522974,0.99044792,34.20112948,2931.334117,1708.258612,6474,0.475504958,199.1173859,194.6992645,147.9504242
35526,B-20-3-03_masks.tif,115,9779,769.1959595,255.4344269,50.68431195,5.03971381,0.980116284,-49.10087231,4457.194396,1663.33848,4519,0.46211269,208.1659698,202.2546997,161.169281
35527,B-20-3-03_masks.tif,116,10377,658.2842712,278.4900867,49.04214611,5.678586864,0.984372255,-83.45613844,3973.605666,1600.121519,5261,0.506986605,203.1395111,199.3866119,150.8325348
35528,B-20-3-03_masks.tif,117,15106,1105.480231,403.4877752,54.20665087,7.443510506,0.990934591,57.90655708,1995.208725,1706.234874,8442,0.558850788,202.4049988,197.3335724,161.0473785
35529,B-20-3-03_masks.tif,118,5361,394.3847763,157.5292204,44.44699892,3.544203754,0.959370061,1.827174081,600.5278866,1663.294721,4430,0.82633837,203.0505676,195.3887177,162.3717804
35530,B-20-3-03_masks.tif,119,6086,410.0416306,147.0469823,53.69639842,2.738488737,0.930942848,-76.02234872,1079.250739,1618.56556,5564,0.914229379,205.2474823,197.6254425,147.3562164
35531,B-20-3-03_masks.tif,120,13631,829.2964646,305.0128669,58.27437942,5.234081769,0.98157924,-26.58680729,504.035654,1734.478542,3498,0.256620938,207.9105225,199.5348816,143.932251
35532,B-20-3-03_masks.tif,121,4880,380.9705627,156.0447977,41.28329836,3.779852965,0.964369075,-4.07193036,638.4872951,1685.104098,4316,0.88442623,202.6327667,193.9610748,161.5208588
35533,B-20-3-03_masks.tif,122,6163,390.3847763,146.5110195,55.11941524,2.658065562,0.926533024,-77.02791135,1161.397209,1651.420574,5506,0.893396073,205.5028992,200.0650177,158.7949524
35534,B-20-3-03_masks.tif,123,22428,1286.249783,471.2947418,62.37214081,7.55617389,0.991204099,49.52414835,2650.498217,1784.970528,9270,0.413322632,192.1869507,185.2810211,147.3154297
35535,B-20-3-03_masks.tif,124,5204,412.627417,159.6924163,42.96506454,3.716796844,0.963126526,-6.41940974,722.4732898,1722.659493,4555,0.87528824,201.3218384,192.0153656,147.861908
35536,B-20-3-03_masks.tif,125,18607,1061.112698,458.2604789,56.3692795,8.129613912,0.992405794,88.6152071,3989.487343,1666.231472,5724,0.307626162,208.2203064,204.5974884,159.2248383
35537,B-20-3-03_masks.tif,126,6004,440.2842712,167.5883913,46.98586028,3.566783503,0.959893569,-17.44056729,437.2396736,1729.045137,5350,0.891072618,201.0357056,194.791214,151.2990723
35538,B-20-3-03_masks.tif,127,6161,422.9705627,174.7284202,45.99035785,3.799240284,0.964738422,-5.696490247,673.572472,1724.77244,5581,0.905859438,202.1872406,195.3562012,150.5212402
35539,B-20-3-03_masks.tif,128,9671,651.254834,250.4871962,52.45023078,4.775711993,0.977831596,16.80270725,898.1864337,1778.752352,8587,0.887912315,198.700943,189.1426544,146.8486023
35540,B-20-3-03_masks.tif,129,10514,657.3553391,264.0098701,56.34731353,4.685402968,0.976958618,10.88471486,812.5873122,1802.447118,6904,0.656648278,201.07547,190.8679047,155.4461212
35541,B-20-3-03_masks.tif,130,5592,383.3137085,164.6052077,44.40373473,3.70701268,0.962927872,-87.99413673,1089.255365,1703.176144,4827,0.863197425,201.9743042,195.5473328,144.7489166
35542,B-20-3-03_masks.tif,131,9269,656.5269119,262.0185353,45.83424881,5.716653859,0.984581316,-13.0804454,741.4178444,1837.98058,6316,0.681411155,207.7797699,198.7085114,160.7376556
35543,B-20-3-03_masks.tif,132,7491,540.2842712,217.4936958,44.56124841,4.880781029,0.978786002,14.74147263,860.2867441,1831.010679,6938,0.92617808,202.3176727,194.5902252,156.1571045
35544,B-20-3-03_masks.tif,133,14656,780.2842712,320.0835041,61.38840294,5.214071205,0.981436238,4.168182053,585.6092385,1893.430745,8440,0.575873362,198.326416,189.7492828,137.9707336
35545,B-20-3-03_masks.tif,134,10742,915.4386002,299.1944025,49.82414356,6.005008438,0.986036784,58.50970895,1124.687768,1823.618041,8254,0.768385775,209.2589111,201.7861633,166.8187561
35546,B-20-3-03_masks.tif,135,12267,989.9238816,350.3884662,47.26657688,7.413028175,0.990859539,58.59578566,1135.160186,1886.827912,9053,0.73799625,199.4674683,193.2866516,160.3126068
35547,B-20-3-03_masks.tif,136,20240,1206.710678,496.5729271,64.57674369,7.689655729,0.991508115,15.21323739,2637.866156,2018.759338,8204,0.405335968,208.0519257,201.7731628,164.2838898
35548,B-20-3-03_masks.tif,137,11369,938.2670273,349.4877274,50.76869515,6.883921802,0.989392632,60.04169137,1105.209869,1911.911514,7477,0.657665582,203.7333221,195.4151459,162.705368
35549,B-20-3-03_masks.tif,138,19965,1120.953319,433.0403659,85.26382802,5.078828572,0.980424421,16.33381988,2594.357926,2049.094766,9753,0.488504884,204.0869446,194.5453644,153.2734528
35550,B-20-3-03_masks.tif,139,17149,1016.468037,391.7063048,59.27033536,6.608808646,0.98848587,-19.8911608,4466.488833,2022.6524,9927,0.578867572,210.2485199,206.0063477,160.6456146
35551,B-20-3-03_masks.tif,140,13531,858.0832611,349.6773226,55.55246275,6.294542227,0.987299866,13.24591577,2688.600177,2024.002734,6958,0.514226591,209.5155182,201.1064911,167.9899445
35552,B-20-3-03_masks.tif,141,13037,795.254834,324.7812979,52.45764382,6.191305485,0.986869959,14.23469804,2729.969548,2013.476797,8135,0.62399325,202.7579651,197.2222443,152.4136505
35553,B-20-3-03_masks.tif,142,12990,663.254834,252.0131167,67.37990739,3.740181999,0.963594865,19.93872378,4667.995612,1996.513318,9319,0.717397998,201.678833,198.6411591,140.4785919
35554,B-20-3-03_masks.tif,143,12940,792.1248917,282.2415848,60.01317596,4.702993639,0.977132673,-29.11669636,4523.994127,2035.054328,6130,0.473724884,207.82724,202.9844971,162.3659058
35555,B-20-3-03_masks.tif,144,16620,1030.651804,381.1781555,58.06104944,6.565126865,0.988331232,-35.7432298,1292.107461,2069.603309,8470,0.509626955,206.0382538,197.4588013,142.7306976
35556,B-20-3-03_masks.tif,145,20797,1253.178716,439.5731566,64.48210032,6.816979509,0.989182137,39.64386214,3765.82911,2145.751503,13334,0.641150166,208.6376953,204.1000519,159.0478516
35557,B-20-3-03_masks.tif,146,17089,1073.982756,397.2767626,59.30101876,6.699324412,0.988796658,-13.26164637,1043.73755,2199.966528,12505,0.731757271,206.8007965,200.0937195,156.3841705
35558,B-20-3-03_masks.tif,147,19547,1237.865007,439.5496804,66.91423536,6.568851575,0.988344539,38.85422681,3730.084258,2189.692076,11608,0.593850719,201.5470428,194.431076,157.2785187
35559,B-20-3-03_masks.tif,148,8840,627.7401154,242.367819,48.25768659,5.022367132,0.979977289,-29.47888558,831.3494344,2103.080995,7942,0.89841629,204.8083649,197.8516693,146.3045807
35560,B-20-3-03_masks.tif,149,15686,975.7401154,363.3167506,58.06735959,6.256815415,0.987145248,-12.24102401,989.5413745,2199.957287,12048,0.768073441,206.7269287,199.4843903,156.5419159
35561,B-20-3-03_masks.tif,150,7505,554.0832611,210.940227,48.04048684,4.390884459,0.973720915,-32.69947952,874.7949367,2127.672085,6941,0.9248501,206.2584686,199.2429047,143.7484436
35562,B-20-3-03_masks.tif,151,8006,629.882251,230.6706136,45.0902499,5.115753718,0.980708761,45.73806638,619.1074194,2139.603672,7708,0.962777917,195.9386292,189.7355957,153.8103333
35563,B-20-3-03_masks.tif,152,10432,706.7106781,261.2184969,53.72874741,4.861801353,0.978618234,50.11554536,590.3610046,2174.849981,8862,0.849501534,199.9917603,192.2511902,150.7644958
35564,B-20-3-03_masks.tif,153,8205,597.254834,230.9386506,46.27708306,4.990345876,0.979716839,-25.31748962,894.6064595,2199.025472,7757,0.945399147,208.9725342,201.639679,163.0380249
35565,B-20-3-03_masks.tif,154,20327,1101.4386,434.8029437,63.19785349,6.880027085,0.989380555,69.04976613,2266.786589,2193.115216,8462,0.4162936,195.8946991,189.7878723,144.1302338
35566,B-20-3-03_masks.tif,155,16597,1101.59798,449.9117329,58.0976985,7.744054316,0.991627501,-88.06452267,3180.442911,2144.158764,6322,0.380912213,201.2802887,196.4998474,147.4104767
35567,B-20-3-03_masks.tif,156,26940,1142.669048,463.1997303,78.10242552,5.930670235,0.985681987,4.794888277,2923.594321,2386.426095,7655,0.284149963,206.7605438,202.1549377,147.4286041
35568,B-20-3-03_masks.tif,157,9319,608.3847763,255.7201178,48.78953272,5.241290572,0.98163035,-85.66438666,3222.856315,2181.781951,4189,0.44951175,204.6824951,201.6550446,158.9372101
35569,B-20-3-03_masks.tif,158,4921,415.9411255,148.4050028,43.86557281,3.383177131,0.955317945,-29.34605459,924.0857549,2232.016257,3769,0.76590124,211.3987732,206.2926483,173.2374573
35570,B-20-3-03_masks.tif,159,4404,329.3137085,136.3226851,42.64430605,3.196738269,0.949812805,87.06062645,3058.94346,2186.90327,3416,0.775658492,206.0693817,201.2965393,162.6645203
35571,B-20-3-03_masks.tif,160,25219,1349.622366,506.9797364,65.40671386,7.751188012,0.99164297,60.31656923,3146.488322,2315.001269,7871,0.312105952,196.1508026,188.5882416,134.1791382
35572,B-20-3-03_masks.tif,161,10128,642.4264069,238.8584744,56.98824722,4.191363764,0.971121415,16.69806138,4974.974032,2322.185229,7294,0.720181675,199.839325,195.470108,149.4041748
35573,B-20-3-03_masks.tif,162,10909,851.3380951,287.5271238,50.1354309,5.735008527,0.984680618,42.41376468,4736.919608,2309.422495,8307,0.761481346,204.7552643,199.9194641,158.3681183
35574,B-20-3-03_masks.tif,163,9261,664.4264069,260.6032997,47.65660629,5.468356226,0.983137045,16.62067705,4928.050858,2338.771515,7116,0.768383544,198.8331909,194.6027222,146.3624268
35575,B-20-3-03_masks.tif,164,9856,832.2670273,283.3704636,49.76380871,5.694308193,0.984459109,46.0779493,4696.046774,2339.139407,5360,0.543831169,203.0598907,199.1423492,161.5526123
35576,B-20-3-03_masks.tif,165,8385,520.0832611,185.3383027,60.80919529,3.047866393,0.944643562,45.79604037,4829.414788,2269.963864,6934,0.826952892,197.8994751,192.7865601,142.7096863
35577,B-20-3-03_masks.tif,166,8025,599.6396103,216.5974926,48.41391239,4.473868809,0.9746993,47.03682177,4799.158006,2305.53757,6871,0.856199377,204.9975281,200.7841644,159.3808746
35578,B-20-3-03_masks.tif,167,8797,570.5269119,223.0260586,51.09014621,4.365343909,0.973408299,13.69526365,365.9038309,2358.384449,6549,0.744458338,194.1439972,186.5348969,142.2898102
35579,B-20-3-03_masks.tif,168,14116,963.4802307,341.8293178,55.43462888,6.166349892,0.986762753,47.52222118,5180.73314,2369.275857,10995,0.778903372,199.6421051,197.7754364,156.5965424
35580,B-20-3-03_masks.tif,169,14275,1107.03658,373.1800468,52.20371913,7.148533725,0.990167216,42.28281268,5162.885394,2419.308231,10661,0.746830123,202.431015,196.7731934,159.0022583
35581,B-20-3-03_masks.tif,170,19709,1067.63961,440.0498296,60.75445744,7.243087144,0.990423494,-75.75165746,2501.452027,2349.883911,7029,0.356639099,200.4777374,195.3596497,145.8440704
35582,B-20-3-03_masks.tif,171,19473,1175.622366,413.3398011,68.43288225,6.040075875,0.986199579,52.48707677,3257.906075,2454.245879,8229,0.422585118,194.3264008,186.912384,145.6778412
35583,B-20-3-03_masks.tif,172,16139,1062.551299,376.2294986,57.67511452,6.523255337,0.988180053,37.98892776,5180.095173,2515.321519,11083,0.686721606,202.9008331,195.120636,158.4031372
35584,B-20-3-03_masks.tif,173,4939,387.2132034,154.7941467,41.807773,3.702520742,0.962836128,78.78151429,929.0609435,2464.029763,4381,0.887021664,196.4496765,193.3193359,149.3766327
35585,B-20-3-03_masks.tif,174,14671,891.5807358,319.8366033,59.99835071,5.330756587,0.982247298,43.05849529,5133.535546,2552.011519,8476,0.577738395,198.6222229,193.4574127,146.8072205
35586,B-20-3-03_masks.tif,175,5058,409.4558441,156.272612,42.31904648,3.692725261,0.96263487,76.09644021,935.2617635,2503.207197,4073,0.805258996,202.6911316,194.9388733,157.5678864
35587,B-20-3-03_masks.tif,176,18329,990.9116882,393.121869,61.72503997,6.368920445,0.987596618,78.75203432,3190.629494,2550.377653,10595,0.57804572,201.4924011,195.7362976,157.0309601
35588,B-20-3-03_masks.tif,177,6427,452.2842712,165.950101,51.04892045,3.250805296,0.951510559,19.29157697,30.85125253,2585.929361,5368,0.835226389,188.9549255,180.1808929,135.1831207
35589,B-20-3-03_masks.tif,178,8289,568.5269119,227.4760772,47.89190074,4.749781772,0.977586108,-78.83831447,1012.288213,2589.848956,6579,0.793702497,199.4438324,195.7589264,142.9253693
35590,B-20-3-03_masks.tif,179,3814,332.8700577,114.8202071,44.63782728,2.572262454,0.92133787,-65.44576126,605.7307289,2634.381489,3698,0.969585737,196.9472656,191.2182312,145.1303406
35591,B-20-3-03_masks.tif,180,11909,775.5979797,320.802435,48.45583309,6.620512218,0.988526779,76.62132201,1834.867327,2659.602318,4967,0.41707952,194.0221405,186.4137268,150.4608459
35592,B-20-3-03_masks.tif,181,5460,369.5563492,135.070642,54.56716051,2.475310072,0.914763493,-83.38813225,5380.420147,2653.147619,4046,0.741025641,205.930542,200.2993011,143.4807281
35593,B-20-3-03_masks.tif,182,4062,351.9411255,113.8008832,46.9523557,2.423752366,0.910919829,-58.39671021,519.6100443,2679.190793,3638,0.895617922,201.5797119,196.5357361,144.3952789
35594,B-20-3-03_masks.tif,183,5949,431.4558441,159.2415561,50.52507401,3.151733257,0.948329986,-72.78354785,825.253488,2673.198689,5869,0.986552362,200.3300323,193.5801697,152.3588409
35595,B-20-3-03_masks.tif,184,8891,595.4558441,237.5645933,49.81927081,4.768528111,0.977763991,-80.10868017,1576.121696,2670.964121,6284,0.706782139,201.9501953,195.8526459,146.8083954
35596,B-20-3-03_masks.tif,185,4682,345.4558441,116.1773969,52.50334796,2.212761689,0.892056469,-65.42798418,633.4258864,2685.507262,4208,0.898761213,202.5190125,195.7374115,148.2611694
35597,B-20-3-03_masks.tif,186,7164,488.8700577,186.3014298,52.54979619,3.54523601,0.959394218,-74.9137645,690.572306,2712.439001,6856,0.957007259,206.4782715,201.6566467,161.6598663
35598,B-20-3-03_masks.tif,187,13034,919.3969696,351.0730093,51.42448803,6.826961682,0.989213921,-72.66967031,779.5162652,2742.697253,12517,0.96033451,202.5933533,195.2463074,152.8092957
35599,B-20-3-03_masks.tif,188,6604,530.9116882,187.7784889,46.85219578,4.007890896,0.968372791,-55.13822275,3785.366293,2730.730769,5748,0.870381587,203.0196533,196.1007233,149.0135651
35600,B-20-3-03_masks.tif,189,5401,401.5563492,158.6962161,47.19551283,3.362527635,0.954754429,88.61643694,5373.21422,2698.692464,4857,0.899277911,204.6123047,195.8894348,148.9730225
35601,B-20-3-03_masks.tif,190,11275,713.6984848,291.7328686,49.97953475,5.837046505,0.985215521,-83.21424639,1592.046829,2714.133747,8826,0.782793792,204.0348969,198.2700043,153.0079346
35602,B-20-3-03_masks.tif,191,3294,313.2132034,113.5593829,38.63411473,2.93935512,0.940349241,-74.11356937,540.2386157,2719.708257,3233,0.981481481,204.2109528,200.3083801,151.6158295
35603,B-20-3-03_masks.tif,192,8483,623.3969696,232.6218956,50.09221511,4.643873206,0.97653969,55.33122852,5231.464694,2754.988801,7617,0.897913474,197.2464294,191.41539,157.23526
35604,B-20-3-03_masks.tif,193,12277,743.9827561,290.2190752,56.73374252,5.115457967,0.980706508,65.94615386,5159.142543,2768.296978,11889,0.968396188,206.1837006,199.5937347,162.0158997
35605,B-20-3-03_masks.tif,194,17351,1140.793939,390.0438916,64.35194218,6.061105204,0.98629584,-50.40114532,3198.571898,2842.160913,11289,0.650625324,204.607666,198.4987183,148.4098663
35606,B-20-3-03_masks.tif,195,7682,533.8406204,190.1400795,52.60653677,3.614381238,0.960964261,-58.37143731,3808.822312,2773.922156,6439,0.838193179,205.588913,198.5767975,150.1944427
35607,B-20-3-03_masks.tif,196,7566,611.882251,228.8956218,43.59431377,5.250584354,0.981695929,-49.29809526,4037.906688,2794.418319,3571,0.47197991,202.8633423,194.5113373,144.2595978
35608,B-20-3-03_masks.tif,197,11107,739.2964646,272.3750194,53.26999362,5.113104037,0.980688565,-56.19948571,3858.590709,2805.744215,10093,0.908706221,205.7939148,198.3539124,151.220047
35609,B-20-3-03_masks.tif,198,25168,1164.426407,498.4020742,67.11100807,7.426532376,0.990892903,84.11706178,1929.454426,2774.482517,8756,0.347902098,201.2904358,195.7803802,142.5053711
35610,B-20-3-03_masks.tif,199,12496,799.1543289,307.5231605,55.64543974,5.52647552,0.983492821,-20.28299088,3046.952705,2899.164693,7375,0.59018886,206.9711151,200.7788544,162.2747192
35611,B-20-3-03_masks.tif,200,14015,857.2964646,322.0912238,60.65125489,5.310545089,0.982110677,62.93553444,5122.741134,2848.614056,9490,0.677131645,198.5400391,189.6183319,154.3094788
35612,B-20-3-03_masks.tif,201,19543,1038.267027,404.0944101,65.09082754,6.208162123,0.986941635,-22.28250085,2974.958655,2952.366679,6036,0.308857391,205.1635132,199.325882,154.8489075
35613,B-20-3-03_masks.tif,202,5114,363.9411255,116.1604745,57.05516913,2.035932524,0.871060683,-54.43166753,4094.97849,2804.048299,4661,0.911419632,205.5168457,198.1055603,150.5850677
35614,B-20-3-03_masks.tif,203,16564,1042.953319,380.8913355,71.0569149,5.360369727,0.982444652,20.32125017,1766.783325,2941.483398,9287,0.56067375,199.1414948,192.1193085,161.4009857
35615,B-20-3-03_masks.tif,204,9104,628.9116882,234.3168028,50.49586148,4.640316968,0.976503284,66.37281895,5182.2567,2826.735171,8867,0.973967487,204.9238739,197.7418518,164.2363892
35616,B-20-3-03_masks.tif,205,9760,537.3553391,197.5333729,64.24445954,3.074714525,0.945633759,-69.84750374,744.1340164,2817.777664,8810,0.902663934,205.2032928,198.0483551,149.6877441
35617,B-20-3-03_masks.tif,206,8099,501.5979797,176.7957297,59.58681992,2.967027439,0.941491164,-56.86867461,4138.538708,2841.556118,5433,0.670823558,205.3804474,196.8488922,155.9624481
35618,B-20-3-03_masks.tif,207,11305,707.0121933,280.6953138,55.75299321,5.034623213,0.980075645,-73.75719695,1439.412649,2845.012915,7091,0.627244582,200.8821106,194.3181458,147.7567291
35619,B-20-3-03_masks.tif,208,18442,1098.509668,412.1677282,61.45788647,6.706506713,0.988820777,66.8469754,1922.706323,2894.529552,4299,0.233109207,194.1525879,186.3561249,142.3784637
35620,B-20-3-03_masks.tif,209,5311,422.4264069,142.5100798,51.32062557,2.776857807,0.932906272,-51.08064761,3896.947091,2860.659574,5105,0.961212578,206.7898102,201.6889343,150.865036
35621,B-20-3-03_masks.tif,210,2084,259.2132034,94.88856851,31.57262317,3.005406551,0.943020834,53.57680633,5403.900192,2837.479846,1570,0.753358925,191.5152893,192.7668762,142.0203857
35622,B-20-3-03_masks.tif,211,4694,382.1837662,126.0335247,48.75106917,2.585246372,0.922159297,-48.80034831,4010.986792,2872.178313,3924,0.835960801,207.821106,202.9406281,152.1865387
35623,B-20-3-03_masks.tif,212,7046,523.8406204,194.6163942,47.14448945,4.128083609,0.970215571,-60.35429586,4165.615668,2887.053506,6834,0.969912007,208.3005524,201.1966705,161.9220123
35624,B-20-3-03_masks.tif,213,16476,1062.308658,378.4039371,63.43393053,5.965323825,0.985849046,52.23857156,2280.70891,2997.881585,6220,0.377518815,201.6659088,193.2541809,154.7421265
35625,B-20-3-03_masks.tif,214,14124,948.509668,349.2048699,52.99597092,6.58927205,0.988417091,59.44922233,2310.396134,2959.571155,5365,0.379849901,193.7604828,186.1015778,152.4240417
35626,B-20-3-03_masks.tif,215,12913,860.4680374,315.8868003,54.41971708,5.804638782,0.985048718,22.70234471,3392.013552,3010.414466,6342,0.491132967,205.8074799,201.7505493,164.372757
35627,B-20-3-03_masks.tif,216,4167,351.6984848,118.9465073,47.32034616,2.513644065,0.91745967,40.25447174,5402.339093,2901.986321,1879,0.450923926,188.6157532,185.6072388,139.0755768
35628,B-20-3-03_masks.tif,217,16909,889.4974747,356.8557236,65.11160729,5.480677539,0.983213427,-14.41269053,2756.483825,3049.721332,7561,0.447158318,202.5245361,197.4151611,145.2307892
35629,B-20-3-03_masks.tif,218,5245,410.2842712,151.5416794,45.83366125,3.306340259,0.953165503,-19.06971458,1539.303527,2946.135367,3894,0.742421354,197.2010803,186.4055023,132.325119
35630,B-20-3-03_masks.tif,219,10658,725.4974747,280.9591027,50.75847182,5.535215948,0.983545347,22.54817264,3343.523363,3014.060049,5914,0.554888347,208.8420715,201.3317566,170.9350739
35631,B-20-3-03_masks.tif,220,14856,854.9116882,317.7660608,69.09905804,4.598703222,0.976070881,1.824598868,1661.829496,3046.463988,7509,0.505452342,197.0615234,187.8288727,143.8820038
35632,B-20-3-03_masks.tif,221,12689,752.7106781,260.1353234,63.66236654,4.086171117,0.969591803,55.97614769,699.0241154,2974.166601,10138,0.798959729,197.2149353,188.1876068,147.8923798
35633,B-20-3-03_masks.tif,222,18709,1205.03658,453.4559908,75.03337257,6.043390764,0.98621482,46.03745895,2542.279331,3034.240419,727,0.038858303,239.3755188,242.5419464,192.422287
35634,B-20-3-03_masks.tif,223,9788,550.5269119,205.8738621,62.32149951,3.303416376,0.953080517,71.60497048,86.16326114,2962.919085,7165,0.732018799,194.4194031,184.7429199,138.8946228
35635,B-20-3-03_masks.tif,224,14162,1090.308658,390.8039621,48.06549211,8.13065559,0.992407747,-54.57118677,2023.883773,3055.391611,9601,0.677940969,206.0273895,201.3194427,157.8444977
35636,B-20-3-03_masks.tif,225,7239,581.4558441,240.7452312,45.34895626,5.308727059,0.982098311,2.036533222,3659.881061,3090.753419,3315,0.457936179,208.3891449,202.4959259,166.4633484
35637,B-20-3-03_masks.tif,226,12269,953.4802307,344.126314,46.24365832,7.441589322,0.990929888,43.90124938,2534.9502,3079.729888,5665,0.461732823,201.6434174,192.0397186,162.253479
35638,B-20-3-03_masks.tif,227,10309,740.4680374,285.0435611,48.79053407,5.842189813,0.985241736,-61.11826041,4191.296149,3029.833932,5971,0.579202638,200.4464874,189.8526154,141.9281464
35639,B-20-3-03_masks.tif,228,6993,476.8700577,173.5674969,55.24977287,3.141506071,0.947983772,73.81680387,68.88102388,3014.960103,6158,0.880594881,196.916687,188.2294617,140.0336151
35640,B-20-3-03_masks.tif,229,16870,1057.965512,383.5750152,60.0845469,6.383921241,0.987655204,-47.48120574,1867.252697,3107.919561,8858,0.525074096,205.6040802,199.7826843,151.8933105
35641,B-20-3-03_masks.tif,230,6719,535.9411255,199.4170265,45.74150835,4.359651303,0.973337858,17.46582046,3747.773776,3069.044352,5325,0.79252865,194.4807587,187.178772,146.0413208
35642,B-20-3-03_masks.tif,231,12783,830.8111832,301.6425132,57.19288379,5.274126661,0.981860479,-22.44263711,1273.772197,3139.60956,6139,0.480247203,208.0506592,198.9552002,160.2225189
35643,B-20-3-03_masks.tif,232,11319,823.1959595,285.8480988,52.21642639,5.474294556,0.983173923,-54.67614613,4211.803163,3071.116441,8772,0.774980122,207.1817169,199.1241455,156.0346527
35644,B-20-3-03_masks.tif,233,7744,491.6984848,184.2341937,55.01483878,3.348809117,0.954374092,12.19960713,1606.023373,3075.889592,4845,0.625645661,203.585968,194.1725464,157.1500549
35645,B-20-3-03_masks.tif,234,15493,916.1837662,372.1433439,58.73822748,6.335624343,0.987465077,1.548012827,1551.957658,3169.998386,5498,0.354869941,208.4345245,200.7693634,153.3424835
35646,B-20-3-03_masks.tif,235,10286,562.8700577,224.4116224,59.30773899,3.783850577,0.96444571,10.14371086,1489.171398,3115.021486,8576,0.833754618,205.7397461,197.1961212,151.2228241
35647,B-20-3-03_masks.tif,236,21874,1275.03658,450.9192555,71.32847605,6.321728439,0.987409559,56.05628668,3299.730411,3118.502972,9578,0.437871446,191.7242584,180.5957336,145.0354004
35648,B-20-3-03_masks.tif,237,4970,357.7989899,135.3149635,47.32638592,2.859186495,0.936843132,5.220046745,1402.219718,3085.06841,3845,0.773641851,204.950592,196.9079285,152.611969
35649,B-20-3-03_masks.tif,238,25063,1357.521861,497.23963,68.52641222,7.256174865,0.990458175,56.81938062,3265.389778,3161.590632,11434,0.45621035,197.8451996,187.8216705,151.0733795
35650,B-20-3-03_masks.tif,239,9841,675.5979797,266.5298068,49.84999137,5.34663697,0.982353544,12.28514987,3716.723707,3158.731125,7882,0.800934864,203.3953247,197.3488922,159.6916962
35651,B-20-3-03_masks.tif,240,9909,594.2842712,242.9711553,54.98628067,4.418759594,0.974055828,-81.55808825,4363.395398,3058.70875,8578,0.865677667,200.1088867,191.7578735,142.6210022
35652,B-20-3-03_masks.tif,241,9527,582.2842712,241.4788289,51.3114781,4.706136675,0.977163564,-80.4976688,4378.80676,3101.209405,303,0.031804346,230.0330048,220.5577545,180.0395966
35653,B-20-3-03_masks.tif,242,19059,1105.154329,442.0821074,59.47632383,7.432909079,0.990908594,78.44201893,2359.67438,3118.697203,8654,0.454063697,199.2932739,191.9359894,158.3040161
35654,B-20-3-03_masks.tif,243,8944,631.0121933,254.5914721,46.04923556,5.528679661,0.98350609,-19.5816748,1301.73949,3189.26297,3694,0.413014311,203.4003754,194.4320526,142.2961578
35655,B-20-3-03_masks.tif,244,9497,593.1126984,231.7869722,52.99433846,4.373806315,0.973512497,-8.323254776,2092.698536,3200.790776,6972,0.734126566,205.4824982,199.7432556,160.4030457
35656,B-20-3-03_masks.tif,245,12074,779.1126984,317.8718936,53.94150757,5.892899696,0.985496501,-5.249839837,2043.320772,3235.805367,294,0.024349843,224,214.2380981,216.0918427
35657,B-20-3-03_masks.tif,246,20072,1215.296465,491.2951071,61.44679908,7.99545484,0.992147787,78.82539274,2370.527352,3166.501495,7405,0.368921881,203.1277466,195.8769684,156.6033783
35658,B-20-3-03_masks.tif,247,7906,555.4974747,186.9508564,56.68390014,3.298129733,0.952926262,52.70833374,68.45889198,3178.111434,5309,0.671515305,189.3156891,176.6697998,135.7615356
35659,B-20-3-03_masks.tif,248,7968,498.9705627,210.6269039,49.18827204,4.282055359,0.972348946,85.97347446,4352.884287,3155.127385,6552,0.822289157,207.1962738,200.6633148,160.0958557
35660,B-20-3-03_masks.tif,249,5239,441.6984848,159.3205288,44.4780384,3.58200439,0.960240734,18.64220289,3691.764268,3240.514984,3806,0.726474518,200.0859222,190.3032074,170.2277985
35661,B-20-3-03_masks.tif,250,7730,533.8406204,202.0179748,49.45478857,4.084902203,0.969572612,27.50547996,257.4112549,3273.287969,7615,0.985122898,194.5411682,186.1259308,148.0720978
35662,B-20-3-03_masks.tif,251,10558,679.7401154,260.8308964,53.03053209,4.91850423,0.97911362,-26.1660335,1313.716329,3291.795605,8220,0.778556545,200.7238464,191.8069305,139.3507233
35663,B-20-3-03_masks.tif,252,4157,406.7695526,140.4068824,41.71230096,3.36607857,0.954852095,51.53397572,49.55448641,3251.041857,3383,0.813808035,188.4815216,179.2503662,138.7883606
35664,B-20-3-03_masks.tif,253,12480,776.5685425,285.7134506,56.93232368,5.018475132,0.979945902,69.62346164,2806.614583,3263.628846,5501,0.440785256,193.5202637,186.9747314,149.4871826
35665,B-20-3-03_masks.tif,254,15550,977.8406204,434.5122355,48.80646244,8.902760286,0.993671555,82.39430373,2343.556656,3253.444373,5505,0.354019293,213.098999,205.292099,171.0521393
35666,B-20-3-03_masks.tif,255,2399,260.1421356,103.5817468,30.79762022,3.363303596,0.954775799,75.06708169,4277.375573,3256.05669,2253,0.939141309,188.2676392,183.2290344,144.8996887
35667,B-20-3-03_masks.tif,256,2602,283.3137085,117.5854017,29.31346312,4.011310477,0.96842757,-85.79249425,4378.400846,3261.704458,2462,0.946195234,194.1742554,189.4362335,151.974823
35668,B-20-3-03_masks.tif,257,5936,523.254834,192.280715,40.04041777,4.802165554,0.97807789,26.98358153,235.4132412,3340.8531,5288,0.89083558,197.1836243,187.8377533,152.9007111
35669,B-20-3-03_masks.tif,258,14536,864.2670273,306.8301071,63.43833126,4.836667375,0.978392974,37.15394105,1472.417378,3381.195446,5705,0.392473858,190.4447021,181.2836151,147.5382996
35670,B-20-3-03_masks.tif,259,16078,953.2375901,328.7163662,64.52054863,5.094754667,0.980547827,-49.27368722,3128.181988,3400.908944,7362,0.457892773,204.6304016,197.8217926,144.574295
35671,B-20-3-03_masks.tif,260,17005,898.9116882,353.8813571,78.29609928,4.519782726,0.97521722,-89.55603745,2344.250044,3343.484799,8332,0.489973537,205.2491608,197.0525665,169.0714111
35672,B-20-3-03_masks.tif,261,2005,242.7279221,90.99929138,30.27211479,3.006043417,0.943045704,18.56402133,21.8967581,3352.108229,1491,0.743640898,184.3608246,168.7196503,131.393692
35673,B-20-3-03_masks.tif,262,17395,944.3259018,388.5043619,68.85623764,5.642253704,0.984168714,-82.44699314,2825.118367,3352.653636,6086,0.349870652,197.4515228,191.6130524,150.1677551
35674,B-20-3-03_masks.tif,263,12222,738.1248917,251.6474519,65.87898275,3.819844226,0.965124649,43.56365229,1442.889134,3431.626493,5913,0.483799705,194.1156769,186.4973755,154.5460815
35675,B-20-3-03_masks.tif,264,15977,992.8111832,361.5744262,73.05330013,4.949460538,0.979376813,-73.90758492,3265.058897,3409.262628,9200,0.575827752,199.9642334,190.8600006,141.3673859
35676,B-20-3-03_masks.tif,265,22707,1079.296465,414.1355696,71.94146,5.756563317,0.984796011,-72.59898683,3252.601973,3470.433963,9395,0.413749064,207.0027618,195.9978638,146.1356049
35677,B-20-3-03_masks.tif,266,20733,1008.651804,352.808098,77.13011578,4.574193807,0.975810574,-52.97849021,2916.059422,3512.167559,6029,0.290792456,202.9540558,198.8450775,150.220932
35678,B-20-3-03_masks.tif,267,7417,655.0538239,257.2368872,39.60512942,6.495039683,0.988076513,-55.61206536,696.8116489,3486.960766,3809,0.513549953,198.0706177,193.7272186,143.223938
35679,B-20-3-03_masks.tif,268,19053,1209.338095,443.9587914,60.08806614,7.388468625,0.990798389,65.91900814,2288.421981,3562.672125,4249,0.2230095,188.6366272,176.6274414,141.5879059
35680,B-20-3-03_masks.tif,269,10013,674.4680374,235.8222716,57.9409516,4.070044849,0.969346543,44.57926195,2186.177569,3574.33826,3940,0.393488465,190.0002594,180.3713226,138.5022888
35681,B-20-3-03_masks.tif,270,4011,362.7695526,126.6704558,41.22828642,3.072416217,0.945550049,-48.13666247,715.961107,3547.788083,3533,0.880827724,198.3512573,194.2776642,140.9051819
35682,B-20-3-03_masks.tif,271,6847,503.3553391,190.1022341,47.61999315,3.992067648,0.968117438,73.80150301,5348.37374,3574.241128,6202,0.90579816,186.5572357,181.5069275,135.0282135
35683,B-20-3-03_masks.tif,272,3110,295.5563492,111.4380625,38.62165108,2.885378005,0.93802225,72.23630028,5370.167524,3625.006752,2643,0.849839228,181.5747223,172.8270874,127.5244064
35684,B-20-3-04_masks.tif,1,6328,454.627417,180.6565455,47.52189465,3.801543411,0.964781915,81.11500588,1300.839286,27.5715866,5340,0.843868521,203.8868866,196.3264008,143.4771576
35685,B-20-3-04_masks.tif,2,7245,584.9116882,190.8419656,56.66628723,3.367821943,0.954899929,38.68246703,1883.231608,59.64030366,2536,0.350034507,193.4471588,188.7283173,128.5741272
35686,B-20-3-04_masks.tif,3,4404,402.3847763,163.0724806,37.5737751,4.340061125,0.973093284,85.51746459,2113.091508,15.19346049,217,0.049273388,217.1244202,183.4930878,196.6589813
35687,B-20-3-04_masks.tif,4,11983,787.6396103,302.1617813,53.53510341,5.644180398,0.984179608,66.55275676,2395.010181,65.66076942,5321,0.444045731,191.7476044,191.6049652,141.4331818
35688,B-20-3-04_masks.tif,5,8593,601.9411255,239.3264553,50.47006093,4.741949008,0.977511147,-17.23096531,2683.173397,91.40160596,6284,0.731292913,209.0081177,203.6747284,159.2908936
35689,B-20-3-04_masks.tif,6,7779,622.627417,266.2648006,38.66365409,6.886695189,0.98940122,-88.13975095,2953.008999,18.01722586,0,0,,,
35690,B-20-3-04_masks.tif,7,15794,819.3553391,345.7678031,60.25490473,5.738417555,0.984698956,8.965802805,4604.011207,162.0420413,9016,0.57084969,206.5978241,203.6387482,146.3265381
35691,B-20-3-04_masks.tif,8,20666,1104.551299,393.6167762,70.30400937,5.598781347,0.983919896,51.41892588,4812.594068,131.2995742,8515,0.41202942,195.9354095,194.5066376,137.3747559
35692,B-20-3-04_masks.tif,9,13028,876.3259018,363.7434574,56.83694747,6.399771162,0.987716655,14.49767706,4661.13801,165.3753454,3920,0.30089039,201.1448975,198.2966766,148.3186188
35693,B-20-3-04_masks.tif,10,10152,722.1837662,279.3774663,49.10660261,5.689203721,0.984430989,10.42233211,4695.864263,150.0789992,4980,0.490543735,207.7745056,202.528717,160.3765106
35694,B-20-3-04_masks.tif,11,11722,728.6690476,290.6690983,54.85255657,5.299098465,0.9820326,74.21704799,1286.164051,66.74372974,4212,0.359324347,212.4943085,207.7723236,181.4641571
35695,B-20-3-04_masks.tif,12,9853,665.0121933,266.2126308,48.38992278,5.501406398,0.983340759,74.73460461,2134.987314,61.5018776,5329,0.540850502,198.9645386,196.764679,154.1572571
35696,B-20-3-04_masks.tif,13,9405,665.8406204,257.0722494,57.32051649,4.484820883,0.974824313,73.47586667,1271.5395,108.2365763,8382,0.89122807,203.668335,200.7506561,158.8037415
35697,B-20-3-04_masks.tif,14,22392,1257.23759,432.9353796,77.96170791,5.553179775,0.983652515,24.71514856,4793.778314,314.6439353,9754,0.435602001,205.6349182,199.9704742,140.623642
35698,B-20-3-04_masks.tif,15,18878,952.3675324,340.7774861,73.99032438,4.605703367,0.976144453,-62.64593951,3004.493273,177.5728361,7484,0.396440301,205.0037384,197.6861267,136.4657898
35699,B-20-3-04_masks.tif,16,6661,451.4558441,173.6772703,51.37901575,3.380315247,0.955240481,75.79886596,2215.663864,128.4756043,5974,0.896862333,203.5503845,199.0317993,159.4661865
35700,B-20-3-04_masks.tif,17,11666,943.5391052,356.0464683,45.2107379,7.875263375,0.991905293,67.85705255,2222.184896,180.232899,7634,0.65438025,204.8751678,199.5453186,162.6290283
35701,B-20-3-04_masks.tif,18,16336,986.3259018,393.264264,54.47064233,7.219747137,0.990361174,12.27800676,3391.815438,318.7248408,8728,0.534280118,206.040451,203.1757507,160.2301788
35702,B-20-3-04_masks.tif,19,7095,466.627417,186.9046265,50.56375091,3.696415379,0.96271088,-79.51983187,78.32741367,154.7984496,5429,0.765186751,193.1917419,191.5896149,143.4538574
35703,B-20-3-04_masks.tif,20,10938,671.8406204,251.3700697,56.20529908,4.472355344,0.974681951,-72.27777408,3147.943317,181.4683672,7338,0.670872189,204.1899719,200.6207428,148.9285889
35704,B-20-3-04_masks.tif,21,18275,1128.693434,406.2378201,58.62540421,6.929381991,0.989532088,40.84702078,2496.048919,309.6940629,7741,0.423584131,191.7926636,188.4702301,140.2596588
35705,B-20-3-04_masks.tif,22,21880,1084.610173,395.0120941,77.88803416,5.071537603,0.980367532,23.19742671,4858.429707,317.5502285,11573,0.52893053,207.9890289,200.389267,148.5089417
35706,B-20-3-04_masks.tif,23,7240,658.3259018,242.4166473,43.06305931,5.629341045,0.984095416,67.94382559,2208.388122,212.8631215,1289,0.178038674,201.4934082,196.280838,165.7114105
35707,B-20-3-04_masks.tif,24,15337,1122.509668,405.2974056,53.15584513,7.624700625,0.99136218,-23.90414921,3246.942427,350.8240855,6023,0.392710439,211.3925018,204.9330902,161.0471497
35708,B-20-3-04_masks.tif,25,14602,894.2253967,344.2043174,55.2352362,6.231607595,0.987040355,69.25641995,1990.663813,242.4039173,9553,0.654225449,193.2861938,190.3473206,138.2075806
35709,B-20-3-04_masks.tif,26,17410,1147.4386,451.2249899,58.7791036,7.676622512,0.991479131,-22.55462498,3188.888283,376.1270534,5567,0.319758759,213.5960083,207.3278198,163.6443329
35710,B-20-3-04_masks.tif,27,15514,961.7401154,391.1644356,58.10173867,6.732404994,0.988907102,75.91875744,2658.696081,260.0104422,6554,0.422457135,192.0382996,189.9975586,142.8083649
35711,B-20-3-04_masks.tif,28,15189,947.0121933,369.5058496,55.25099276,6.687768512,0.988757687,82.72580643,556.9776812,224.4977286,6216,0.409243532,202.7445374,199.5719147,163.1406097
35712,B-20-3-04_masks.tif,29,12855,929.7401154,378.3646636,48.25374683,7.841145786,0.991834407,78.67545129,2239.71832,270.4080124,7706,0.599455465,200.660141,197.3044434,148.1507874
35713,B-20-3-04_masks.tif,30,14048,919.9411255,378.2604943,50.98721088,7.418732812,0.990873656,85.31712675,525.7042284,269.2313497,3787,0.26957574,197.0565033,196.2711945,159.0705109
35714,B-20-3-04_masks.tif,31,8823,665.9411255,231.5240099,51.40634299,4.50380238,0.975038785,-77.40870155,208.2726964,375.5290717,7146,0.809928596,197.8074493,195.0074158,155.1880798
35715,B-20-3-04_masks.tif,32,8322,633.3553391,233.9880871,48.91924574,4.783149935,0.977901266,-76.45225844,217.6033405,420.6288152,3517,0.422614756,195.8575439,193.3630981,148.462616
35716,B-20-3-04_masks.tif,33,10035,727.7989899,309.9609752,44.20626163,7.011698429,0.989777691,84.27886367,805.8969606,468.3845541,6870,0.684603886,192.7393036,190.5898132,140.8474579
35717,B-20-3-04_masks.tif,34,7181,630.6690476,241.4965821,40.69322521,5.934564803,0.98570091,25.30785001,275.1251915,588.311238,5052,0.703523186,193.6589508,186.8735199,146.2769165
35718,B-20-3-04_masks.tif,35,17514,1008.325902,431.1744584,65.87205814,6.545635139,0.98826122,-9.866503855,4152.224506,665.9244033,8739,0.498972251,210.2150116,203.6538544,165.4079437
35719,B-20-3-04_masks.tif,36,12772,794.7695526,314.3222128,54.29795969,5.788840217,0.984966375,-7.365393364,4113.685719,645.0695271,5939,0.465001566,206.8573761,200.5179291,146.9358521
35720,B-20-3-04_masks.tif,37,7564,715.5391052,269.3310212,40.96841023,6.574114536,0.988363303,36.24955783,223.9141988,613.0601534,5086,0.672395558,192.8122253,188.6364594,152.3617706
35721,B-20-3-04_masks.tif,38,8953,544.3847763,230.7417695,50.19731539,4.596695414,0.976049715,89.39379369,1979.146208,531.7372948,8279,0.924717972,202.5908966,199.4134521,159.027298
35722,B-20-3-04_masks.tif,39,13620,729.5979797,288.0291164,61.65329578,4.671755383,0.976822201,77.10313227,1086.696696,555.6737151,11934,0.876211454,197.9257507,191.6793213,143.133728
35723,B-20-3-04_masks.tif,40,7208,467.7989899,194.4234897,47.66736988,4.078754296,0.969479371,-85.52301379,1985.734323,580.4379856,3688,0.511653718,198.2299347,193.8234863,140.218277
35724,B-20-3-04_masks.tif,41,5069,359.2132034,129.7585701,51.51876254,2.518666283,0.917803241,17.45927319,646.3614125,624.4513711,4574,0.902347603,192.9818573,186.4226074,141.9637146
35725,B-20-3-04_masks.tif,42,5256,420.0416306,154.1521838,45.95883041,3.354136352,0.954522359,81.5511975,1016.762367,594.2545662,4898,0.931887367,200.5467529,193.8427887,156.9230347
35726,B-20-3-04_masks.tif,43,5144,394.5269119,137.2588995,49.68337332,2.762672707,0.932190396,-29.86331319,787.3098756,655.9167963,4836,0.940124417,201.9003296,194.8405762,144.9667053
35727,B-20-3-04_masks.tif,44,6850,422.627417,159.6018466,56.15951328,2.841937854,0.936047909,88.84485669,1131.008759,628.0343066,6784,0.990364964,201.2501526,194.1852875,136.9989624
35728,B-20-3-04_masks.tif,45,7567,466.0416306,183.4796729,53.80615108,3.410012967,0.956034561,-79.248368,2452.648341,630.6335404,6719,0.887934452,205.5630341,198.1750336,157.3717804
35729,B-20-3-04_masks.tif,46,6674,501.8406204,184.1767022,47.62169885,3.867495421,0.965993789,58.77065384,1039.623764,670.1206173,6482,0.971231645,196.6419373,190.3713379,142.9248657
35730,B-20-3-04_masks.tif,47,8898,568.5269119,227.9465482,55.00984182,4.143741204,0.970443655,80.3146314,1298.444931,671.2439874,7929,0.891099123,203.500061,199.1809845,158.5027161
35731,B-20-3-04_masks.tif,48,17026,1062.024387,402.461684,66.46902092,6.054876068,0.986267432,66.85200223,4421.61688,700.7927288,5668,0.33290262,210.7979889,201.7064209,167.7325287
35732,B-20-3-04_masks.tif,49,8608,597.7989899,252.1039795,44.91657308,5.612716247,0.984000291,-85.61126924,2491.473629,670.3881273,6985,0.811454461,206.2765961,201.2571259,165.1803894
35733,B-20-3-04_masks.tif,50,16793,1111.095454,410.7981406,54.83026274,7.492178955,0.991052515,68.60817108,4382.790865,733.3659263,8344,0.496873697,205.3869781,200.7158508,158.2248383
35734,B-20-3-04_masks.tif,51,6569,583.7401154,209.5637353,42.27983981,4.956587732,0.979436701,54.11953687,1032.321206,714.3851423,5631,0.857208099,198.0792084,193.5911865,145.0339203
35735,B-20-3-04_masks.tif,52,4148,348.627417,123.6279686,45.83856605,2.697029582,0.928721414,18.77323577,675.0036162,725.7094986,2978,0.717936355,188.8206787,179.8368073,130.2965088
35736,B-20-3-04_masks.tif,53,4271,363.1126984,123.2867286,45.93022463,2.684217845,0.928012923,-34.94708386,797.6405994,727.1315851,3863,0.904472021,200.08284,192.490036,133.8169861
35737,B-20-3-04_masks.tif,54,15209,991.9238816,346.6386159,60.10025145,5.767673305,0.984854978,58.0873976,1588.676244,774.3745151,12271,0.806824906,197.9908752,193.3047028,149.1398468
35738,B-20-3-04_masks.tif,55,8861,613.6984848,253.8985166,46.16315928,5.500024706,0.983332317,81.2315724,1304.162961,717.3841553,8146,0.919309333,202.4176331,196.523941,156.1694031
35739,B-20-3-04_masks.tif,56,7978,470.7279221,206.3711505,50.62601974,4.076385059,0.969443324,-87.70650509,2467.909626,715.562923,6492,0.813737779,207.5337372,201.1592712,155.6181488
35740,B-20-3-04_masks.tif,57,17278,1117.4386,443.3976722,53.96631685,8.216192953,0.992565597,67.81924811,4400.794479,795.3350504,5068,0.293320986,211.0783386,204.563736,162.3778687
35741,B-20-3-04_masks.tif,58,8496,510.6690476,174.8823847,63.32639973,2.761603145,0.932135949,-32.65996743,833.075565,798.8092043,7352,0.865348399,202.9897919,192.7259216,132.7342224
35742,B-20-3-04_masks.tif,59,17204,1082.267027,396.6786199,64.3248135,6.166805597,0.986764723,66.31823517,4363.104976,828.71681,6791,0.394733783,205.2971649,199.2242737,159.8440552
35743,B-20-3-04_masks.tif,60,9698,580.2842712,232.0075453,53.88745996,4.305408819,0.972652309,-5.205133734,969.4377191,841.528975,6593,0.679830893,202.5267639,191.4151306,145.7817383
35744,B-20-3-04_masks.tif,61,8738,554.3847763,239.8746079,47.5331934,5.046465232,0.980169989,-86.00840785,2477.27512,758.9975967,360,0.041199359,227.7944489,199.8638916,199.3249969
35745,B-20-3-04_masks.tif,62,25837,1438.752309,526.8011527,78.93636447,6.67374481,0.98871012,16.53462097,3636.615745,1003.268646,11235,0.434841506,205.9447327,197.1886902,149.7202454
35746,B-20-3-04_masks.tif,63,5847,370.3847763,135.3915443,57.28242207,2.363579252,0.906088995,85.96590007,1325.679836,773.4515136,5528,0.945442107,199.949707,193.6631622,141.8674011
35747,B-20-3-04_masks.tif,64,10251,660.2842712,284.975751,51.33076584,5.551753347,0.983644044,-85.4485156,2477.455175,798.0226319,3471,0.338601112,208.6830902,205.8824615,156.681366
35748,B-20-3-04_masks.tif,65,4597,334.627417,111.8349769,53.86352382,2.076265513,0.876372478,-21.07033932,756.6112682,818.8416358,3953,0.859908636,204.4217072,197.4131012,141.3288574
35749,B-20-3-04_masks.tif,66,5809,394.7695526,123.663091,62.61790178,1.974883979,0.862322854,-47.29527288,1078.27664,830.6715442,4701,0.809261491,202.0574341,197.1001892,144.5890198
35750,B-20-3-04_masks.tif,67,8925,732.4680374,262.4065108,50.42325101,5.204077594,0.981364195,-55.3822796,1166.192829,865.5515966,4234,0.474397759,203.2342987,195.9742584,152.8155365
35751,B-20-3-04_masks.tif,68,18772,1078.166522,389.0994647,63.91185085,6.088064412,0.986417775,-26.22480547,3164.009056,989.5748455,9539,0.508150437,209.7473602,203.8151855,144.7506104
35752,B-20-3-04_masks.tif,69,17347,995.4386002,361.9307597,63.38084081,5.710412721,0.98454733,-64.64532792,2922.395688,929.1446936,9071,0.522914625,207.098999,201.8656158,149.3850708
35753,B-20-3-04_masks.tif,70,4765,395.3553391,138.6771426,46.16778289,3.003764399,0.942956632,-29.94480172,1006.790136,909.5301154,4085,0.85729276,207.7853088,200.7691498,147.2374573
35754,B-20-3-04_masks.tif,71,5044,436.7695526,163.3517988,40.39199102,4.04416308,0.96894663,-60.58606265,1196.267248,890.9530135,4818,0.95519429,204.5134888,195.4410553,146.9441681
35755,B-20-3-04_masks.tif,72,5913,428.8700577,166.1655367,46.1522426,3.600378385,0.9606538,74.16389113,1503.734652,903.3967529,5596,0.946389312,199.7809143,195.9256592,154.2773438
35756,B-20-3-04_masks.tif,73,9297,732.2253967,284.9409641,43.65765483,6.52671256,0.988192647,-63.0938159,1181.912768,940.5640529,8311,0.893944283,206.7322845,201.2831116,154.8399658
35757,B-20-3-04_masks.tif,74,8102,515.3553391,198.2342612,53.38976462,3.71296376,0.963048892,-18.09704388,785.853493,986.1584794,7488,0.924216243,201.6959076,193.5033417,139.397171
35758,B-20-3-04_masks.tif,75,7181,520.8700577,219.509838,44.88875581,4.890085146,0.978867521,-8.064270454,840.7510096,996.0619691,5536,0.77092327,199.5590668,187.9622498,134.1605835
35759,B-20-3-04_masks.tif,76,5597,420.2842712,158.3925475,46.21850203,3.42703767,0.956480211,72.35208667,1492.423977,943.3274969,5542,0.990173307,202.2748108,197.0369873,153.5288696
35760,B-20-3-04_masks.tif,77,7164,511.254834,188.8058801,50.17887692,3.762656553,0.964036556,-55.65971106,1225.349665,975.181742,272,0.037967616,222.1176453,200.5477905,172.8272095
35761,B-20-3-04_masks.tif,78,3352,262.7279221,90.10871167,48.52209445,1.857065584,0.842635771,8.691661765,921.2147971,993.0569809,3192,0.952267303,199.1190491,192.0993042,143.7647247
35762,B-20-3-04_masks.tif,79,14870,848.7106781,311.1864949,63.02548844,4.937470579,0.979275469,-62.70047143,1262.27774,1016.922999,7661,0.515198386,209.1029816,201.3553009,146.052475
35763,B-20-3-04_masks.tif,80,6657,480.4264069,173.9697684,49.92085262,3.4849118,0.957945169,-30.38087486,2258.394021,1028.969356,5974,0.897401232,207.5045166,201.0338135,154.3660889
35764,B-20-3-04_masks.tif,81,6207,503.254834,183.5211171,44.68398825,4.10708901,0.969905553,-30.67999693,2290.94764,1056.096665,5534,0.891574029,209.0484314,201.1904602,157.9311523
35765,B-20-3-04_masks.tif,82,6518,523.254834,196.3709597,44.44207771,4.41858189,0.974053713,-28.89757761,2325.78567,1075.725836,5653,0.86729058,209.8977509,202.7086487,156.0413971
35766,B-20-3-04_masks.tif,83,5395,417.9411255,150.1691117,47.24035212,3.178831337,0.949230627,-64.44217593,1351.834476,1032.049676,5137,0.952177943,204.4588318,200.0021362,158.5135345
35767,B-20-3-04_masks.tif,84,20312,1372.793939,535.567174,68.0451464,7.870762315,0.991895994,30.02138905,3642.7019,1193.575423,10224,0.503347775,207.7704468,202.6408386,168.3847809
35768,B-20-3-04_masks.tif,85,16573,1179.722871,452.2591243,47.49229894,9.522788629,0.994471033,29.60195517,3611.799433,1216.232668,6330,0.38194654,204.5263824,197.5690308,151.6924133
35769,B-20-3-04_masks.tif,86,3639,295.3137085,113.372758,42.84449247,2.64614543,0.92584308,-7.757443414,916.5790052,1078.12421,553,0.151964826,223.1085052,220.4828186,185.6961975
35770,B-20-3-04_masks.tif,87,7669,601.3969696,216.9335167,46.44771082,4.670488877,0.976809479,-36.27799599,2350.476203,1120.044986,6020,0.784978485,208.7303925,203.3217621,151.6812286
35771,B-20-3-04_masks.tif,88,15380,1081.681241,405.5426302,59.72454039,6.790217682,0.989096227,65.37021523,2944.638036,1108.562094,7194,0.467750325,204.6990509,202.1056366,164.4991608
35772,B-20-3-04_masks.tif,89,5244,386.8700577,133.4293368,51.55996617,2.58784764,0.922322294,-67.72764896,1239.704043,1083.94508,4958,0.94546148,211.6101227,205.5766449,159.7987061
35773,B-20-3-04_masks.tif,90,8773,702.5685425,272.1215392,42.80522413,6.357203934,0.987550568,-65.80436827,1329.963752,1126.591018,7763,0.884874045,204.2133179,200.6104584,160.6286163
35774,B-20-3-04_masks.tif,91,8304,641.0538239,220.1203532,49.5367034,4.443580983,0.974348666,49.67684573,2834.326228,1162.008309,6588,0.793352601,202.9107513,196.6845856,155.0280762
35775,B-20-3-04_masks.tif,92,18275,1078.208153,383.6696584,62.14733383,6.173549769,0.986793818,41.89908397,2964.062435,1224.818933,10028,0.54872777,202.2036285,196.4903259,144.4906311
35776,B-20-3-04_masks.tif,93,6432,530.6690476,197.048404,43.48371895,4.53154442,0.975347325,-56.90340233,1377.458333,1163.792444,5999,0.932680348,206.059845,198.8473053,154.8969879
35777,B-20-3-04_masks.tif,94,18350,1067.923882,368.4031269,79.60332418,4.627986717,0.976376397,32.35711807,2884.990736,1297.898202,9102,0.496021798,201.1907349,192.3672791,151.3888092
35778,B-20-3-04_masks.tif,95,17186,1203.521861,441.8803625,54.34812774,8.130553543,0.992407556,-43.0835672,4623.992843,1316.307285,8345,0.48556965,209.6869965,203.425766,158.9053345
35779,B-20-3-04_masks.tif,96,9466,662.7106781,232.9363572,54.24483748,4.294166377,0.972506899,-44.79266801,5366.058842,1271.623706,3523,0.372174097,205.9313049,201.8836212,138.8773804
35780,B-20-3-04_masks.tif,97,5122,399.6984848,142.1611079,47.86671566,2.969936541,0.941609281,-67.14656211,1359.056228,1222.638813,4306,0.840687232,202.8344116,197.7909851,153.609848
35781,B-20-3-04_masks.tif,98,18622,968.9949494,353.6861705,68.96047015,5.128824814,0.980807926,44.19306924,4339.43599,1315.704113,8989,0.482708624,199.7192078,195.0416107,145.9039917
35782,B-20-3-04_masks.tif,99,13509,1023.480231,351.994686,52.53394938,6.700327887,0.988800032,-46.80700067,4673.111851,1328.738249,9427,0.697831076,212.7386169,206.238678,166.5460968
35783,B-20-3-04_masks.tif,100,3257,293.7989899,98.71099108,44.56904829,2.214787949,0.892265809,-67.10103346,1267.32054,1261.562174,2985,0.916487565,202.6676788,199.5293121,138.1574554
35784,B-20-3-04_masks.tif,101,11004,824.9116882,285.0554358,56.5472055,5.041017204,0.980126669,10.99706949,1850.207288,1385.237641,8012,0.728098873,201.2400208,194.1394196,149.1493988
35785,B-20-3-04_masks.tif,102,12071,739.882251,269.4084172,62.06328423,4.340866271,0.973103403,-54.27909702,5348.763731,1347.062381,2583,0.213983928,211.8060455,207.3039093,146.2570648
35786,B-20-3-04_masks.tif,103,20158,1223.23759,486.2098218,56.94806458,8.537776048,0.993117001,-63.69634422,4724.14937,1376.806876,8228,0.408175414,211.92453,206.6243286,171.9530945
35787,B-20-3-04_masks.tif,104,8479,609.254834,229.2088075,48.37790077,4.73788246,0.977472081,24.85995133,1955.158038,1420.77804,3589,0.423281047,194.6141052,187.6074066,149.4282532
35788,B-20-3-04_masks.tif,105,8903,632.2253967,240.3252177,50.47730105,4.761055221,0.977693337,-48.74304676,5361.909806,1414.283388,3085,0.346512412,208.9273834,204.2855682,141.1296539
35789,B-20-3-04_masks.tif,106,17623,1072.024387,417.2914688,67.72875803,6.161215427,0.986740533,-65.73092576,4685.439936,1444.526925,7368,0.418089996,212.4324036,204.0186005,154.8310242
35790,B-20-3-04_masks.tif,107,7906,535.5979797,200.3533163,51.18536007,3.91426994,0.966815535,22.88593307,1920.024538,1450.853276,7397,0.935618518,203.5892944,195.1296539,153.9682312
35791,B-20-3-04_masks.tif,108,11914,779.1959595,272.6164476,56.79762891,4.79978571,0.978055902,54.04885395,2095.413799,1477.271697,7966,0.668625147,199.1972198,194.258728,152.8882751
35792,B-20-3-04_masks.tif,109,22711,1335.823376,485.7612479,63.92442515,7.598992823,0.99130338,-23.75172304,4278.232619,1613.2903,6759,0.297609088,206.006073,200.0865479,143.1302032
35793,B-20-3-04_masks.tif,110,15077,960.4680374,377.5553173,53.08892351,7.111753118,0.990064735,-21.44078834,4229.384294,1580.219009,8629,0.572328713,209.9308167,203.1540222,170.2230835
35794,B-20-3-04_masks.tif,111,12207,826.7106781,317.0477717,50.59795776,6.26601914,0.987183228,30.37646999,2849.806095,1565.5836,7584,0.62128287,196.7741241,191.8138123,157.5622406
35795,B-20-3-04_masks.tif,112,21766,1373.421356,504.7711812,67.53347967,7.474384315,0.991009667,-54.20024471,571.296104,1581.715841,8994,0.413213268,197.713028,191.4237213,130.6583252
35796,B-20-3-04_masks.tif,113,13427,925.882251,369.2858341,58.58759556,6.30314029,0.987334713,68.69895531,4913.044016,1505.415134,7217,0.537499069,203.5071411,196.991684,163.3186951
35797,B-20-3-04_masks.tif,114,15872,972.2253967,401.2016682,65.46117232,6.128849424,0.986599165,-14.30728296,4167.671371,1630.734627,7186,0.452746976,209.1220398,203.1313629,164.2808228
35798,B-20-3-04_masks.tif,115,5465,456.9705627,191.9497525,38.5404836,4.980470782,0.979635489,2.538484787,5423.465874,1548.336871,0,0,,,
35799,B-20-3-04_masks.tif,116,11018,790.3259018,318.3458176,46.00523547,6.919773682,0.989502844,71.24144132,4869.300962,1528.224995,5971,0.541931385,207.2135315,201.8208008,158.4436493
35800,B-20-3-04_masks.tif,117,12936,828.509668,295.1156533,57.45219916,5.136716394,0.980867426,42.59552116,2793.240028,1586.736163,7388,0.571119357,199.5541382,192.7931824,152.3488159
35801,B-20-3-04_masks.tif,118,24084,1425.296465,590.2856876,62.08372032,9.507898118,0.994453653,-79.3578058,319.4024664,1534.527404,10174,0.422438133,196.7888794,191.701004,136.4289398
35802,B-20-3-04_masks.tif,119,19676,978.0832611,377.7405587,76.27429576,4.952396544,0.979401515,5.179318494,4698.032425,1702.582639,8223,0.417920309,207.2510071,205.8883667,157.2032166
35803,B-20-3-04_masks.tif,120,30273,1435.865007,526.0768632,78.65175122,6.688685948,0.988760789,27.29726235,4832.9817,1719.953952,11601,0.383212764,194.2113647,188.062149,145.629776
35804,B-20-3-04_masks.tif,121,21263,1275.338095,510.9937968,91.95620529,5.55692566,0.98367473,22.02891514,4576.883601,1696.476226,7901,0.371584442,201.1941528,196.1855469,159.7687683
35805,B-20-3-04_masks.tif,122,16069,1095.338095,388.5789955,59.00027878,6.586053551,0.988405701,26.6679461,4489.342025,1693.479432,5906,0.367539984,204.8267822,198.1027832,158.4007721
35806,B-20-3-04_masks.tif,123,9570,820.3675324,281.7774351,52.2015004,5.397880002,0.982689933,38.18711995,2149.165726,1658.017764,5960,0.622779519,199.2624207,194.8224792,155.528183
35807,B-20-3-04_masks.tif,124,9769,729.6396103,260.210501,50.76658079,5.125625893,0.980783728,30.37611275,2199.711434,1653.686457,5903,0.604258368,199.9515533,192.3555756,157.4441833
35808,B-20-3-04_masks.tif,125,16979,1106.669048,462.80615,63.68914893,7.266640516,0.990485772,-86.72377617,252.3728135,1598.306261,8072,0.475410802,204.1945038,198.3924713,163.3800812
35809,B-20-3-04_masks.tif,126,13105,841.3553391,344.9069304,51.97425597,6.636110975,0.988580964,-85.91995008,219.6350248,1638.712247,7528,0.574437238,200.4062195,197.3245239,153.5361328
35810,B-20-3-04_masks.tif,127,9239,799.4386002,269.395389,48.53347099,5.550713425,0.983637864,-43.83306674,464.1410326,1724.826172,6220,0.673233034,203.8832855,197.3869781,166.9969482
35811,B-20-3-04_masks.tif,128,14346,830.4264069,330.0655658,56.81425218,5.809555757,0.985074207,10.49487688,1383.328315,1806.494424,8490,0.591802593,195.5658417,186.0221405,139.7047119
35812,B-20-3-04_masks.tif,129,8054,665.882251,238.2277524,45.28177153,5.261007783,0.98176906,-47.95441049,512.0685374,1736.622796,3309,0.410851751,203.028717,196.0595398,163.1263275
35813,B-20-3-04_masks.tif,130,19624,1135.823376,419.466939,65.24738017,6.428870214,0.987828284,60.66254589,205.9325826,1750.135192,9829,0.500866286,197.6072845,193.1716309,148.3099976
35814,B-20-3-04_masks.tif,131,18049,924.4264069,384.1304005,61.22930193,6.273636779,0.987214536,78.84812044,851.7062995,1716.214693,6372,0.35303895,206.3562469,201.6902008,153.3653412
35815,B-20-3-04_masks.tif,132,19922,1161.865007,424.1401168,61.07567774,6.944501191,0.989577859,52.9759995,166.6618813,1802.429575,8547,0.42902319,191.7655334,182.8170166,149.7609711
35816,B-20-3-04_masks.tif,133,26541,1512.208153,591.8397454,66.02517527,8.963849668,0.993757789,67.38606809,894.5184808,1801.472816,14568,0.548886628,198.9069824,192.6266479,155.2933197
35817,B-20-3-04_masks.tif,134,22188,1015.59798,422.7808427,69.97314118,6.042044641,0.986208634,4.896533402,4362.144988,1916.83473,10623,0.478772309,200.9003143,192.3643951,148.6912384
35818,B-20-3-04_masks.tif,135,17113,937.0121933,370.5385964,70.18224335,5.279663042,0.981898853,5.410487368,4306.870566,1904.010343,10507,0.613977678,204.1676941,196.6051178,155.0963135
35819,B-20-3-04_masks.tif,136,18205,984.6101731,359.7390091,65.68316048,5.476883367,0.983189962,22.06411778,4837.687119,1890.056743,4317,0.237132656,202.8223267,197.8234863,144.0891876
35820,B-20-3-04_masks.tif,137,7375,444.0416306,154.27009,65.16823531,2.367258976,0.906395789,-11.46487586,586.6485424,1805.896271,4313,0.584813559,196.3257599,187.8117371,138.387207
35821,B-20-3-04_masks.tif,138,12215,827.6812409,299.227148,55.48438605,5.39299737,0.982658298,42.96961102,1633.426852,1831.951699,9710,0.794924273,203.6949463,197.8577728,160.447998
35822,B-20-3-04_masks.tif,139,16827,1170.894444,400.7305376,67.83349476,5.907561435,0.98556893,48.2609217,1570.548642,1904.685268,4679,0.278065015,203.6774902,194.9249878,162.3752899
35823,B-20-3-04_masks.tif,140,10646,692.3675324,251.3339748,55.78663387,4.505272273,0.975055278,42.89390761,1597.191903,1859.524422,9131,0.85769303,207.8772278,199.1363525,164.4028015
35824,B-20-3-04_masks.tif,141,20976,1176.769553,485.6659786,58.29750773,8.330818891,0.992769513,-4.969748283,627.5048627,2059.060259,7912,0.377192982,197.4739685,187.8234253,135.8346863
35825,B-20-3-04_masks.tif,142,23292,1156.468037,478.1600266,63.51906889,7.527818574,0.991137414,14.48251945,4272.338185,2034.091362,8774,0.376695861,203.5860443,195.7629395,143.1504517
35826,B-20-3-04_masks.tif,143,20238,1093.722871,405.0965161,65.15997406,6.216953306,0.986978784,-53.59186515,5062.777448,1956.449501,9278,0.45844451,201.3165588,195.4295044,140.5580902
35827,B-20-3-04_masks.tif,144,22129,1184.450793,444.2319549,65.67986142,6.763594583,0.98900974,42.56551376,4807.390438,1989.471734,9101,0.411270279,198.8892365,190.2886505,143.8805695
35828,B-20-3-04_masks.tif,145,13325,940.5685425,353.1871169,58.27916769,6.060263571,0.986292007,-10.688209,695.1561726,2009.362627,3272,0.245553471,204.0559235,198.1839905,165.2246399
35829,B-20-3-04_masks.tif,146,16980,1010.325902,423.822565,62.25949726,6.807356044,0.989151362,10.99429306,954.7684335,2043.724912,3356,0.197644287,195.1001129,186.7088776,140.8930206
35830,B-20-3-04_masks.tif,147,14494,909.7401154,349.7356387,57.97410377,6.032618289,0.986165198,-13.98491987,731.0066924,2046.859666,7581,0.523044018,202.7707367,193.9846954,149.4636536
35831,B-20-3-04_masks.tif,148,14542,1004.651804,354.4092339,59.82660539,5.92394022,0.985649199,49.38214247,4139.861298,1998.756361,8211,0.564640352,205.2194672,199.719162,167.4090881
35832,B-20-3-04_masks.tif,149,19213,1078.468037,411.8175864,68.79784499,5.985908228,0.985946896,16.1648175,1563.709468,2073.599802,9463,0.492531099,202.6736755,194.3398438,161.1337891
35833,B-20-3-04_masks.tif,150,16433,1141.865007,424.144319,51.64184146,8.213191222,0.992560141,48.30813697,4129.889856,2047.755979,7836,0.476845372,203.0293579,196.8027039,157.323761
35834,B-20-3-04_masks.tif,151,12102,774.8111832,289.2518921,58.42468446,4.950850737,0.979388515,23.1599389,827.9011734,2053.47769,6021,0.497521071,202.8666382,194.1343689,153.5715027
35835,B-20-3-04_masks.tif,152,9664,736.3259018,284.1097659,46.50758825,6.108890539,0.986510857,18.76955178,873.3464404,2051.262314,4973,0.514590232,201.7130432,193.7663422,172.4815979
35836,B-20-3-04_masks.tif,153,12845,845.8406204,341.1178431,49.87465632,6.839502631,0.989253655,13.56207586,1523.684624,2107.961931,7973,0.620708447,205.71492,196.3833008,159.1303101
35837,B-20-3-04_masks.tif,154,19363,1055.965512,385.0722004,65.66091696,5.864557156,0.985354932,-51.10117919,1253.979239,2081.42354,10687,0.551928937,202.8325958,196.723114,143.7115173
35838,B-20-3-04_masks.tif,155,9564,623.3553391,242.4070817,51.31605471,4.723805894,0.977336059,13.90810465,1472.286282,2090.304266,8260,0.863655374,208.0453949,199.7550812,167.6812286
35839,B-20-3-04_masks.tif,156,4935,396.8700577,143.0393799,50.81750568,2.814765857,0.93476398,16.21457657,5414.159068,2076.891996,0,0,,,
35840,B-20-3-04_masks.tif,157,10743,699.9827561,268.713814,53.88410916,4.986884227,0.979688379,28.63022712,1436.651308,2154.492321,7762,0.722516988,201.3317413,194.2384644,154.739624
35841,B-20-3-04_masks.tif,158,14626,928.2253967,378.9951188,57.91278466,6.544239256,0.988256182,70.77332194,3455.90428,2102.201149,8665,0.592438124,204.7339935,196.5906525,164.1613312
35842,B-20-3-04_masks.tif,159,9718,677.9827561,244.4001239,54.62394864,4.47423026,0.974703441,27.50022628,1398.232147,2176.641799,4393,0.452047746,198.2085114,185.4382019,158.9874725
35843,B-20-3-04_masks.tif,160,12186,768.3259018,291.8317344,56.20926944,5.191879157,0.981275685,70.68290675,3428.266289,2136.790169,5101,0.418595109,190.8400269,183.9715729,147.8929596
35844,B-20-3-04_masks.tif,161,17423,806.1248917,261.8682068,87.88772667,2.97957652,0.941998115,56.99143396,1766.448545,2216.105895,9620,0.552143718,201.457489,196.6601868,169.8663177
35845,B-20-3-04_masks.tif,162,13530,964.0243866,372.045677,50.23030503,7.406797088,0.990844083,24.02806264,1420.453215,2359.132668,6252,0.462084257,202.4585724,193.053421,160.2423248
35846,B-20-3-04_masks.tif,163,6866,521.254834,193.0938716,46.57135635,4.146193857,0.970479144,30.32555474,1704.235363,2259.243227,3003,0.43737256,202.1874847,192.587738,165.1498566
35847,B-20-3-04_masks.tif,164,6035,436.1837662,156.8632756,51.47695039,3.047252691,0.944620609,33.28163813,1670.386744,2283.23894,4351,0.72096106,203.6628418,197.5803223,165.4750671
35848,B-20-3-04_masks.tif,165,27686,1210.183766,536.0449776,70.44968575,7.608905162,0.991326123,89.93107118,873.5430904,2301.863361,9825,0.354872499,196.7947083,189.6919098,134.0828552
35849,B-20-3-04_masks.tif,166,7910,534.1837662,197.1413861,53.26532962,3.701120175,0.962807452,22.81097704,1477.711504,2380.212516,7447,0.941466498,202.2527161,195.8907013,162.4951019
35850,B-20-3-04_masks.tif,167,23624,1044.769553,457.1488546,66.56089336,6.868129792,0.989343533,86.86468286,4708.858026,2349.07522,8591,0.363655604,195.6794281,186.7780304,135.4026337
35851,B-20-3-04_masks.tif,168,18450,1189.095454,464.6215812,56.45009538,8.230660693,0.992591807,-20.22152379,5059.201518,2512.170407,7937,0.430189702,199.9332275,193.5076294,151.385025
35852,B-20-3-04_masks.tif,169,21827,1161.195959,436.5664687,71.86199902,6.075067137,0.986359193,-20.33247056,5100.606038,2540.244605,8331,0.381683236,203.9445496,197.6929474,147.4741364
35853,B-20-3-04_masks.tif,170,13314,608.0832611,206.2099323,82.87925493,2.48807657,0.91567615,30.79737909,1714.021932,2471.330554,6837,0.513519603,201.2376709,190.6641846,129.5932465
35854,B-20-3-04_masks.tif,171,4364,366.2842712,134.731885,42.16254276,3.195535093,0.949774006,30.52330645,1773.124656,2451.108387,0,0,,,
35855,B-20-3-04_masks.tif,172,7740,463.4558441,178.6814626,56.04238968,3.188326972,0.949540609,-12.1156741,1562.658527,2489.783075,5583,0.721317829,199.5806885,192.6131134,150.7390289
35856,B-20-3-04_masks.tif,173,8097,525.1126984,207.8986565,50.60621398,4.108164594,0.969921554,-11.02527436,1607.302705,2512.248364,5631,0.695442757,198.5041809,190.2915955,148.8401642
35857,B-20-3-04_masks.tif,174,16956,974.6518036,349.9049894,62.9295848,5.560262164,0.983694479,50.34496252,5307.751828,2633.338759,7574,0.446685539,196.8687592,189.9969635,133.5575714
35858,B-20-3-04_masks.tif,175,14629,963.3969696,374.6675656,52.60321837,7.122521724,0.990094905,15.79369137,1130.752751,2691.263176,5000,0.341786862,199.7872009,190.613205,158.8166046
35859,B-20-3-04_masks.tif,176,16386,781.254834,308.7617749,68.21442986,4.526341063,0.975289894,-14.74292426,1444.106371,2662.360124,6954,0.424386672,200.8087463,193.4644775,143.1968689
35860,B-20-3-04_masks.tif,177,30298,936.0832611,361.0884803,107.4239749,3.361339783,0.954721687,-87.87005908,260.9728365,2602.830022,15225,0.502508416,198.5462799,195.5795746,162.3442383
35861,B-20-3-04_masks.tif,178,14577,998.8111832,400.6043082,59.11085235,6.777170219,0.98905397,13.38677279,1182.310764,2731.064965,5403,0.370652398,195.3759003,186.2792969,157.587265
35862,B-20-3-04_masks.tif,179,17317,1057.379726,371.5721858,60.67391694,6.124084361,0.986578161,42.39352812,4520.355547,2724.029335,7385,0.426459548,195.015976,188.0155792,144.3805084
35863,B-20-3-04_masks.tif,180,9470,758.3675324,264.9524472,49.85186223,5.314795383,0.982139538,36.47747622,5229.15491,2705.604013,5695,0.601372756,199.640213,192.6140442,154.0319519
35864,B-20-3-04_masks.tif,181,11969,783.7817459,282.6824458,57.82485116,4.888597897,0.978854522,36.46668635,5266.142034,2684.809257,8186,0.683933495,205.8768616,199.0907593,166.9487
35865,B-20-3-04_masks.tif,182,17234,1071.480231,379.9722581,72.37394686,5.250124867,0.981692695,41.88998435,4479.248752,2752.016421,7253,0.420854126,199.8836365,192.7855988,143.8818359
35866,B-20-3-04_masks.tif,183,12803,787.0121933,323.2689911,58.72998387,5.504326236,0.983358578,-4.723165553,5084.518785,2762.695774,7186,0.561274701,202.080719,198.6153564,153.1895294
35867,B-20-3-04_masks.tif,184,14371,1001.882251,371.5496232,51.75867541,7.178499454,0.99024954,-70.34087585,1627.003897,2721.480412,9854,0.685686452,198.4415436,192.4936066,148.579361
35868,B-20-3-04_masks.tif,185,20718,888.3259018,334.3813698,83.69585117,3.995196478,0.968168177,12.89018394,5208.542041,2824.182305,8387,0.404817067,192.0479279,181.6976318,117.8299713
35869,B-20-3-04_masks.tif,186,17296,817.5979797,317.3815121,74.81784358,4.242056399,0.971817441,3.366711574,5136.388414,2829.233407,6877,0.397606383,200.4232941,189.6143646,129.7776642
35870,B-20-3-04_masks.tif,187,17259,1043.580736,393.3740063,59.68026521,6.591358214,0.988424465,58.00708381,780.024509,2784.607683,7786,0.451126948,200.919342,192.5319824,163.538269
35871,B-20-3-04_masks.tif,188,18804,1008.409163,348.4139678,71.87538236,4.847472895,0.978490253,54.56648609,948.3243991,2798.143533,7620,0.405232929,193.5339966,184.1055145,137.0399017
35872,B-20-3-04_masks.tif,189,12269,841.6812409,310.5769522,53.1974206,5.8381957,0.985221384,-55.26786483,1625.537697,2808.236042,9169,0.747330671,200.4867554,195.0955353,144.5129242
35873,B-20-3-04_masks.tif,190,5217,401.2132034,151.6175703,44.99076581,3.369970871,0.954958785,-7.475098491,2084.33295,2859.01936,4354,0.83457926,209.0870514,202.0436401,151.8491058
35874,B-20-3-04_masks.tif,191,15943,845.1126984,350.7334307,61.27438435,5.723981309,0.984621075,-87.23832211,452.8645801,3021.308035,8337,0.522925422,197.5206909,192.8435822,156.4254456
35875,B-20-3-04_masks.tif,192,12503,799.1126984,328.2615886,55.90814721,5.871444592,0.985389525,-87.4859334,441.4710869,3067.566744,7366,0.589138607,194.960495,191.4625244,157.0773773
35876,B-20-3-04_masks.tif,193,16779,957.254834,412.1498173,54.37084336,7.580346226,0.991260353,9.350795409,5157.828059,3241.798319,5534,0.329817033,191.7679749,187.2869568,145.2515411
35877,B-20-3-04_masks.tif,194,11848,713.6984848,295.100122,53.74201802,5.491050259,0.983277326,6.748683773,5119.015783,3288.48734,5674,0.478899392,197.8815613,192.6572113,150.613678
35878,B-20-3-04_masks.tif,195,9635,733.1126984,312.6952387,46.66079701,6.701455155,0.988803821,-8.563413101,4499.510535,3417.595745,5641,0.585469642,199.651123,193.429184,157.1432343
35879,B-20-3-04_masks.tif,196,13199,878.5269119,364.5910008,48.38110022,7.535814588,0.991156295,-5.362946216,4533.725737,3452.659292,6502,0.492613077,201.5873566,196.2713013,163.7600708
35880,B-20-3-04_masks.tif,197,17366,943.4974747,386.570561,58.00521309,6.664410669,0.988678292,13.94833224,5248.039675,3463.1511,9111,0.52464586,191.6720428,188.4114838,140.9763947
35881,B-20-3-04_masks.tif,198,9407,538.8700577,209.2589443,60.20644283,3.475690216,0.957716784,74.7723115,5355.571277,3400.887105,3091,0.328585096,192.3319244,182.2911682,123.5849228
35882,B-20-3-04_masks.tif,199,5057,446.7695526,156.1861843,45.51462161,3.431560645,0.956597459,64.22610942,5380.359897,3456.373937,1304,0.257860392,204.3972321,194.493103,163.4363556
35883,B-20-3-04_masks.tif,200,10286,565.7989899,218.4616312,65.38202906,3.341310056,0.954164138,-4.553393772,4448.369143,3561.315575,6095,0.592552985,203.2940063,198.2505341,150.5632477
35884,B-20-3-04_masks.tif,201,10299,744.7106781,235.2252797,58.75740697,4.003329823,0.968299503,-56.27677698,5002.887562,3505.5719,5905,0.573356637,192.3331146,185.3774719,138.2536774
35885,B-20-3-04_masks.tif,202,10947,636.5685425,237.4462864,60.12849158,3.948981259,0.967406137,-58.9266501,5038.204166,3543.919978,7405,0.676441034,194.4245758,187.3744812,145.1099243
35886,B-20-3-04_masks.tif,203,14476,814.6690476,332.8835056,66.10904623,5.035369961,0.980081614,84.24177989,4719.586557,3544.952266,7292,0.503730312,195.1607208,188.7401276,152.4370575
35887,B-20-3-04_masks.tif,204,6516,413.2132034,134.02312,71.05525923,1.886181565,0.847890333,66.94370996,5387.725138,3543.001228,784,0.120319214,187.1173401,182.1122437,167.082901
35888,B-20-3-04_masks.tif,205,8895,593.1126984,234.9472359,49.28010155,4.767588307,0.977755124,79.49351936,4739.564137,3589.361889,2582,0.290275436,196.2161102,187.669632,152.4651489
35889,B-20-3-04_masks.tif,206,3419,359.2132034,131.2023497,35.25716744,3.721295817,0.963217332,74.76425212,525.9391635,3621.889734,1230,0.359754314,191.5837402,181.1642303,151.6682892
35890,B-20-3-04_masks.tif,207,5836,507.7989899,218.5358791,36.73375421,5.949184442,0.985771608,88.30578676,4713.356408,3629.715216,2316,0.396847156,187.9749603,176.09758,137.2262573
35891,B-20-3-05_masks.tif,1,2360,230.1421356,63.77077816,51.81737569,1.230683286,0.5828821,-8.70424695,694.7411017,29.36144068,1813,0.768220339,200.855484,194.0623322,150.3425293
35892,B-20-3-05_masks.tif,2,7098,584.1837662,209.7059084,48.10560047,4.359282628,0.973333286,16.05712091,760.1715976,86.23612285,4860,0.684699915,201.7524719,194.2185211,152.971405
35893,B-20-3-05_masks.tif,3,6667,517.3553391,191.5599668,46.24537033,4.142251764,0.970422072,19.94568277,805.8971051,80.36688166,4449,0.667316634,196.5021362,193.1215973,134.3890686
35894,B-20-3-05_masks.tif,4,10521,814.6690476,339.245577,49.51511328,6.851354154,0.989291002,72.43112252,1069.364794,41.52171847,1642,0.156068815,173.3897705,178.9695435,113.7734451
35895,B-20-3-05_masks.tif,5,4117,342.5269119,106.0868529,52.40964668,2.024185616,0.86944722,-49.58748707,4256.205732,37.87418023,2969,0.721156182,208.6668854,203.5055542,131.4967957
35896,B-20-3-05_masks.tif,6,9293,584.627417,245.3866337,49.37916287,4.969436894,0.979544011,-0.540215035,460.1799204,129.9254277,7872,0.847089207,195.0877838,185.4260712,141.73349
35897,B-20-3-05_masks.tif,7,3977,304.7279221,111.3088617,48.69812494,2.285690914,0.899216234,7.276788711,648.5634901,49.58259995,2670,0.671360322,205.2228394,198.6906433,165.9752808
35898,B-20-3-05_masks.tif,8,14198,836.6690476,339.0369406,59.73491546,5.675691311,0.984356179,75.15882817,979.5423299,62.46048739,9119,0.64227356,193.8508606,189.5989685,132.8642426
35899,B-20-3-05_masks.tif,9,2761,252.7279221,90.55244837,40.95374452,2.211090815,0.891883376,-17.1791637,1918.960159,41.23505976,2409,0.87250996,211.1834717,204.7335052,168.4678345
35900,B-20-3-05_masks.tif,10,3229,366.0416306,141.3909666,36.36663959,3.887930481,0.966356532,-32.07073298,1949.291112,49.93124806,1353,0.419015175,217.726532,213.9113007,158.9512177
35901,B-20-3-05_masks.tif,11,15026,915.3380951,339.2904258,58.47541306,5.802274974,0.985036441,37.11381628,3405.588247,131.8667643,8114,0.539997338,196.879837,195.0446167,137.5471954
35902,B-20-3-05_masks.tif,12,16845,964.3259018,385.5358647,61.33319087,6.285925438,0.987264799,11.61703232,5372.869813,193.44019,2679,0.15903829,182.0085907,179.4725647,122.0130615
35903,B-20-3-05_masks.tif,13,9309,596.2842712,221.4940234,57.20227979,3.872118807,0.966076374,7.419402665,512.4058438,110.0514556,7168,0.77000752,194.8279877,186.3546295,127.5273438
35904,B-20-3-05_masks.tif,14,16357,841.5979797,312.1559333,72.02886635,4.333761575,0.973013919,-82.96728272,2961.536345,48.19795806,7582,0.463532433,203.2559967,193.5606689,130.7003479
35905,B-20-3-05_masks.tif,15,3077,368.9705627,150.7340572,27.22303204,5.53700473,0.983556066,9.193901506,5419.455639,87.71140721,1944,0.631784205,202.710907,211.9279785,133.1265411
35906,B-20-3-05_masks.tif,16,8927,587.5979797,225.187893,51.18578632,4.399422362,0.973824185,-70.41309653,242.0104178,93.86199171,7391,0.827937717,193.484375,189.90448,136.7180328
35907,B-20-3-05_masks.tif,17,4233,422.6690476,147.0930624,40.0498266,3.672751541,0.962219357,-38.87698473,4185.166549,113.7656508,3176,0.750295299,212.6224823,205.8501282,130.8312378
35908,B-20-3-05_masks.tif,18,16801,1079.882251,459.5734554,50.92711081,9.024141524,0.993841178,73.51966609,2850.57318,140.4894947,0,0,,,
35909,B-20-3-05_masks.tif,19,11278,619.8406204,230.8149716,63.30899509,3.645847976,0.961648559,-21.3754517,349.2980138,184.7035822,6318,0.56020571,199.490036,185.8611908,128.6372223
35910,B-20-3-05_masks.tif,20,10172,604.5269119,240.4968192,54.73651295,4.393718311,0.97375526,-16.90756737,394.7653362,216.8379866,6578,0.646677153,200.1954956,191.3154449,144.773941
35911,B-20-3-05_masks.tif,21,17206,960.8111832,387.5942175,63.73843737,6.081012236,0.986386036,70.625137,3134.957166,171.5338254,7036,0.408927118,196.267334,193.3568726,132.6998291
35912,B-20-3-05_masks.tif,22,5473,384.7279221,150.356409,48.03956511,3.129845341,0.947584723,-86.64614404,66.22930751,178.416956,4478,0.818198429,196.8414459,192.0109406,141.7588196
35913,B-20-3-05_masks.tif,23,15969,1090.551299,401.8819954,52.55665861,7.646642806,0.991411896,55.8778063,3038.024548,300.8155176,4991,0.312543052,195.5085144,189.9807587,140.0651245
35914,B-20-3-05_masks.tif,24,4293,399.4558441,155.8104375,36.32366165,4.289502501,0.972446233,75.2206054,730.4232471,219.4523643,4202,0.978802702,184.8398438,182.2941437,131.1408844
35915,B-20-3-05_masks.tif,25,17280,1112.308658,406.9520839,62.88933173,6.470923966,0.987986934,54.00954373,3099.527141,289.5865162,6292,0.36412037,199.7803497,195.4575653,144.3970184
35916,B-20-3-05_masks.tif,26,8497,543.2132034,222.7346251,50.40045085,4.419298267,0.974062236,-88.02929811,99.85218312,221.0327174,7978,0.938919619,198.0960083,194.5550232,156.8633728
35917,B-20-3-05_masks.tif,27,5133,461.6984848,186.7128474,39.5019515,4.726674006,0.977363874,72.05405823,699.526203,240.9618157,4289,0.835573739,206.9715576,205.7083282,151.6337128
35918,B-20-3-05_masks.tif,28,11552,585.4558441,238.7992,63.89689287,3.737258406,0.963536807,-82.98672165,100.1134868,274.732687,9120,0.789473684,192.660202,187.5442963,138.2698517
35919,B-20-3-05_masks.tif,29,16162,1016.551299,366.1293366,57.41921993,6.376424777,0.987625979,-48.64422803,1857.634451,394.1589531,7947,0.491708947,206.9115448,200.768219,141.7583923
35920,B-20-3-05_masks.tif,30,9221,601.9411255,237.5882436,50.43785098,4.710514801,0.977206489,-76.73940762,569.4644832,315.712721,8437,0.914976684,198.9126434,192.7642517,149.5683289
35921,B-20-3-05_masks.tif,31,3680,313.2132034,113.6428523,42.28114601,2.687790256,0.928211551,-68.45549327,4811.28913,306.3858696,3215,0.873641304,197.1026459,191.0003052,124.7853775
35922,B-20-3-05_masks.tif,32,3636,352.5269119,123.652964,38.95010088,3.174650673,0.949093235,-55.96351584,4718.95242,354.0253025,2800,0.770077008,207.8678589,201.7842865,134.1296387
35923,B-20-3-05_masks.tif,33,14500,729.0121933,292.2583448,63.63601135,4.592656557,0.976007054,-14.10941108,237.1969655,454.2628276,10523,0.725724138,196.0011444,186.6288147,135.3286133
35924,B-20-3-05_masks.tif,34,4147,387.4558441,145.2587544,40.68911157,3.569966233,0.95996654,-71.75362314,557.8816012,360.7304075,3036,0.732095491,199.35112,198.2631683,149.860672
35925,B-20-3-05_masks.tif,35,9600,684.1248917,238.7016199,52.41798789,4.553811193,0.975590833,-49.07593251,650.426875,411.86875,8705,0.906770833,202.1929932,196.550827,153.8660583
35926,B-20-3-05_masks.tif,36,10439,644.4680374,229.0042592,59.28999388,3.862443631,0.965903205,-48.57233389,4757.214772,412.6959479,8768,0.839927196,208.260498,200.199707,138.9591675
35927,B-20-3-05_masks.tif,37,10315,633.4558441,258.5564217,51.45830981,5.024580533,0.979995106,-4.676140669,800.3973825,474.3453223,3774,0.365874939,208.456543,198.4994659,154.8592987
35928,B-20-3-05_masks.tif,38,7602,480.7279221,203.3745402,51.36227382,3.959609361,0.967583802,2.322410439,848.1518022,463.6328598,7055,0.928045251,195.9569092,185.5289917,128.5024872
35929,B-20-3-05_masks.tif,39,6945,507.4974747,180.4765219,49.4966545,3.646236775,0.961656901,-36.73645154,695.263067,444.5353492,4836,0.696328294,206.9030151,202.4997864,163.973526
35930,B-20-3-05_masks.tif,40,15205,1029.823376,373.9011248,65.08809906,5.74453902,0.984731801,32.82601812,3149.514765,531.2370931,6831,0.449260112,194.5800018,191.5401917,142.7867126
35931,B-20-3-05_masks.tif,41,9431,571.1543289,192.576243,63.40545788,3.03721871,0.944243274,-40.23896564,4801.89174,451.9255646,6990,0.741172728,211.4781189,202.1576538,137.7476349
35932,B-20-3-05_masks.tif,42,20972,1067.355339,446.5205884,61.87816904,7.216124771,0.990351448,87.03669484,1532.419416,415.7731261,7964,0.379744421,200.0051422,193.2088165,153.5865173
35933,B-20-3-05_masks.tif,43,15683,939.0954544,334.8562159,62.92619754,5.321411892,0.982184328,30.83436041,3195.677804,517.3071479,10229,0.652234904,203.7846375,198.6034851,158.5087433
35934,B-20-3-05_masks.tif,44,21558,1084.083261,442.5915549,72.52434945,6.102661496,0.986483117,85.35530839,1509.455191,466.4312088,11801,0.547406995,202.0877075,193.8311157,143.0488129
35935,B-20-3-05_masks.tif,45,15724,981.4386002,365.3998633,64.39304651,5.674523619,0.984349689,27.80580292,5008.484419,564.7465022,9241,0.587700331,204.1130829,200.7042542,153.4551392
35936,B-20-3-05_masks.tif,46,23319,1320.007143,479.8148613,72.60038072,6.60898547,0.98848649,38.02543573,1451.7677,615.8364424,10648,0.456623354,195.7030487,189.0918427,139.3991394
35937,B-20-3-05_masks.tif,47,15138,831.1126984,335.0844247,59.50945704,5.630776037,0.984103587,85.7800833,4369.91888,480.9847404,5133,0.33908046,206.6352997,199.0732574,160.0504608
35938,B-20-3-05_masks.tif,48,14163,776.5685425,302.8494891,62.16828403,4.871446813,0.978703742,21.890042,4933.658829,612.9783944,8962,0.632775542,208.2827454,197.9046021,152.2838593
35939,B-20-3-05_masks.tif,49,9882,817.6812409,290.8122128,48.94151578,5.942035267,0.985737101,44.73061758,1096.560615,566.2419551,7150,0.723537745,195.5341187,190.980835,157.7869873
35940,B-20-3-05_masks.tif,50,16252,1110.450793,405.4660153,53.37215944,7.596957281,0.991298698,39.87350943,1409.670625,638.630384,5678,0.349372385,196.6060181,188.7182159,152.0947571
35941,B-20-3-05_masks.tif,51,14304,849.2964646,324.5620703,65.58363362,4.948827205,0.979371478,25.37694981,4889.621225,640.0248881,11688,0.817114094,206.5835114,201.7505951,149.8382111
35942,B-20-3-05_masks.tif,52,11363,701.7401154,261.4784134,57.14211439,4.575931713,0.975829171,67.09456531,480.5246854,547.3301945,8717,0.76713896,194.8803558,191.8782806,146.4461365
35943,B-20-3-05_masks.tif,53,16850,1059.39697,418.9392353,56.97736878,7.352730465,0.990708302,78.1646043,4391.753531,542.44273,13395,0.79495549,207.7914124,201.2995911,164.1225128
35944,B-20-3-05_masks.tif,54,13511,745.1126984,307.3419527,59.77732591,5.141446995,0.980902959,81.20420903,1573.739842,543.6953593,4632,0.342831767,190.2102814,184.6036224,138.1476746
35945,B-20-3-05_masks.tif,55,8757,657.1543289,252.3674004,44.86794326,5.62467058,0.984068778,26.1474882,4985.799931,616.0269499,7866,0.898252826,206.3679199,200.8900299,157.9466095
35946,B-20-3-05_masks.tif,56,10828,660.627417,282.6064615,50.60877332,5.584139725,0.983834768,-1.199831556,698.9670299,659.6517362,8864,0.818618397,199.0938568,188.4949188,138.501236
35947,B-20-3-05_masks.tif,57,19848,1265.053824,514.0054931,51.21019081,10.037172,0.995024588,78.33031311,4348.600262,578.1130089,9289,0.468006852,203.7532501,199.6021118,157.8127899
35948,B-20-3-05_masks.tif,58,11336,754.5685425,289.6858299,54.80693506,5.285568871,0.981939653,66.49325843,457.4341037,589.1316161,7639,0.673870854,193.6919708,190.03862,146.9265594
35949,B-20-3-05_masks.tif,59,5787,506.3259018,179.5581586,45.48192784,3.947901223,0.967388001,52.47140314,1065.017453,587.0317954,4289,0.741143943,191.0554962,185.9685211,144.9039459
35950,B-20-3-05_masks.tif,60,4562,359.5563492,145.9948157,41.7642597,3.495687863,0.958209698,-8.338081969,745.5260851,598.648619,3914,0.857957036,201.693924,195.9271851,162.68013
35951,B-20-3-05_masks.tif,61,4984,324.9705627,113.6956385,57.50859541,1.977019917,0.862643857,-20.13551512,839.4833467,590.6623194,1650,0.33105939,204.1369629,197.3139343,148.7006073
35952,B-20-3-05_masks.tif,62,8822,634.2253967,218.7666587,52.47780048,4.168746722,0.970802486,47.56172874,1011.521197,618.5408071,6963,0.789276808,200.3930817,195.2445831,149.7255554
35953,B-20-3-05_masks.tif,63,16915,1139.781746,448.0923843,72.24107162,6.202737228,0.986918632,73.78668728,4335.683003,661.4703518,4204,0.248536802,198.1665039,193.6025238,143.3779755
35954,B-20-3-05_masks.tif,64,9965,739.2964646,273.8938225,55.70759964,4.916632996,0.979097549,47.87432855,987.0611139,661.0789764,8293,0.832212745,196.9016113,191.2440643,143.9271698
35955,B-20-3-05_masks.tif,65,12898,879.3380951,304.9631721,56.24059178,5.422474452,0.982847969,41.83805596,4824.848038,747.0276012,11177,0.86656846,209.0443726,201.6785431,152.7383881
35956,B-20-3-05_masks.tif,66,10411,979.3380951,321.5010681,48.6103979,6.613833296,0.98850346,44.01012797,4865.1168,726.6802421,647,0.062145807,224.9149933,218.5966034,172.8639832
35957,B-20-3-05_masks.tif,67,13569,917.6812409,309.9505338,58.27756889,5.318522026,0.982164786,56.43031759,4743.671089,759.4479328,5761,0.424570713,188.9486237,185.2924805,144.8719025
35958,B-20-3-05_masks.tif,68,6406,545.0121933,210.0693456,43.80891378,4.795127919,0.97801277,-27.21090963,617.9612863,774.210896,5720,0.892912894,201.7138062,190.8333893,140.8288422
35959,B-20-3-05_masks.tif,69,15102,944.4091629,345.898446,58.09726696,5.953781719,0.985793731,44.7361449,278.6898424,805.2697656,8498,0.562706926,189.1221466,181.221344,135.8878632
35960,B-20-3-05_masks.tif,70,9632,740.8111832,286.1320316,43.5589708,6.568842796,0.988344508,26.38706366,423.3018065,818.3821636,8017,0.832329734,203.3667145,197.8379669,166.7738495
35961,B-20-3-05_masks.tif,71,7873,499.0121933,177.2562221,58.19581376,3.045858638,0.944568416,-28.18622129,579.6566747,759.7252636,6379,0.810237521,206.7060699,197.502121,150.5464783
35962,B-20-3-05_masks.tif,72,9933,786.2253967,298.0960302,46.21346405,6.450415183,0.987909954,23.38351448,386.5063928,837.7628108,7989,0.804288735,202.9474335,197.3394623,167.5570221
35963,B-20-3-05_masks.tif,73,7299,515.9411255,198.7974027,49.63319011,4.005331961,0.968331705,-69.23156156,923.9035484,794.3033292,6308,0.864227976,202.8887177,196.0034943,154.3489227
35964,B-20-3-05_masks.tif,74,8240,640.6690476,249.7235659,43.33286648,5.762913607,0.984829758,-68.74265781,971.4252427,822.7737864,6947,0.843082524,206.5662842,202.4744568,162.7151337
35965,B-20-3-05_masks.tif,75,9610,663.0121933,262.252367,56.10209178,4.674555951,0.976850293,-75.32960328,1112.003122,824.3755463,0,0,,,
35966,B-20-3-05_masks.tif,76,9642,668.1837662,258.4806135,48.39079003,5.341524974,0.982319448,-76.6307008,1123.37347,863.079859,60,0.006222775,226.6833344,205.2166595,202.9833374
35967,B-20-3-05_masks.tif,77,15134,985.6984848,444.3178483,46.16115613,9.62536222,0.994588564,-2.968969679,2476.798401,1060.650192,10160,0.671336064,208.5812988,199.5699768,160.2486267
35968,B-20-3-05_masks.tif,78,10951,692.3259018,251.1595531,56.61782378,4.436050987,0.974260357,-70.10896077,1421.966122,891.071409,6431,0.587252306,199.6894684,196.3870392,135.3968353
35969,B-20-3-05_masks.tif,79,14466,855.1543289,338.6283356,58.33663587,5.804728547,0.985049184,15.09414063,1582.080188,1006.925066,6480,0.44794691,192.3311768,185.8771667,133.4490814
35970,B-20-3-05_masks.tif,80,16783,1083.154329,432.8645297,71.57318687,6.047858823,0.986235323,-1.163976565,2437.002145,1071.275517,10091,0.601263183,207.5595093,199.0849304,169.5363159
35971,B-20-3-05_masks.tif,81,11549,664.1837662,258.3608212,58.16134549,4.442139689,0.974331799,-76.34369657,1125.226946,914.2564724,8991,0.778508962,205.0669556,197.6834564,146.0664063
35972,B-20-3-05_masks.tif,82,11881,880.3675324,342.5521181,54.03159611,6.339848215,0.98748188,-61.54786722,4773.018349,933.6570154,6312,0.531268412,208.9898682,202.5709686,153.5833282
35973,B-20-3-05_masks.tif,83,10257,662.7106781,231.2681501,57.39410006,4.029476024,0.968716183,-44.14945311,4919.316467,949.1206981,6554,0.638978259,208.6527252,198.7059784,145.3956299
35974,B-20-3-05_masks.tif,84,6921,525.6984848,215.6288815,41.83196872,5.154643401,0.981001561,-75.38616903,633.8631701,906.520445,2314,0.334344748,195.8305969,192.606308,139.9991302
35975,B-20-3-05_masks.tif,85,14972,949.0121933,399.5269005,64.43421184,6.200539885,0.986909298,0.565477853,2544.706452,1055.553032,9269,0.619088966,205.5030823,199.399292,162.228714
35976,B-20-3-05_masks.tif,86,12220,801.1959595,290.2152862,56.04341427,5.178401245,0.981177154,-35.01954386,4977.163421,1022.837234,8275,0.677168576,210.1457367,201.049057,142.3167419
35977,B-20-3-05_masks.tif,87,10686,728.6690476,280.9413026,54.25007434,5.178634426,0.981178865,-72.57592489,1146.757065,957.7468651,4504,0.421486057,199.694931,191.7164764,129.208252
35978,B-20-3-05_masks.tif,88,10284,767.4386002,284.518794,47.76010602,5.957247957,0.985810377,-39.0052985,4931.24086,1010.71091,7292,0.709062622,208.7273712,198.9738007,143.2720795
35979,B-20-3-05_masks.tif,89,7271,562.6690476,209.8578039,45.32416057,4.63015313,0.976398766,-62.80711354,4788.15885,964.4897538,5446,0.749002888,209.1344147,202.7197876,149.7846069
35980,B-20-3-05_masks.tif,90,6383,464.0416306,186.317957,45.23333879,4.119040558,0.970082629,-82.28309348,610.5859314,956.9949867,5751,0.900986997,198.2627411,194.5805969,141.0500793
35981,B-20-3-05_masks.tif,91,8263,557.9827561,208.042646,52.3691733,3.972616577,0.967799256,-49.42748219,1292.801888,1020.944693,6705,0.811448626,205.1568909,200.2659149,159.602829
35982,B-20-3-05_masks.tif,92,21863,1263.965512,483.108932,59.44500841,8.126989044,0.992400869,29.19776241,3427.492339,1156.76554,6886,0.31496135,191.670929,185.8189087,134.2966919
35983,B-20-3-05_masks.tif,93,15953,1074.994949,395.0202341,61.43515744,6.429872577,0.987832102,-31.30015637,3176.739109,1137.484486,6813,0.427067009,205.9280853,196.6980743,143.1122894
35984,B-20-3-05_masks.tif,94,6536,515.1543289,186.0687751,45.66355808,4.074776101,0.969418807,-49.64615132,1334.372246,1041.552632,4722,0.72246022,204.4343567,197.8146973,145.8360901
35985,B-20-3-05_masks.tif,95,6620,508.9705627,223.5461486,38.21939519,5.84902371,0.98527646,-87.07618092,710.7161631,1015.33716,5711,0.862688822,198.5181274,196.6727295,157.4501801
35986,B-20-3-05_masks.tif,96,19666,1143.923882,432.714953,63.62443763,6.801080986,0.989131223,-24.75766169,3202.945693,1198.831333,7191,0.365656463,206.0656433,194.6285706,128.814209
35987,B-20-3-05_masks.tif,97,20847,1236.651804,445.7572022,88.55430574,5.033715735,0.980068387,28.69050111,5269.499065,1176.487312,10298,0.493979949,203.470871,199.2614136,148.6078796
35988,B-20-3-05_masks.tif,98,21538,1128.325902,494.791731,57.87207068,8.549749908,0.993136334,8.289276984,1446.488207,1252.867304,7157,0.332296406,195.1085663,185.6219025,124.8300934
35989,B-20-3-05_masks.tif,99,21549,1303.480231,480.9957647,92.63029239,5.192640035,0.981281224,32.24137004,5101.918743,1254.77159,7096,0.329296023,200.4138947,194.1448669,130.5312805
35990,B-20-3-05_masks.tif,100,18116,1200.409163,395.2350956,63.0878556,6.264836423,0.987178357,26.19937148,5238.771362,1225.487911,11293,0.623371605,203.022934,196.9783936,152.9247284
35991,B-20-3-05_masks.tif,101,16844,1064.066017,377.2937579,58.24905367,6.477251289,0.988010534,30.87638204,4440.675374,1197.629067,7739,0.459451437,189.678772,185.2780762,132.280014
35992,B-20-3-05_masks.tif,102,20480,1133.63961,462.796429,60.94925727,7.593143045,0.991289916,13.89415753,3400.601025,1275.383643,9257,0.452001953,202.1392517,197.7951813,138.5709229
35993,B-20-3-05_masks.tif,103,9555,662.9116882,252.70305,49.25800641,5.130192397,0.980818257,-68.07110992,352.0470958,1095.043747,6961,0.7285191,191.7537689,186.9251556,130.1587372
35994,B-20-3-05_masks.tif,104,7835,655.7401154,231.811867,46.262424,5.010802438,0.97988381,28.74209048,5389.517805,1141.267007,2724,0.347670708,191.0029297,191.5690155,136.7298126
35995,B-20-3-05_masks.tif,105,15436,1116.651804,413.8540942,49.34146278,8.387552191,0.992867346,29.44102783,5183.58519,1229.939298,10514,0.681135009,206.8277588,200.9786072,164.3784485
35996,B-20-3-05_masks.tif,106,18847,1219.480231,456.7932076,70.76310321,6.455245557,0.987928151,24.71864945,1750.524115,1237.073699,7561,0.401177906,197.987442,191.6377411,132.6838989
35997,B-20-3-05_masks.tif,107,13774,1066.166522,369.1921158,58.25946329,6.337032561,0.987470683,29.49685346,5143.074779,1241.618629,6641,0.482140264,208.1975555,199.8215637,159.7059174
35998,B-20-3-05_masks.tif,108,14683,849.3553391,365.2199266,54.0404708,6.758266929,0.988992309,-7.860720462,1342.684874,1246.41531,8180,0.557106858,206.3638153,198.0376587,155.0723724
35999,B-20-3-05_masks.tif,109,12902,945.1959595,353.9223182,47.85121105,7.396308483,0.990817976,26.03501541,1716.130135,1256.175399,7272,0.563633545,202.3744507,191.893158,155.2842407
36000,B-20-3-05_masks.tif,110,11487,769.4558441,340.2585479,44.14967722,7.706931723,0.991546305,-1.095117667,1392.194568,1262.00444,6611,0.575520153,205.3057098,196.2119141,157.6039886
36001,B-20-3-05_masks.tif,111,9531,632.2253967,223.8008991,55.21896313,4.052971777,0.969083617,34.81741047,5373.077641,1222.316651,5372,0.563634456,188.5621796,188.1174622,141.2306366
36002,B-20-3-05_masks.tif,112,14364,827.2964646,294.6581992,63.77658565,4.620162653,0.976295346,-64.66046824,2198.412559,1195.208299,7112,0.495126706,205.1888428,199.5940704,155.3845673
36003,B-20-3-05_masks.tif,113,13675,877.4974747,352.0451982,51.7469446,6.803207434,0.989138054,-16.63197623,3283.959415,1323.528921,0,0,,,
36004,B-20-3-05_masks.tif,114,21920,1251.03658,482.1375385,59.25999594,8.13596982,0.9924177,-33.03861464,4889.36802,1360.44667,10341,0.471760949,205.3277283,198.3819733,143.0469971
36005,B-20-3-05_masks.tif,115,10542,754.5685425,272.1095648,55.33223786,4.917740097,0.97910706,-21.82186378,3203.874976,1314.546481,5815,0.551603111,206.9600983,197.9728241,157.208252
36006,B-20-3-05_masks.tif,116,13407,947.0538239,373.3505413,58.03053445,6.433691244,0.987846631,-17.02442565,3318.480644,1361.485791,8336,0.62176475,204.4505768,195.7456818,150.3309784
36007,B-20-3-05_masks.tif,117,16609,928.4680374,338.9488271,66.80380896,5.073794928,0.980385172,21.74589732,4432.988199,1356.212776,8834,0.531880306,203.0899963,194.9623108,141.2505035
36008,B-20-3-05_masks.tif,118,19616,1282.693434,482.3938259,69.57764563,6.933172595,0.989543592,34.20703659,4230.101703,1443.121686,9989,0.509227162,197.8207092,195.0254211,150.5037537
36009,B-20-3-05_masks.tif,119,19203,1216.693434,443.0477424,56.24750277,7.876753999,0.991908369,36.44252114,4283.174244,1441.718117,7714,0.401708066,194.4411469,190.5488739,153.147522
36010,B-20-3-05_masks.tif,120,11238,724.0832611,266.2633539,57.3470206,4.643019832,0.976530961,17.69105973,4500.653319,1400.706175,8340,0.742124933,200.2858582,194.9889679,143.2249451
36011,B-20-3-05_masks.tif,121,17776,1063.539105,427.9099288,54.01351201,7.922275611,0.992001465,-19.39398728,4915.826395,1505.911285,6661,0.374718722,207.6779785,199.0581055,161.8925018
36012,B-20-3-05_masks.tif,122,14527,938.509668,342.1799854,69.80700326,4.901800241,0.978969496,43.86463212,4409.937152,1460.226268,4880,0.335926206,194.7913971,191.3739777,144.4280701
36013,B-20-3-05_masks.tif,123,20212,969.254834,400.838776,65.18806286,6.14895977,0.986687268,79.46051878,2004.927964,1426.383089,8071,0.399317237,195.7567902,191.7377014,132.7379456
36014,B-20-3-05_masks.tif,124,7925,677.6396103,243.9835604,43.64560183,5.590106452,0.983869541,-34.42906753,3024.24858,1494.972618,5331,0.672681388,206.7728424,199.2072754,159.1108551
36015,B-20-3-05_masks.tif,125,10066,819.6812409,294.8085403,45.49145349,6.48052585,0.988022721,-46.71969712,1497.760083,1505.542122,4991,0.495827538,200.6050873,193.6293335,144.0793457
36016,B-20-3-05_masks.tif,126,12679,834.5685425,331.7117827,55.95069329,5.928644727,0.985672131,-17.62467715,4859.29537,1533.26745,7654,0.603675369,208.9881134,202.4807892,157.7973633
36017,B-20-3-05_masks.tif,127,16193,887.6984848,386.6336668,57.5736789,6.715458769,0.98885073,0.434791917,4579.259186,1593.331687,5793,0.357747175,193.8543091,189.2715302,135.6048737
36018,B-20-3-05_masks.tif,128,13651,806.7695526,313.2484118,62.58887257,5.004857876,0.979835503,-6.763174319,4994.796791,1588.502381,9201,0.674016556,205.8686066,199.5663452,148.1237946
36019,B-20-3-05_masks.tif,129,15891,995.9411255,440.688992,48.04579327,9.172270078,0.994039089,86.29775096,5235.000063,1440.019067,6507,0.409477062,203.070694,198.8925781,158.3866577
36020,B-20-3-05_masks.tif,130,9430,728.7106781,259.4763017,48.28972949,5.373322742,0.98252994,-34.07905926,2959.894168,1519.181548,6381,0.676670201,208.0769501,200.8108521,159.9008026
36021,B-20-3-05_masks.tif,131,17725,1041.539105,401.9509843,63.08086203,6.371995743,0.987608663,71.00644146,3649.416248,1484.740762,9992,0.563723554,203.8126526,195.8182526,146.5121155
36022,B-20-3-05_masks.tif,132,21140,1138.024387,412.0498274,73.35869367,5.616918824,0.984024418,18.358318,3166.136093,1638.826348,11010,0.520813623,203.9118042,196.7618561,148.5085449
36023,B-20-3-05_masks.tif,133,10492,774.1248917,279.2428888,57.03908102,4.895641442,0.978915979,-36.49635032,1591.784312,1567.07377,7736,0.737323675,206.848114,199.2598267,153.719101
36024,B-20-3-05_masks.tif,134,15292,961.3553391,399.7483624,57.2975222,6.976712902,0.989674376,87.59645337,5196.017068,1482.293814,6025,0.393996861,209.62323,204.3321228,168.7249756
36025,B-20-3-05_masks.tif,135,14248,911.5391052,336.8132407,54.91895441,6.132914298,0.986617044,-64.8081252,1305.441816,1523.508563,9078,0.637142055,207.6184235,203.3388367,162.5799713
36026,B-20-3-05_masks.tif,136,10467,706.1248917,257.4906685,54.23177927,4.74796645,0.977568768,-39.04319084,1554.260246,1547.353683,8765,0.837393714,207.3915558,199.4609222,160.4345703
36027,B-20-3-05_masks.tif,137,16499,1063.195959,420.6454514,72.40112074,5.809930111,0.985076145,68.71420089,3616.825747,1554.713922,6962,0.421964968,202.1134796,196.4679718,150.348465
36028,B-20-3-05_masks.tif,138,10222,660.8700577,274.5318413,49.99960325,5.490680394,0.983275054,-8.782484797,4948.132362,1607.017316,7529,0.736548621,201.4256897,191.8357086,150.870636
36029,B-20-3-05_masks.tif,139,18120,1207.622366,447.2811545,69.26005006,6.457996408,0.987938496,45.55529354,2325.730022,1640.351435,9531,0.525993377,198.1890717,192.0037842,151.6200867
36030,B-20-3-05_masks.tif,140,17977,1077.379726,397.9237601,63.04491503,6.311750279,0.987369464,43.80326607,3279.878122,1665.649663,8173,0.45463648,192.4276276,187.5321198,147.4255524
36031,B-20-3-05_masks.tif,141,16980,1042.994949,372.0172136,67.85202275,5.482772636,0.983226363,-36.15775573,5179.696996,1645.094523,7935,0.467314488,206.7354736,197.5497131,138.3045959
36032,B-20-3-05_masks.tif,142,14565,893.9238816,326.6657779,61.36370718,5.323436163,0.982197997,-47.23156085,5117.816066,1620.880604,7421,0.509509097,199.9186096,191.736557,122.4799881
36033,B-20-3-05_masks.tif,143,12884,753.9827561,287.8686756,58.02600165,4.961028978,0.979473888,-65.85944154,1292.862931,1588.080798,9367,0.727025768,200.8723145,194.7872314,142.5045319
36034,B-20-3-05_masks.tif,144,15574,1157.764502,419.6025498,48.77540437,8.602748767,0.993220931,43.44988902,2316.062797,1688.679787,7556,0.485167587,195.469696,190.4007416,156.4024658
36035,B-20-3-05_masks.tif,145,17815,1160.793939,405.8396844,67.9196904,5.975287608,0.985896537,-45.55359725,2961.27881,1713.547123,9902,0.555823744,208.0379791,198.7923584,146.4376831
36036,B-20-3-05_masks.tif,146,16089,1075.053824,417.4077866,59.96184956,6.961222671,0.989628131,74.35949949,4033.276897,1600.710983,7161,0.445086705,204.9812927,200.6955719,159.3841705
36037,B-20-3-05_masks.tif,147,16870,1025.722871,347.4211011,63.27330034,5.490801005,0.983275795,-46.2066451,2916.547303,1687.643746,8550,0.506816835,209.8444519,200.2104034,147.7907562
36038,B-20-3-05_masks.tif,148,17049,1026.183766,450.0212526,49.58086182,9.0765113,0.993912261,-7.04946382,3494.966391,1774.369523,6496,0.381019415,207.05896,200.0401764,154.6998138
36039,B-20-3-05_masks.tif,149,11938,773.5979797,314.4999131,56.43717952,5.572566095,0.983766996,-9.186793311,3547.462138,1743.267298,6650,0.557044731,204.6754913,195.8941345,152.2654114
36040,B-20-3-05_masks.tif,150,26881,1497.480231,622.4990919,57.99578715,10.7335226,0.995650584,-20.33742226,5183.323425,1840.141364,8370,0.311372345,201.7718048,195.7631989,137.8663025
36041,B-20-3-05_masks.tif,151,14078,920.9116882,378.1286748,49.47509286,7.642808794,0.99140324,75.699792,4002.614789,1634.251385,6483,0.460505754,204.405838,197.7680054,159.0615387
36042,B-20-3-05_masks.tif,152,14360,907.6812409,330.6145453,62.10830362,5.323193938,0.982196362,40.94226101,3157.950139,1763.133983,6048,0.421169916,198.9136963,191.9933929,160.7481842
36043,B-20-3-05_masks.tif,153,20003,1077.59798,452.3417973,58.90317447,7.679412889,0.991485349,84.67179799,1771.673599,1688.729141,11866,0.593211018,204.65625,200.2850952,160.1624756
36044,B-20-3-05_masks.tif,154,11446,901.5807358,322.5458509,48.39762048,6.664498125,0.98867859,-50.29540353,3694.944609,1760.792504,8145,0.711602306,211.1025238,203.4870453,161.9750824
36045,B-20-3-05_masks.tif,155,13534,800.5269119,327.3306346,54.26951458,6.031574764,0.986160377,0.1317971,1219.019802,1840.776637,8540,0.631003399,194.666626,183.3062134,134.965332
36046,B-20-3-05_masks.tif,156,9366,682.9533188,244.3971161,51.65457048,4.73137447,0.977409348,-43.95272372,3642.575806,1747.321909,6240,0.66623959,207.9051208,199.3451996,146.2703552
36047,B-20-3-05_masks.tif,157,9427,551.2132034,235.5178727,51.8123985,4.545589077,0.97550134,88.499248,793.177469,1695.082847,8107,0.859976663,192.4325867,186.8353271,135.6401825
36048,B-20-3-05_masks.tif,158,15106,986.8944443,359.5960689,59.88101294,6.005176787,0.986037572,-42.97040309,2658.991196,1795.9575,8786,0.581623196,209.5399475,202.4441223,159.8602295
36049,B-20-3-05_masks.tif,159,24215,1376.509668,545.7866552,63.44342851,8.602729518,0.9932209,72.4336248,1743.187198,1756.720669,8581,0.354367128,196.8679657,186.2243347,138.6898956
36050,B-20-3-05_masks.tif,160,19741,1034.083261,420.8060857,61.22511143,6.873096281,0.989359011,-80.121704,4047.46097,1720.608581,8341,0.422521655,201.9295044,193.5061798,144.2140045
36051,B-20-3-05_masks.tif,161,13391,968.7523087,352.6662312,54.85038829,6.429603185,0.987831076,-33.4971744,2710.901949,1849.597566,2697,0.201403928,214.3744965,206.9069366,168.5906525
36052,B-20-3-05_masks.tif,162,14571,977.8233765,369.9546317,53.43530878,6.923411507,0.989513931,-52.19368208,3702.90385,1813.77565,9700,0.665705854,211.3898926,201.9781494,155.9554596
36053,B-20-3-05_masks.tif,163,18427,1175.296465,478.4092669,52.89113521,9.045169195,0.993869868,-74.75294,4022.248223,1781.247192,6488,0.352092039,203.8383179,197.1057281,152.2449188
36054,B-20-3-05_masks.tif,164,5325,424.9705627,170.991943,40.52503615,4.21941494,0.971509728,-87.32134591,451.0629108,1730.31662,4724,0.88713615,195.4013519,192.0757904,149.2910614
36055,B-20-3-05_masks.tif,165,16609,986.6101731,358.916525,61.42448917,5.843215464,0.985246955,-26.25290937,1326.666687,1871.039858,10361,0.623818412,206.3891449,196.6159668,151.3812408
36056,B-20-3-05_masks.tif,166,20160,1330.007143,476.9893445,61.79621071,7.718747462,0.991572277,38.93616154,1670.492014,1899.909375,10778,0.534623016,202.9347687,195.2930908,155.562439
36057,B-20-3-05_masks.tif,167,12439,852.4264069,330.4720516,63.46924169,5.206806364,0.981383908,-2.796742722,2126.960929,1887.05531,5380,0.432510652,204.6613312,197.3027954,154.6600342
36058,B-20-3-05_masks.tif,168,15753,783.0121933,317.8610988,65.43776003,4.857456897,0.978579551,-12.03448498,4877.657272,1860.836856,7375,0.468164794,204.1722107,198.6569519,134.9582367
36059,B-20-3-05_masks.tif,169,19883,1152.450793,433.2459779,67.78590307,6.391387564,0.987684209,43.01310039,1713.756878,1859.318111,8661,0.43559825,198.063385,190.1443176,148.3369141
36060,B-20-3-05_masks.tif,170,7621,686.6690476,257.1691282,40.07438568,6.417294335,0.98778406,-18.86594395,2183.517386,1847.161659,4015,0.526833749,199.1208038,189.134491,151.7626343
36061,B-20-3-05_masks.tif,171,14926,991.882251,401.079793,53.11351169,7.551370268,0.991192855,-19.04214722,2248.996851,1892.417057,5692,0.381347983,206.2526398,198.6164856,151.5825653
36062,B-20-3-05_masks.tif,172,20974,1216.693434,434.5112964,70.57470718,6.156756631,0.986721192,-50.88466154,3683.922762,1890.180223,8501,0.405311338,208.7966156,197.784729,144.0018768
36063,B-20-3-05_masks.tif,173,4951,391.7989899,156.8890338,41.33436498,3.795607696,0.964669659,80.3327083,397.8933549,1764.776813,4734,0.956170471,200.8345947,195.9161377,151.1723633
36064,B-20-3-05_masks.tif,174,7948,505.9411255,193.7568957,52.97156511,3.657752895,0.961902735,20.34343733,1148.236034,1820.836437,6110,0.768746855,193.9544983,184.1428833,150.7296295
36065,B-20-3-05_masks.tif,175,19228,1262.166522,463.0546665,55.77520466,8.302159881,0.992719324,22.40729875,1576.716351,1975.700957,7478,0.388912003,199.5397186,186.7193146,142.433136
36066,B-20-3-05_masks.tif,176,12277,821.7401154,308.8092985,52.04728211,5.933245426,0.985694503,19.55150254,2374.983872,1893.7018,5391,0.43911379,195.9206085,188.428299,152.8705292
36067,B-20-3-05_masks.tif,177,12378,843.4386002,308.0252618,52.44773995,5.872993996,0.98539729,-33.11177467,2532.429795,1879.080142,6026,0.486831475,204.3639221,197.2729797,160.4799194
36068,B-20-3-05_masks.tif,178,15503,870.6690476,346.523292,58.98254679,5.875014066,0.985407405,-15.00769755,1374.281558,1920.482681,12095,0.78017158,208.0229797,199.5816498,159.9871063
36069,B-20-3-05_masks.tif,179,11608,820.2670273,296.9115085,51.73246389,5.739365306,0.984704048,52.70464924,1043.682633,1845.78713,8851,0.762491385,188.8312073,179.572937,142.8643036
36070,B-20-3-05_masks.tif,180,15304,1019.781746,413.7413612,49.84689303,8.300243726,0.99271595,-23.33019292,4941.087101,1948.546066,5728,0.374281234,201.8664398,192.5747223,148.9994812
36071,B-20-3-05_masks.tif,181,15667,1015.053824,394.7937164,64.15588056,6.153663747,0.98670775,-12.41888443,5044.090445,1960.942618,10384,0.662794409,201.8306122,195.4772797,150.9000397
36072,B-20-3-05_masks.tif,182,5773,441.1126984,166.7308967,45.50883502,3.663703907,0.962028839,63.91837551,913.5556903,1823.01455,5465,0.94664819,190.688385,183.9048462,138.8622131
36073,B-20-3-05_masks.tif,183,8410,690.5685425,262.3825838,43.30180646,6.059391172,0.986288032,-22.71459188,4919.583591,1900.410464,257,0.030558859,218.2996063,206.2529144,210.4941559
36074,B-20-3-05_masks.tif,184,22853,1236.325902,492.9281967,76.07560058,6.479451926,0.988018726,85.21215749,3037.365072,1840.112152,10526,0.460595983,201.0075073,193.1531372,147.96875
36075,B-20-3-05_masks.tif,185,8520,545.9411255,212.8380249,54.90613152,3.876398117,0.966152543,74.35741879,501.6194836,1843.150235,7555,0.886737089,189.4982147,183.7387085,128.8342896
36076,B-20-3-05_masks.tif,186,16761,1006.852814,383.2134762,61.46813992,6.234343136,0.9870518,27.80673987,1631.591671,1952.888431,11058,0.659745839,203.7706604,195.8522339,160.1790619
36077,B-20-3-05_masks.tif,187,5900,488.0832611,180.7426906,42.80263096,4.222700488,0.971554694,34.88869175,398.4166102,1882.984915,5553,0.941186441,192.4503937,182.6735077,144.4979248
36078,B-20-3-05_masks.tif,188,12108,713.6984848,297.4120737,52.49172911,5.665884487,0.984301546,0.225597558,1439.413528,1963.76404,9872,0.815328708,202.3483582,195.2562866,151.5801239
36079,B-20-3-05_masks.tif,189,6779,525.3553391,196.5972831,45.90394182,4.282797409,0.972358663,-19.99925482,2202.065644,1915.703939,5510,0.812804248,209.0263214,200.9190521,157.6010895
36080,B-20-3-05_masks.tif,190,8558,648.3259018,248.0696134,45.27223329,5.479509081,0.983206206,24.4788554,259.7476046,1926.302758,7517,0.87835943,198.9325562,191.6224518,156.4956818
36081,B-20-3-05_masks.tif,191,6193,471.9411255,180.2206067,44.52188411,4.047910601,0.969005021,66.21605438,905.1036654,1865.03843,5599,0.904085258,201.0178528,192.6429749,151.9548187
36082,B-20-3-05_masks.tif,192,1584,206.1421356,71.33047226,31.66822324,2.252430512,0.896044196,29.09512747,22.68055556,1864.775253,1474,0.930555556,169.8439636,160.0128937,115.7767944
36083,B-20-3-05_masks.tif,193,3971,398.5269119,144.9895879,38.23292251,3.792270597,0.964606311,30.79865119,290.0518761,1903.985394,297,0.074792244,223.4410706,238.1245728,178.1010132
36084,B-20-3-05_masks.tif,194,24918,1290.107648,472.8082336,76.1259604,6.21086724,0.986953083,50.6622637,3061.369652,2017.478209,9228,0.370334698,204.3318176,197.0759583,148.8779755
36085,B-20-3-05_masks.tif,195,22077,1270.350288,438.3656154,69.65034458,6.293803973,0.987296868,50.7973426,3124.785388,1994.523214,9530,0.43167097,199.4058838,192.3422852,150.048584
36086,B-20-3-05_masks.tif,196,8216,641.2964646,238.9887527,44.45096742,5.376457849,0.982550489,44.8123957,384.8031889,1953.110394,7683,0.935126582,192.3285217,183.7581635,150.7141724
36087,B-20-3-05_masks.tif,197,9992,774.5269119,311.3255653,44.50281977,6.995636837,0.989730454,-3.609652598,2001.599079,2035.099079,0,0,,,
36088,B-20-3-05_masks.tif,198,11428,864.1837662,309.5936503,49.83242706,6.212694596,0.986960808,-5.499316008,2040.945747,2053.346255,5993,0.524413721,207.1226501,198.2688141,172.2294312
36089,B-20-3-05_masks.tif,199,7471,528.8700577,218.7486624,45.91074824,4.764650345,0.97772737,-10.41668707,136.6286976,1983.664704,6565,0.878731094,199.3969574,189.9413605,146.2485962
36090,B-20-3-05_masks.tif,200,8499,532.3847763,225.3829895,48.74125724,4.624070084,0.976335876,89.2893121,726.1042476,1931.390399,5248,0.61748441,205.8730927,200.7783966,153.9550323
36091,B-20-3-05_masks.tif,201,6708,488.627417,199.6431076,43.70134601,4.568351453,0.975747894,-3.814924396,180.6110614,2008.475999,6210,0.925760286,193.4814758,183.3350983,142.3309174
36092,B-20-3-05_masks.tif,202,15616,861.0121933,356.2574609,57.25822148,6.221944234,0.986999803,-11.80749585,3416.922003,2100.699219,5619,0.359823258,199.5027618,192.1210175,142.1804657
36093,B-20-3-05_masks.tif,203,9162,594.8700577,239.3982747,50.32038763,4.757480734,0.977659421,-82.8922529,710.6394892,1979.080004,7439,0.811940624,201.7678375,193.9334564,150.3280029
36094,B-20-3-05_masks.tif,204,7162,603.6984848,260.681202,38.43853531,6.781767304,0.989068886,-80.64838014,898.0882435,1998.086987,6620,0.924322815,196.6670685,191.4503021,155.3009033
36095,B-20-3-05_masks.tif,205,12429,953.3969696,388.8465469,52.77695726,7.367733328,0.990746281,73.01763529,2796.223027,2030.463915,7691,0.618794754,199.3553467,193.1621399,170.4610596
36096,B-20-3-05_masks.tif,206,10725,825.9827561,317.8345906,44.61471566,7.12398557,0.990098996,-22.91922917,1865.504522,2119.781352,8857,0.825827506,208.1132507,201.3484192,159.405777
36097,B-20-3-05_masks.tif,207,6266,465.4558441,176.5788318,49.14436913,3.593063355,0.960490131,-7.286376434,2082.13661,2096.800192,5071,0.809288222,204.892334,200.4375916,166.6326141
36098,B-20-3-05_masks.tif,208,20340,1353.764502,500.2243899,59.16266247,8.45506894,0.992981206,33.10696965,2635.680629,2240.917847,9484,0.466273353,201.6005859,195.4747009,162.6761932
36099,B-20-3-05_masks.tif,209,19736,1244.350288,461.4049546,63.73314277,7.239639135,0.990414326,53.14969514,2759.243514,2181.639491,8631,0.437322659,199.7672272,189.9684906,164.7620239
36100,B-20-3-05_masks.tif,210,4370,314.9705627,101.8206713,55.83959048,1.823449464,0.836208838,77.40665318,2745.259954,2057.420595,3105,0.710526316,199.2438049,192.9107819,157.6122437
36101,B-20-3-05_masks.tif,211,9303,763.9411255,340.8739582,38.22070337,8.918568425,0.99369404,-80.33061204,917.3743954,2074.869397,9121,0.980436418,197.014801,191.2493134,150.7541962
36102,B-20-3-05_masks.tif,212,9693,655.6396103,243.2393213,52.01507726,4.676323369,0.976867996,-55.04527336,2285.752295,2107.082534,6455,0.665944496,206.2292786,201.4381104,160.0125427
36103,B-20-3-05_masks.tif,213,19588,1015.095454,386.6941551,68.47943217,5.646865677,0.984194771,28.92943631,2549.602716,2208.375026,9457,0.482795589,199.459549,187.9737701,144.7454834
36104,B-20-3-05_masks.tif,214,15995,1125.722871,410.7163057,56.41109411,7.280771845,0.990522845,53.74996305,2817.474836,2168.27146,8248,0.515661144,202.720047,195.7835846,162.8220215
36105,B-20-3-05_masks.tif,215,10421,758.5685425,278.9028648,50.70290726,5.500727273,0.983336611,-18.80877749,1888.576816,2184.268112,7502,0.719892525,207.3083191,198.4946747,161.2907257
36106,B-20-3-05_masks.tif,216,17054,949.6812409,352.7638479,65.03119014,5.424533169,0.982861099,-55.52075269,2285.232673,2168.989269,6806,0.399085259,206.1679382,195.1398773,145.9072876
36107,B-20-3-05_masks.tif,217,9698,746.8111832,281.9378745,47.17872076,5.975954201,0.985899706,-25.85568043,457.0125799,2208.058569,826,0.0851722,225.9927368,220.5786896,187.7857208
36108,B-20-3-05_masks.tif,218,7660,589.4558441,203.1800333,52.6907484,3.856085546,0.965788678,86.7241511,1191.179112,2108.048042,4543,0.59308094,197.707901,191.1598053,139.3154297
36109,B-20-3-05_masks.tif,219,7845,612.2253967,210.5575384,48.75972546,4.318267514,0.972817208,-46.57169279,2142.869471,2164.198725,5602,0.714085405,199.5746155,192.0358734,143.7052765
36110,B-20-3-05_masks.tif,220,3025,291.7989899,105.0039818,38.98856877,2.69319919,0.928510708,-71.77798414,991.0813223,2107.678678,2321,0.767272727,193.4984894,183.0814362,151.9146881
36111,B-20-3-05_masks.tif,221,9044,537.1126984,208.4033006,56.80920029,3.668477985,0.962129548,-16.14808673,1936.593211,2185.295887,6634,0.733524989,202.6795349,194.6789246,142.7720795
36112,B-20-3-05_masks.tif,222,5184,477.254834,181.4367881,37.62241031,4.82257215,0.97826508,-33.00766246,388.4787809,2176.903356,4953,0.955439815,201.8188934,192.5196838,151.369873
36113,B-20-3-05_masks.tif,223,18316,1127.781746,431.1400726,71.50583499,6.029439034,0.986150502,70.46041788,3677.002621,2171.387421,5103,0.278608867,200.3968201,194.1287537,147.2631836
36114,B-20-3-05_masks.tif,224,3719,294.1421356,110.2556035,43.49334173,2.534999591,0.918905651,87.33835398,879.890562,2139.878731,3458,0.929819844,195.5881958,188.4843903,137.9143982
36115,B-20-3-05_masks.tif,225,14507,938.509668,343.3072648,58.55341341,5.863146909,0.985347834,-34.03470579,2310.702213,2254.533191,7919,0.545874405,203.7403717,195.7156219,138.3731537
36116,B-20-3-05_masks.tif,226,6372,529.7401154,200.8497361,42.40487669,4.736477305,0.977458558,-44.56305892,193.1997803,2191.940521,6055,0.950251099,194.4388123,187.8730011,138.1630096
36117,B-20-3-05_masks.tif,227,8300,562.627417,232.1588753,47.25539584,4.912854313,0.979065039,-89.95604619,1211.940482,2155.643494,6895,0.830722892,200.7975311,194.092392,155.4497528
36118,B-20-3-05_masks.tif,228,20730,1160.024387,454.6866733,72.66033713,6.257701124,0.98714891,68.69102242,3642.306271,2255.934973,8707,0.420019296,198.2164917,188.6390228,160.2362518
36119,B-20-3-05_masks.tif,229,17423,1051.781746,413.0653176,54.58750789,7.567030142,0.991229431,69.32275503,3680.750961,2221.082649,818,0.046949435,229.7261658,217.6259155,214.8056183
36120,B-20-3-05_masks.tif,230,6931,637.7401154,252.1141231,36.84681401,6.842223129,0.989262245,-25.68324788,475.8259991,2254.361564,6654,0.960034627,203.4893341,194.7826843,158.2097931
36121,B-20-3-05_masks.tif,231,5943,517.4974747,179.274013,44.13355175,4.062079889,0.969224303,-49.67388804,246.7834427,2217.437153,5858,0.985697459,195.7203827,190.5467682,145.54422
36122,B-20-3-05_masks.tif,232,8925,597.254834,221.2207008,54.87242413,4.031545977,0.968748817,-27.15279313,634.3866667,2251.485042,4626,0.518319328,196.8411102,188.1815796,146.9788208
36123,B-20-3-05_masks.tif,233,9173,704.0832611,276.1105924,47.01617626,5.872672225,0.985395678,71.37063156,1117.409463,2197.223155,7078,0.771612341,194.6962433,185.5002899,155.5118713
36124,B-20-3-05_masks.tif,234,6386,563.7401154,208.177595,40.61044638,5.126207997,0.980788135,-33.64618832,386.5159724,2242.651895,6018,0.942373943,200.4426727,192.3526154,142.0922241
36125,B-20-3-05_masks.tif,235,8425,636.9116882,234.6637946,49.53017815,4.737794278,0.977471233,-23.2866104,516.9455193,2272.732344,7633,0.905994065,199.8274536,189.9134064,144.7665405
36126,B-20-3-05_masks.tif,236,8521,720.5685425,277.047718,41.40080605,6.691843575,0.988771453,-22.77736527,561.6501584,2302.501936,5305,0.622579509,202.4013214,194.4026337,156.0993347
36127,B-20-3-05_masks.tif,237,10193,840.2253967,334.5109839,41.57897869,8.045194818,0.992244958,68.90412156,1124.049053,2254.886295,4303,0.422152458,196.7004395,188.9230804,145.888916
36128,B-20-3-05_masks.tif,238,2560,340.4852814,150.147257,22.58190026,6.649008952,0.988625478,-0.204916196,9.224609375,2282.232422,0,0,,,
36129,B-20-3-05_masks.tif,239,8518,596.6690476,227.3150198,49.22133758,4.6182211,0.976275168,-25.82401756,695.4205212,2313.631369,6819,0.800540033,205.2023773,198.0526428,160.6102142
36130,B-20-3-05_masks.tif,240,8370,692.3259018,268.341008,43.31444477,6.195185219,0.986886508,66.89398926,1097.908961,2284.658781,2134,0.254958184,207.7914734,199.8013153,180.9142456
36131,B-20-3-05_masks.tif,241,5165,472.5269119,183.6589973,37.62986503,4.880671166,0.978785037,-24.7124014,648.3550823,2307.902614,151,0.029235237,220.0860901,214.9139099,200.4105988
36132,B-20-3-05_masks.tif,242,6354,542.0832611,210.3428412,40.08677541,5.247187858,0.981672003,-57.92258398,227.729147,2293.618351,6076,0.956248033,196.2797852,192.279129,140.4422302
36133,B-20-3-05_masks.tif,243,12175,996.6101731,363.3247248,61.23981833,5.932818463,0.985692429,66.81327296,1104.203943,2330.647228,5185,0.42587269,204.4212189,197.8941193,167.3012543
36134,B-20-3-05_masks.tif,244,5482,381.5563492,160.1781215,44.55717884,3.594889212,0.96053108,3.368146458,43.96461146,2317.787669,4335,0.790769792,189.5416412,179.9003448,141.6055298
36135,B-20-3-05_masks.tif,245,4525,436.1837662,169.6165193,35.30905421,4.803768412,0.978092681,-31.44402923,733.7741436,2321.929061,4305,0.951381215,199.7349548,190.3632965,147.8374023
36136,B-20-3-05_masks.tif,246,10917,624.8111832,223.7956538,62.82225257,3.562362772,0.959791881,-36.73628585,786.7527709,2351.854447,8319,0.762022534,202.7944489,195.4434357,148.0332947
36137,B-20-3-05_masks.tif,247,12692,717.3553391,275.5239898,65.11454952,4.231373662,0.971672883,-82.9137962,2053.174125,2293.28908,5309,0.418294989,193.0646057,186.9161835,142.9502716
36138,B-20-3-05_masks.tif,248,14630,849.8406204,353.0029598,58.75098832,6.008459941,0.986052935,78.26812227,3549.396856,2296.957758,6045,0.413192071,197.1502075,189.766922,149.7100067
36139,B-20-3-05_masks.tif,249,7476,604.3259018,233.5709588,42.54568893,5.489885455,0.983270169,28.49496177,1041.63015,2411.494917,7234,0.967629749,188.383194,178.9565887,143.9894867
36140,B-20-3-05_masks.tif,250,19822,1337.580736,483.4991912,57.74033611,8.37368162,0.992843612,70.7894828,2036.082989,2411.902533,5237,0.264201392,185.3761749,178.312973,141.9427185
36141,B-20-3-05_masks.tif,251,23193,1109.580736,409.761348,75.07810141,5.457801147,0.983071196,26.63315715,3577.987798,2520.928211,8430,0.363471737,186.4200439,175.4257355,129.9952545
36142,B-20-3-05_masks.tif,252,3504,312.8700577,106.2419837,42.92014587,2.475340696,0.9147657,31.6880815,982.4920091,2404.257705,3051,0.870719178,201.5355682,193.1520844,160.575882
36143,B-20-3-05_masks.tif,253,4588,522.6690476,198.1933028,31.90538246,6.21190807,0.986957484,61.26017676,271.6431997,2410.602223,3674,0.800784656,191.1924286,184.8353271,154.5185089
36144,B-20-3-05_masks.tif,254,12347,805.2964646,304.6858582,54.07355995,5.63465506,0.984125642,62.72968096,260.1126589,2464.007289,9127,0.739207905,188.4459229,176.3784332,143.0600433
36145,B-20-3-05_masks.tif,255,14432,1067.580736,399.6372456,49.89758586,8.009149916,0.992174723,-61.05634772,1404.588692,2513.905211,8010,0.55501663,198.5987549,194.8434448,151.4031219
36146,B-20-3-05_masks.tif,256,3364,316.3847763,122.1064654,36.03074323,3.388952169,0.955473644,-75.53011095,57.15398335,2485.9239,3062,0.910225922,190.3589172,185.9572144,139.2064056
36147,B-20-3-05_masks.tif,257,22024,1326.693434,473.7902366,73.18705164,6.473689347,0.987997257,52.44833001,2307.875817,2596.727661,9397,0.426670904,196.6115723,186.3971405,148.5361328
36148,B-20-3-05_masks.tif,258,4943,357.7989899,132.7148297,50.45070002,2.630584503,0.924927459,-74.46532774,52.16427271,2527.193607,4299,0.869714748,198.0093079,190.9306793,148.8218231
36149,B-20-3-05_masks.tif,259,17480,1041.480231,369.3340209,65.78346128,5.614390209,0.984009907,53.39685574,2289.051831,2643.659211,8941,0.511498856,199.0342255,190.3149567,164.8674622
36150,B-20-3-05_masks.tif,260,14630,1145.965512,427.6696611,48.98600269,8.7304462,0.993418443,-57.73218637,5022.006562,2628.612372,4458,0.304716336,198.1749725,192.3084412,143.5634766
36151,B-20-3-05_masks.tif,261,6655,581.3553391,248.0568201,36.55111414,6.78657343,0.989084449,-18.73151865,438.0722765,2652.407814,3017,0.453343351,208.5419312,201.2509155,161.3808441
36152,B-20-3-05_masks.tif,262,18980,1118.994949,426.14589,64.15208415,6.642744279,0.98860389,28.4987418,5302.064015,2718.783667,5473,0.288356164,192.1052399,189.3239594,137.6965027
36153,B-20-3-05_masks.tif,263,7720,549.7401154,199.2446768,50.28817998,3.962057821,0.967624525,-32.94421187,739.4085492,2638.42215,6597,0.854533679,195.6618195,186.9199677,137.1120148
36154,B-20-3-05_masks.tif,264,5807,449.6984848,174.0040347,43.67575161,3.983996342,0.967985986,-17.18140121,478.432237,2638.252282,55,0.009471328,225.4181824,224.145462,156.8909149
36155,B-20-3-05_masks.tif,265,14544,1041.23759,396.1152755,48.90134291,8.100294428,0.992350507,-57.82732945,5022.698982,2673.362555,5900,0.405665567,197.6625366,189.654068,142.2394867
36156,B-20-3-05_masks.tif,266,13435,884.509668,317.88097,56.33388878,5.642801817,0.984171815,-37.75944358,170.0966878,2707.850689,11163,0.830889468,202.3848419,198.0499878,163.3273315
36157,B-20-3-05_masks.tif,267,10843,739.8406204,304.0643108,46.90765486,6.482189564,0.988028906,-17.04794324,497.358849,2710.897538,9257,0.853730517,206.674942,198.8305054,157.9552765
36158,B-20-3-05_masks.tif,268,15396,963.4386002,357.9407961,56.35151234,6.351928834,0.987529751,25.54730124,4702.687971,2738.975383,5979,0.388347623,193.7337341,190.0045166,144.2214355
36159,B-20-3-05_masks.tif,269,3391,383.5979797,138.7774785,32.12972404,4.319286349,0.972830209,-46.17156928,148.9416101,2631.279564,3044,0.897670304,193.5880432,187.6034851,149.5345001
36160,B-20-3-05_masks.tif,270,11881,768.9116882,268.6909754,59.76937544,4.495462324,0.974944891,-18.49659661,631.0579076,2706.248885,545,0.04587156,214.5834808,209.1449585,172.7321167
36161,B-20-3-05_masks.tif,271,14540,1005.965512,370.5892729,51.36738846,7.214485378,0.990347041,43.56769124,4777.956809,2723.205571,5330,0.366574966,195.0966187,190.4078827,148.8082581
36162,B-20-3-05_masks.tif,272,17800,1199.095454,446.1414645,84.21035039,5.297940959,0.982024677,-23.20297074,3201.654944,2780.583596,5240,0.294382022,201.7534332,193.7374115,152.8293915
36163,B-20-3-05_masks.tif,273,7902,545.9411255,222.062798,46.60483541,4.76480168,0.977728801,-16.25792632,549.4298912,2698.970134,7872,0.996203493,209.9159088,202.2783356,165.7281494
36164,B-20-3-05_masks.tif,274,3972,322.0416306,115.5510437,44.45913666,2.599039307,0.923017674,-26.59643317,61.45392749,2660.410121,3716,0.935548842,196.947525,189.6544647,153.9954224
36165,B-20-3-05_masks.tif,275,10627,771.2964646,283.0289745,51.89271816,5.454117351,0.983048123,30.12184384,5378.020514,2746.633198,5658,0.532417427,201.5175018,201.3582611,173.8819427
36166,B-20-3-05_masks.tif,276,13343,947.2964646,357.5574145,49.61101907,7.207217695,0.990327468,-20.32150621,3236.952335,2797.494117,7616,0.57078618,198.527832,190.4092712,148.1922302
36167,B-20-3-05_masks.tif,277,2156,285.8994949,106.6066273,30.75680074,3.466115613,0.957477666,7.793605503,5421.938776,2683.979592,0,0,,,
36168,B-20-3-05_masks.tif,278,5486,500.7695526,198.7584479,37.95824264,5.23623946,0.98159456,-18.04381301,582.4958075,2722.086219,4658,0.849070361,207.8711853,199.3252411,164.7234802
36169,B-20-3-05_masks.tif,279,6877,561.7401154,191.5789076,47.67813844,4.018170883,0.968537038,-47.4801183,286.235277,2721.750327,4483,0.651883089,202.9502563,197.6248016,148.1902771
36170,B-20-3-05_masks.tif,280,16307,1031.580736,375.2327679,57.78389704,6.493725539,0.988071657,-60.41861628,1925.198933,2750.195805,7716,0.473171031,204.5198364,198.0331726,150.4140778
36171,B-20-3-05_masks.tif,281,4977,426.4264069,151.4421564,42.81757571,3.536915714,0.959198883,-42.6449821,87.04199317,2722.60438,4631,0.930480209,202.4016418,194.9559479,152.2681885
36172,B-20-3-05_masks.tif,282,20181,977.4974747,408.6072524,64.834433,6.30231859,0.987331389,11.55316953,3703.355235,2883.325901,8344,0.413458203,197.8993225,192.1241608,142.4283295
36173,B-20-3-05_masks.tif,283,22852,1229.622366,450.6710752,66.01760065,6.826529149,0.989212547,33.68222005,3823.075354,2928.894057,8515,0.372615088,190.7719269,182.8946533,133.4644775
36174,B-20-3-05_masks.tif,284,10589,798.2670273,284.6219865,49.27385744,5.776328488,0.984900678,-47.53196874,1967.078383,2842.122958,7881,0.744262914,201.3262329,192.9043274,147.2494659
36175,B-20-3-05_masks.tif,285,9336,695.2964646,245.4938951,51.66154698,4.751965619,0.97760694,-51.85874765,1906.606148,2830.185947,7877,0.843723222,205.0596619,196.3503876,153.2216644
36176,B-20-3-05_masks.tif,286,5493,498.6690476,195.6343556,38.67724925,5.05812485,0.980262224,-57.24696037,232.6156927,2811.305116,5030,0.915710905,195.6182861,187.4169006,146.5834961
36177,B-20-3-05_masks.tif,287,4085,342.2842712,115.7968124,46.04788366,2.51470433,0.917532385,34.87894792,1259.45459,2819.926561,3115,0.7625459,192.8240814,184.2462311,154.8407745
36178,B-20-3-05_masks.tif,288,13946,655.3553391,249.584358,72.38579727,3.447974153,0.957018956,-0.301004582,371.6869353,2896.390291,5218,0.374157465,196.7780762,189.92276,155.3091278
36179,B-20-3-05_masks.tif,289,9160,562.8700577,224.9434235,52.54803849,4.280719698,0.972331442,80.74700846,839.1774017,2821.636135,7339,0.801200873,192.5690155,186.6698456,147.6603088
36180,B-20-3-05_masks.tif,290,23960,1202.936075,433.3265108,74.34738518,5.828402838,0.985171306,-47.98446094,4222.061853,2937.665067,10357,0.432262104,200.0036621,193.330307,136.395874
36181,B-20-3-05_masks.tif,291,7989,651.8406204,253.0901035,41.48193034,6.101213261,0.986476655,-70.65495299,2665.171861,2891.047565,6720,0.84115659,196.5665131,189.8800659,151.7924042
36182,B-20-3-05_masks.tif,292,7297,530.0416306,221.5378669,45.34496306,4.885611366,0.978828383,-9.657873312,686.4194875,2962.403728,7156,0.980676991,197.3244781,188.618927,149.9178314
36183,B-20-3-05_masks.tif,293,7449,528.8700577,220.3723893,45.0737023,4.889156604,0.978859407,-8.314478158,633.0919587,2972.192375,6150,0.825614176,192.613327,181.6343079,144.7689362
36184,B-20-3-05_masks.tif,294,8023,585.254834,213.9070179,50.16652391,4.263939401,0.972110111,-67.5205595,2687.415181,2925.699489,6504,0.810669326,204.0888672,195.3199615,154.7132568
36185,B-20-3-05_masks.tif,295,8142,520.0832611,189.4059852,55.62274912,3.405189212,0.955907036,33.1929388,287.0058954,2964.762466,6073,0.745885532,189.7949982,180.5265961,147.9067993
36186,B-20-3-05_masks.tif,296,9932,570.2842712,226.7654074,56.79940987,3.992390201,0.968122675,12.33519048,827.6108538,3020.510874,7590,0.764196536,192.9380798,184.1787872,143.1467743
36187,B-20-3-05_masks.tif,297,7425,590.2253967,216.2298643,45.55522132,4.74654404,0.977555168,49.74612285,2338.137778,2974.775354,4339,0.584377104,193.3754272,188.7388763,157.5333099
36188,B-20-3-05_masks.tif,298,7495,543.8406204,207.6388715,47.84596807,4.33973603,0.973089197,24.22251696,774.0993996,3047.646298,5900,0.787191461,192.8477936,185.4962769,151.1827087
36189,B-20-3-05_masks.tif,299,16084,1122.183766,512.1679069,55.46193952,9.234583416,0.994119501,-0.908301748,5352.977431,3203.801107,5696,0.354140761,197.4620819,195.953476,148.874115
36190,B-20-3-05_masks.tif,300,7945,652.4680374,249.7519414,44.76080109,5.579702223,0.983808834,53.85746158,2251.68433,3051.879547,3829,0.481938326,202.1888275,191.1010742,163.6388092
36191,B-20-3-05_masks.tif,301,11446,802.627417,346.3104612,43.61560336,7.940058937,0.992037397,-0.184914252,5322.446095,3174.55906,5907,0.516075485,201.9258575,194.9380341,157.3616028
36192,B-20-3-05_masks.tif,302,9137,571.6984848,234.7786685,52.38041879,4.482183876,0.974794298,12.36028906,72.64299004,3101.172923,3231,0.353617161,205.7573547,196.853302,151.7913971
36193,B-20-3-05_masks.tif,303,6472,509.2132034,207.9482901,40.4506114,5.140794734,0.980898066,-87.39875773,1325.747219,3013.803152,4283,0.661773795,193.9033356,186.3128662,160.0854492
36194,B-20-3-05_masks.tif,304,7792,653.2964646,236.576621,46.93654901,5.040349706,0.980121352,-45.80383341,2555.451232,3069.344328,6001,0.770148871,201.5080872,194.7058868,162.2432861
36195,B-20-3-05_masks.tif,305,8991,583.4558441,242.8094358,48.61363773,4.994677361,0.979752367,10.73127175,117.4999444,3111.789234,7605,0.845845846,195.3847504,187.1389923,152.5721283
36196,B-20-3-05_masks.tif,306,6795,580.8111832,207.9352609,42.62664773,4.878058022,0.978762054,-46.57526946,963.212362,3074.085651,5541,0.815452539,193.5156097,185.0732727,140.3625641
36197,B-20-3-05_masks.tif,307,22407,1248.367532,500.3629502,65.54130088,7.634315211,0.991384018,-15.13232328,3177.455617,3229.791538,8638,0.38550453,196.6922913,188.8538971,139.1912537
36198,B-20-3-05_masks.tif,308,18647,1230.107648,445.2248635,64.80705458,6.870006149,0.989349385,42.58745111,3940.834611,3166.891243,4933,0.264546576,192.6983643,185.6503143,147.1408844
36199,B-20-3-05_masks.tif,309,8873,654.2253967,239.3997942,52.28266301,4.578951807,0.975861439,-35.37542733,2688.712949,3121.123859,7519,0.847402231,201.5117645,192.6612549,147.1528168
36200,B-20-3-05_masks.tif,310,15529,1008.325902,412.1594891,49.13784164,8.387822405,0.992867808,13.60250616,5268.956984,3215.112177,5031,0.323974499,186.7990417,182.5815887,146.3146515
36201,B-20-3-05_masks.tif,311,5943,467.8406204,172.9592487,45.70506315,3.784247012,0.964453296,-50.88062568,2603.409726,3076.592967,5662,0.952717483,203.1631927,192.4922333,152.1102142
36202,B-20-3-05_masks.tif,312,7175,554.0416306,218.4736107,45.82734132,4.767320216,0.977752594,87.56413235,1338.204181,3060.515122,3326,0.463554007,195.3995819,187.4407654,160.0959167
36203,B-20-3-05_masks.tif,313,21559,1295.07821,470.7115521,61.00830156,7.715532806,0.991565223,42.00919168,3921.313465,3215.665708,11050,0.512546964,196.67276,191.6941223,156.3135681
36204,B-20-3-05_masks.tif,314,4698,519.1543289,185.089869,34.85326816,5.310545576,0.982110681,-39.31412532,2643.978501,3125.198595,3991,0.84951043,208.3292389,199.1307983,158.1731415
36205,B-20-3-05_masks.tif,315,13978,830.5269119,336.2561482,55.61543127,6.046094411,0.986227232,-10.08139293,5405.206181,3242.429317,3105,0.222134783,197.23703,195.2666626,130.3152924
36206,B-20-3-05_masks.tif,316,13185,702.2842712,288.3565942,60.16747572,4.79256593,0.977988992,-7.664956242,189.453394,3194.731513,8358,0.633902162,199.4333649,190.4849243,145.0374451
36207,B-20-3-05_masks.tif,317,5196,426.1837662,149.2278397,46.41560081,3.215036261,0.950397318,-65.51609888,437.4651655,3117.512317,4040,0.77752117,193.2742615,187.5222778,149.6084137
36208,B-20-3-05_masks.tif,318,12963,703.9411255,280.0647584,61.60236705,4.54633112,0.975509437,88.20511328,1285.769729,3118.494253,6759,0.521407082,198.3670654,189.1910095,150.7921295
36209,B-20-3-05_masks.tif,319,15059,1030.066017,348.4948845,58.00732051,6.007774215,0.986049728,55.29929705,2370.50581,3199.068398,7379,0.490005976,188.2378387,178.6727142,144.5273132
36210,B-20-3-05_masks.tif,320,8402,635.0121933,251.4575471,47.56760346,5.286319445,0.981944828,15.89327938,1808.348131,3230.019519,7932,0.944060938,202.7063751,195.1616211,166.0757751
36211,B-20-3-05_masks.tif,321,15286,792.3259018,306.1905879,66.41035453,4.610585052,0.976195558,72.12458204,4746.938637,3169.821601,7206,0.471411749,192.479599,185.192749,140.2792053
36212,B-20-3-05_masks.tif,322,8401,593.6984848,241.3424351,46.93702262,5.141835199,0.980905871,13.19337075,1686.365671,3266.429354,4654,0.553981669,208.1042175,197.6755524,158.439621
36213,B-20-3-05_masks.tif,323,8306,602.5269119,238.1187275,45.58156552,5.224013803,0.981507499,15.78582898,1725.229713,3251.768601,4318,0.519865158,199.5792084,190.3726196,157.2892609
36214,B-20-3-05_masks.tif,324,3190,291.7989899,102.1950424,41.34358192,2.471847809,0.914513382,21.86113249,1748.339185,3189.369279,3019,0.946394984,192.851944,184.3375244,155.4710236
36215,B-20-3-05_masks.tif,325,11753,637.4558441,262.4337187,58.94765854,4.451978673,0.974446614,-88.93434762,1284.507105,3170.777844,4414,0.375563686,198.4728088,187.8865051,150.9016724
36216,B-20-3-05_masks.tif,326,5462,489.0121933,187.9818078,39.85517173,4.716622702,0.977266171,-57.38158365,435.9990846,3195.947455,4909,0.898755035,196.9380798,191.8258362,153.3202209
36217,B-20-3-05_masks.tif,327,4570,376.2842712,135.6716015,43.67380315,3.106475547,0.946770881,-58.7899911,515.692779,3189.961707,3941,0.862363239,199.5496063,191.963974,149.6150665
36218,B-20-3-05_masks.tif,328,6450,451.9411255,171.7137349,49.14818627,3.493795965,0.958163438,-63.82335582,585.5868217,3202.488217,5905,0.915503876,197.8064423,190.3703613,144.0682526
36219,B-20-3-05_masks.tif,329,20588,1374.592929,484.9134923,77.45408396,6.260657509,0.987161123,42.91227949,2974.880464,3324.675296,8142,0.395473091,197.9798584,192.0058899,143.1594238
36220,B-20-3-05_masks.tif,330,12019,647.1126984,257.7217199,62.60572845,4.116583679,0.970046356,84.02146687,1265.960313,3227.634828,2734,0.227473167,198.530365,186.4758606,156.3796692
36221,B-20-3-05_masks.tif,331,15090,1106.693434,378.821573,53.73805735,7.049409518,0.989887325,47.80862346,2912.81776,3323.034327,9543,0.632405567,208.535675,198.6546173,169.3457031
36222,B-20-3-05_masks.tif,332,10372,690.9116882,260.0792763,55.09674814,4.720410642,0.977303066,21.46376078,1139.527092,3314.333398,7517,0.724739684,192.3090363,182.7759705,146.9118042
36223,B-20-3-05_masks.tif,333,20030,1359.663997,497.7184784,55.24201143,9.009781968,0.99382147,46.76414635,2912.436745,3388.048977,10223,0.510384423,202.8734283,195.4493713,171.8010406
36224,B-20-3-05_masks.tif,334,9367,621.0121933,241.5053258,50.34070933,4.797416027,0.978033974,17.18524963,1092.800363,3323.136436,2783,0.297106865,204.6665497,198.5874939,162.0147247
36225,B-20-3-05_masks.tif,335,6459,498.627417,218.6839118,41.0941342,5.321535934,0.982185166,8.094803134,894.1836198,3315.244001,6113,0.946431336,197.7119293,188.1621094,148.7420197
36226,B-20-3-05_masks.tif,336,7566,541.4974747,182.72594,55.79928639,3.274700302,0.952233308,-56.8678906,694.9935237,3268.040841,7228,0.95532646,197.0232391,189.0178528,145.8663483
36227,B-20-3-05_masks.tif,337,8400,486.627417,196.3472439,55.24331714,3.554226178,0.959603696,9.806722856,75.9197619,3315.316071,6070,0.722619048,189.5054321,179.551239,142.8500824
36228,B-20-3-05_masks.tif,338,16879,1192.208153,409.5714191,72.03635801,5.685620851,0.984411205,45.64621458,2872.366313,3414.840512,6204,0.36755732,198.6681213,189.2026062,154.0507813
36229,B-20-3-05_masks.tif,339,11988,703.7401154,257.4474197,61.79887173,4.16589191,0.970761852,18.7218694,999.1537371,3364.83984,9302,0.775942609,197.4265747,185.7756348,139.9416199
36230,B-20-3-05_masks.tif,340,3156,294.3847763,103.5374572,40.45514249,2.559315105,0.92050553,12.27929635,1783.325095,3291.101394,2980,0.944233207,205.2040253,196.2463074,171.0573883
36231,B-20-3-05_masks.tif,341,9341,573.4558441,235.2236695,52.19877265,4.50630652,0.975066874,4.083732395,859.9869393,3370.192164,8716,0.933090676,208.8653107,200.1749725,154.3194122
36232,B-20-3-05_masks.tif,342,11329,709.5979797,280.9928489,55.45793572,5.066774399,0.980330232,78.04962282,1526.405596,3287.525466,7418,0.654779769,194.477356,186.5463715,159.905365
36233,B-20-3-05_masks.tif,343,8105,551.1126984,224.4341544,46.79522698,4.796090733,0.978021696,-13.68039026,747.4945096,3371.928563,4593,0.56668723,202.7043304,195.1376038,164.4698486
36234,B-20-3-05_masks.tif,344,5160,424.3847763,181.9051109,38.88075745,4.678538249,0.976890152,4.407067987,943.1467054,3346.723837,30,0.005813953,225.1666718,230.6000061,181.5
36235,B-20-3-05_masks.tif,345,9978,745.8406204,275.3441931,50.85927393,5.413844356,0.982792763,-18.1367666,1943.221187,3431.794147,0,0,,,
36236,B-20-3-05_masks.tif,346,11543,707.254834,254.362839,61.974972,4.104283243,0.969863753,-13.87868325,787.4725808,3402.768778,10344,0.896127523,199.7591858,190.6991425,148.1584473
36237,B-20-3-05_masks.tif,347,3260,311.4558441,112.994692,37.5189182,3.011672441,0.943264806,-61.58366527,499.2819018,3312.886503,2879,0.883128834,193.1934662,190.9669952,143.1750641
36238,B-20-3-05_masks.tif,348,8150,682.6690476,276.0400955,40.22045889,6.863176183,0.989328062,-18.19987407,1905.253497,3423.195706,0,0,,,
36239,B-20-3-05_masks.tif,349,10600,661.8406204,258.9069679,53.56942069,4.833111214,0.978360814,-16.14717432,1853.505189,3425.834057,8590,0.810377358,200.0541382,190.1213074,147.4895172
36240,B-20-3-05_masks.tif,350,12110,776.8111832,277.9028506,59.0775751,4.704032793,0.977142893,65.43393419,1593.899009,3360.740462,4908,0.405284889,193.7842255,182.6835785,160.6104279
36241,B-20-3-05_masks.tif,351,9337,544.6690476,188.7137486,64.22940299,2.938120858,0.940297522,53.20129188,359.6029774,3424.612724,8404,0.900074971,203.4476471,197.8093719,158.9248047
36242,B-20-3-05_masks.tif,352,19046,978.3675324,370.8830582,70.55128392,5.256928544,0.981740492,66.62315115,4352.306521,3442.270398,1240,0.065105534,180.9757996,175.8241882,112.5540314
36243,B-20-3-05_masks.tif,353,7857,667.6396103,243.0018474,43.02721714,5.647631047,0.984199089,34.71940095,1370.017564,3482.439226,7289,0.927707777,197.6640167,190.4648132,157.960495
36244,B-20-3-05_masks.tif,354,10507,585.1543289,204.7551883,66.5727546,3.075660449,0.945668155,46.89795335,532.9909584,3460.822499,7726,0.735319311,190.2507172,182.5423279,137.151947
36245,B-20-3-05_masks.tif,355,18202,933.5391052,351.8131232,71.41212962,4.926517737,0.979182234,66.50535894,4321.925228,3489.946819,5309,0.291671245,198.7653046,193.1960754,144.7118073
36246,B-20-3-05_masks.tif,356,14836,840.7695526,359.3975578,61.15479334,5.876850173,0.985416589,86.38801768,4725.404961,3432.606902,6080,0.409813966,192.9787903,185.6723633,142.7174377
36247,B-20-3-05_masks.tif,357,7339,532.0832611,186.325282,51.87776531,3.591621205,0.960457742,52.20520374,328.6859245,3465.45592,5665,0.771903529,203.6300049,196.7037964,169.4118195
36248,B-20-3-05_masks.tif,358,15646,952.5269119,425.4399458,55.93170473,7.606418361,0.991320426,-87.3881635,5139.517129,3446.282181,5402,0.345263965,191.4116974,183.0818176,145.5684967
36249,B-20-3-05_masks.tif,359,6827,466.4264069,165.9854348,53.76284733,3.087363171,0.946090982,32.50501915,1319.193789,3487.963967,5743,0.84121869,199.6661987,191.5784454,154.669342
36250,B-20-3-05_masks.tif,360,7199,582.3259018,215.7262871,45.41903533,4.749688881,0.977585221,34.4142345,5385.728435,3509.713294,2286,0.317544103,183.6880951,180.2769012,127.8022766
36251,B-20-3-05_masks.tif,361,14842,869.9411255,382.9631173,52.79189964,7.254202253,0.99045296,87.45885285,4663.825091,3471.402776,7589,0.511319229,194.9855042,186.4266663,145.2445679
36252,B-20-3-05_masks.tif,362,10418,588.9116882,199.5474369,68.82732976,2.89924711,0.93863314,37.09231355,4864.469764,3575.288059,6986,0.670570167,199.0150299,193.0303497,149.6826477
36253,B-20-3-05_masks.tif,363,7354,767.6984848,319.8675933,31.78320389,10.06404497,0.99505119,82.68107898,2237.76557,3524.666848,5827,0.7923579,187.5275421,178.3806458,155.2587891
36254,B-20-3-05_masks.tif,364,7830,479.3553391,166.9583893,63.03856104,2.648512062,0.925980844,30.23062839,4805.386079,3585.824138,4208,0.537420179,185.6822662,180.1228638,140.8992462
36255,B-20-3-05_masks.tif,365,10777,688.2253967,249.5576178,56.15095665,4.444405451,0.974358308,58.62455966,5005.93282,3583.058551,3857,0.357891807,183.7827301,177.5268402,137.9541168
36256,B-20-3-05_masks.tif,366,6561,477.8406204,171.9103902,51.23752665,3.355165664,0.954550922,48.82331413,1334.503887,3580.881725,4834,0.73677793,201.8152618,196.6344604,164.3618164
36257,B-20-3-05_masks.tif,367,5946,518.6690476,184.4987866,45.93280224,4.016710881,0.96851379,51.34413596,4660.328961,3596.511773,0,0,,,
36258,B-20-3-05_masks.tif,368,3259,263.8994949,95.28149215,46.53854356,2.047367297,0.872601879,-11.04396476,1943.652347,3604.566431,2681,0.822644983,192.51474,182.8892212,142.2029114
36259,B-20-3-05_masks.tif,369,2052,242.4852814,95.83130851,32.10961084,2.984505449,0.94219541,1.077087147,1999.410819,3607.135478,2022,0.985380117,182.0074158,170.8100891,135.9203796
36260,B-20-3-05_masks.tif,370,4269,365.1126984,129.0514757,43.34577293,2.977256305,0.941904887,53.86302117,1301.237058,3605.451394,3493,0.818224409,197.4529114,189.7812805,160.7162933
36261,B-20-3-05_masks.tif,371,5525,392.9705627,156.5617177,46.58356234,3.360879027,0.954708977,81.84476467,2137.830226,3619.077104,2432,0.440180995,192.1229401,180.2323151,139.9148865
36262,B-20-3-05_masks.tif,372,2093,274.7279221,108.038986,28.31105824,3.816140854,0.9650557,86.95011415,517.0922121,3631.706641,0,0,,,
36263,B-20-3-06_masks.tif,1,6934,483.5979797,160.85233,61.26854042,2.62536579,0.924616526,37.71224836,1386.642198,53.94303432,0,0,,,
36264,B-20-3-06_masks.tif,2,17414,1032.367532,400.6014023,63.5071512,6.307973113,0.987354237,21.69862436,2872.627828,184.3033766,11253,0.646204204,202.2631226,198.024353,148.1414795
36265,B-20-3-06_masks.tif,3,20409,1232.166522,473.9926836,57.42269661,8.254448356,0.992634602,22.72610817,2936.822382,207.195061,12940,0.634034005,204.9711761,200.9091187,156.122879
36266,B-20-3-06_masks.tif,4,8200,531.4974747,185.2639982,60.38055947,3.068272302,0.945398623,48.15160315,3622.198902,53.85768293,3186,0.388536585,193.2881317,191.3540497,136.1898956
36267,B-20-3-06_masks.tif,5,6811,428.7695526,144.1835135,61.64703804,2.338855492,0.903987186,47.03413946,3691.160476,49.55557187,594,0.087211863,205.9124603,187.2272797,205.3585815
36268,B-20-3-06_masks.tif,6,12156,779.7401154,295.7200476,54.19855132,5.456235276,0.983061394,71.02753953,4858.167407,51.48766041,4851,0.399062192,204.1278076,197.4842377,161.9472198
36269,B-20-3-06_masks.tif,7,16952,983.9827561,389.9372188,62.70059417,6.219035464,0.986987559,72.2544368,4774.475814,69.8101109,9405,0.554801793,202.4235992,201.1095123,144.8565674
36270,B-20-3-06_masks.tif,8,17490,1119.296465,452.6191662,63.50354962,7.127462463,0.990108701,16.14075977,1589.587764,260.2484848,9002,0.514694111,193.4690094,188.8268127,141.9696808
36271,B-20-3-06_masks.tif,9,16966,1017.740115,423.3892203,52.80998653,8.017218865,0.992190528,14.07579148,1549.852293,273.6121655,5305,0.312684192,201.9398651,195.8802948,156.5500488
36272,B-20-3-06_masks.tif,10,19782,1080.509668,419.7035803,72.11851589,5.819636956,0.985126264,63.33686224,3968.821151,153.5525225,8552,0.432312203,196.3181763,189.3567657,136.2666016
36273,B-20-3-06_masks.tif,11,12991,902.4680374,350.8360509,52.562535,6.674640995,0.988713169,-21.99834447,2345.549226,240.2440921,6478,0.498652914,207.3482513,201.2693787,138.9785461
36274,B-20-3-06_masks.tif,12,17358,1290.350288,475.3117879,68.55051108,6.933745357,0.989545329,39.69053905,3667.033356,243.0154972,8354,0.481276645,201.0764923,194.4773712,156.5031128
36275,B-20-3-06_masks.tif,13,15414,954.8700577,423.6357765,47.81425812,8.860030317,0.993610169,6.095079948,1158.072142,288.8854288,8008,0.519527702,198.3736267,193.9595337,150.4506683
36276,B-20-3-06_masks.tif,14,14146,947.2964646,371.1395778,55.14331158,6.730455012,0.988900637,-21.25227857,2298.778241,250.106744,6802,0.480842641,206.4610443,197.042923,149.900177
36277,B-20-3-06_masks.tif,15,18802,1020.669048,423.6117564,69.8798081,6.062005148,0.986299937,5.75987016,1116.910648,312.9521859,8189,0.435538772,201.5844421,197.2123566,155.2362976
36278,B-20-3-06_masks.tif,16,18420,1083.781746,429.0255584,62.49119508,6.86537612,0.989334937,68.98184524,3871.665092,164.3111835,7318,0.397285559,205.7873688,206.848587,146.652359
36279,B-20-3-06_masks.tif,17,21975,1223.63961,494.8966502,65.30717923,7.577982329,0.991254876,8.346714348,190.8577019,355.7303299,0,0,,,
36280,B-20-3-06_masks.tif,18,10632,970.8944443,337.046789,41.3017187,8.160599596,0.992463573,40.14729682,3635.491535,256.0498495,5150,0.484386757,200.2275696,199.8452454,142.3600006
36281,B-20-3-06_masks.tif,19,14804,1082.894444,411.7684027,49.70142441,8.284841081,0.992688741,45.23016899,3807.012699,270.3376115,5979,0.40387733,200.7349091,197.3614349,159.2818146
36282,B-20-3-06_masks.tif,20,17081,978.6690476,390.4338595,61.9975319,6.297571009,0.987312158,9.442110915,238.8141795,355.3120426,10412,0.609566185,195.2522125,187.5764465,142.8106995
36283,B-20-3-06_masks.tif,21,18972,1071.722871,394.9697378,63.37463864,6.232299643,0.987043252,54.97533492,2862.410289,334.5934008,8117,0.427841029,197.2407227,192.5033875,133.3144073
36284,B-20-3-06_masks.tif,22,6681,590.2253967,209.290313,43.46243756,4.815429707,0.978199837,49.07589685,3791.681185,307.0691513,5267,0.788355037,203.574707,203.0749969,153.4347839
36285,B-20-3-06_masks.tif,23,17797,1201.137085,449.8252234,72.14577785,6.234948694,0.987054331,-36.57726026,4876.948306,403.7373715,10722,0.602461089,210.1690979,206.1823425,154.6408386
36286,B-20-3-06_masks.tif,24,10968,661.4974747,250.0046129,57.36133768,4.358416714,0.973322544,21.45086375,1070.872994,441.0309993,5144,0.469000729,195.4210663,191.1286926,141.3843384
36287,B-20-3-06_masks.tif,25,9894,787.0954544,300.1715161,42.90416906,6.996325129,0.989732485,-41.04516307,4968.624621,430.8032141,5335,0.539215686,208.2954102,199.8380432,162.0822906
36288,B-20-3-06_masks.tif,26,7654,549.1543289,199.7996654,52.15785865,3.830672319,0.96532507,-45.35968914,4933.212307,406.480925,6355,0.830284818,211.1628571,203.4959869,155.080246
36289,B-20-3-06_masks.tif,27,12324,829.0954544,296.1009376,57.71710735,5.130210976,0.980818397,-44.87284939,4982.818647,478.7620091,8895,0.721762415,212.5090485,204.3489532,146.1690826
36290,B-20-3-06_masks.tif,28,13990,905.6396103,336.471953,59.62621162,5.64302081,0.984173053,22.55552998,5365.142173,573.0711937,6752,0.48263045,197.3616638,193.0522766,130.8471527
36291,B-20-3-06_masks.tif,29,4646,467.0121933,157.0370352,43.27736727,3.62861803,0.96127613,38.89224015,5395.412183,465.1235471,0,0,,,
36292,B-20-3-06_masks.tif,30,24093,1470.208153,571.7323383,55.84862658,10.23717813,0.995217563,65.3791972,1764.932013,571.8444776,12212,0.506869215,196.4195099,194.0133514,147.3838806
36293,B-20-3-06_masks.tif,31,6596,511.5979797,188.678026,47.13831298,4.002646977,0.968288509,24.31114498,5397.606277,547.0861128,4860,0.736810188,205.3273621,197.751236,147.9273682
36294,B-20-3-06_masks.tif,32,16413,1036.793939,376.0476154,57.28379884,6.564641714,0.988329497,47.2873943,3436.867239,700.5949552,5417,0.330043258,202.2159882,193.6309814,159.5231628
36295,B-20-3-06_masks.tif,33,17489,1010.124892,382.2720106,61.84718133,6.18091241,0.986825471,70.56439581,4655.231746,637.6430899,10918,0.624278118,205.3856049,199.9035492,154.0038452
36296,B-20-3-06_masks.tif,34,14241,973.8233765,338.0592313,65.35271085,5.172841753,0.981136283,46.50113031,3394.756759,725.3619128,8364,0.587318306,207.5124359,201.1482544,162.2728424
36297,B-20-3-06_masks.tif,35,16159,1023.296465,408.0582831,55.50097528,7.352272298,0.990707139,71.12471564,4636.201064,679.6132186,6352,0.393093632,202.5341644,199.4428558,151.5858002
36298,B-20-3-06_masks.tif,36,14814,790.0243866,290.497964,67.37369032,4.311741907,0.972733712,36.87489306,4918.196031,719.6549885,6397,0.43182125,195.0645599,190.298111,116.3117065
36299,B-20-3-06_masks.tif,37,18380,1288.894444,503.4511228,64.31075008,7.828413169,0.991807714,63.73483317,2210.400381,718.8054407,296,0.016104461,232.341217,219.5202637,206.1689148
36300,B-20-3-06_masks.tif,38,10721,640.6690476,237.8807836,58.68618204,4.053437714,0.969090837,-69.2228729,4148.049995,702.5319466,7960,0.742468053,208.3448486,202.6105499,148.0660858
36301,B-20-3-06_masks.tif,39,12368,1118.994949,420.9734934,38.88577309,10.82590006,0.995724653,64.2452348,2197.526116,749.6579075,6629,0.535979948,206.9680176,202.7305756,166.0736084
36302,B-20-3-06_masks.tif,40,13397,932.6101731,370.4732043,52.09254062,7.111828295,0.990064946,60.85472873,3362.908562,771.3700829,7222,0.539075913,205.9123535,199.744812,161.9335327
36303,B-20-3-06_masks.tif,41,11547,801.1959595,294.620786,52.68919477,5.591673725,0.983878656,-54.94188738,4088.904391,801.766606,6639,0.574954534,211.9433594,205.9939728,147.2962799
36304,B-20-3-06_masks.tif,42,15905,930.9116882,362.2850457,65.21330812,5.555385184,0.9836656,79.37333885,4419.648098,771.171707,7143,0.449104055,202.6512604,196.9526825,143.4827118
36305,B-20-3-06_masks.tif,43,11180,802.3675324,296.8573872,50.17364143,5.916600404,0.985613311,57.75566693,3377.269052,831.7641324,6413,0.573613596,202.8724518,199.0352478,145.0176239
36306,B-20-3-06_masks.tif,44,14691,818.5269119,338.1133529,59.86536425,5.647896026,0.984200584,-85.93255786,1705.218978,788.806276,8294,0.564563338,198.1258698,194.2307739,134.7480164
36307,B-20-3-06_masks.tif,45,16475,1074.953319,433.6031514,52.76310863,8.217922763,0.992568738,70.58978021,1139.999272,853.9501669,8452,0.513019727,196.2168732,189.7090607,140.4151611
36308,B-20-3-06_masks.tif,46,17923,1045.296465,418.090012,62.56604146,6.682379166,0.988739443,73.59262063,1176.477431,814.7851922,11124,0.620655024,199.2653656,194.0030518,150.8317108
36309,B-20-3-06_masks.tif,47,14585,933.7817459,317.1891847,72.76772407,4.358926829,0.973328873,28.55787639,4328.152211,899.3452177,7260,0.497771683,203.9219055,203.1495819,153.6044006
36310,B-20-3-06_masks.tif,48,13699,822.3675324,297.3155167,63.18629805,4.705379582,0.977156129,59.50988069,4421.402146,846.3779108,8697,0.634863859,204.2539978,200.1378632,149.0617523
36311,B-20-3-06_masks.tif,49,12420,793.2964646,295.3224068,55.34697883,5.335836084,0.982281386,24.00185594,4223.227617,909.3575684,7212,0.580676329,196.7274017,194.5952606,152.1741486
36312,B-20-3-06_masks.tif,50,20135,1161.59798,500.4677187,53.07476923,9.429484591,0.994360763,89.40809967,2691.393196,858.0807549,9432,0.468438043,202.8562317,201.6095276,155.9716949
36313,B-20-3-06_masks.tif,51,22838,1430.007143,530.3266791,64.2424944,8.255076084,0.992635726,59.26641231,2646.716569,968.360846,6227,0.272659602,196.051712,192.5246582,136.3060913
36314,B-20-3-06_masks.tif,52,11344,775.6812409,283.5693053,52.11895372,5.44080963,0.982964377,42.83502916,4167.302274,946.9627997,6692,0.589915374,196.963089,194.5271912,147.5043335
36315,B-20-3-06_masks.tif,53,22785,1312.936075,501.101279,60.38154037,8.298915131,0.992713609,56.49708325,2512.339917,996.5277595,11046,0.484792627,195.2941284,190.4479523,144.2554779
36316,B-20-3-06_masks.tif,54,13086,802.9116882,289.7866157,64.6133064,4.48493711,0.974825635,15.58363717,4977.548984,1032.726272,10632,0.812471343,204.8051147,196.9273834,142.3834686
36317,B-20-3-06_masks.tif,55,14602,1103.095454,417.8720567,54.68283108,7.641741446,0.991400828,23.7068356,874.3296124,1088.066635,6103,0.417956444,191.2117004,184.4332275,144.6734467
36318,B-20-3-06_masks.tif,56,7930,572.8700577,235.1493767,46.11353702,5.099356759,0.98058327,3.630822663,4845.670492,1040.611475,5345,0.674022699,207.709259,200.649765,161.8959808
36319,B-20-3-06_masks.tif,57,8474,541.2132034,229.1963244,49.35475621,4.643854858,0.976539502,3.998670438,4802.73224,1045.117536,6788,0.801038471,208.0688019,202.8865662,159.6949005
36320,B-20-3-06_masks.tif,58,11461,893.3380951,312.226129,52.36748969,5.962213023,0.985834169,51.41611866,475.6193177,1038.069976,6408,0.559113515,193.1438751,187.4884491,149.7422028
36321,B-20-3-06_masks.tif,59,13602,1008.651804,383.2511067,53.691656,7.138001232,0.990138033,53.06906984,467.766946,1079.782458,5631,0.413983238,199.3354645,193.5597534,150.2473755
36322,B-20-3-06_masks.tif,60,18335,1105.137085,408.7203226,58.5300018,6.983090894,0.989693328,54.69818327,4702.58462,1097.636706,6580,0.358876466,193.3059235,187.7837372,124.9238586
36323,B-20-3-06_masks.tif,61,8973,564.4264069,196.0609824,65.14378112,3.009665375,0.943186831,22.66321996,4904.712582,1094.314499,8017,0.893458152,200.6716919,194.6673279,161.9034576
36324,B-20-3-06_masks.tif,62,13328,746.9116882,286.1062156,63.31673951,4.518650484,0.975204641,69.0070888,5328.016732,1119.12545,8454,0.634303721,202.654953,197.7919312,147.000473
36325,B-20-3-06_masks.tif,63,12284,751.6396103,278.4914628,58.82675392,4.73409536,0.977435607,63.51454677,5325.324243,1173.38367,9307,0.757652231,201.7812347,197.3531799,142.4874878
36326,B-20-3-06_masks.tif,64,16561,980.7695526,436.9187914,49.67981194,8.794694953,0.993514566,81.69857147,219.5051627,1171.216533,8496,0.513012499,197.466568,193.3664093,157.6590118
36327,B-20-3-06_masks.tif,65,16438,1247.480231,501.2856707,49.05375783,10.21910844,0.995200595,62.21768313,3002.972016,1254.362757,6650,0.404550432,195.8111267,193.5599976,151.1842041
36328,B-20-3-06_masks.tif,66,12721,920.6518036,329.5005731,51.41852778,6.408207067,0.987749175,-47.72761676,2657.02264,1259.384011,5549,0.436207845,209.265274,203.1374969,154.2885132
36329,B-20-3-06_masks.tif,67,14618,935.0121933,388.8614331,52.98405675,7.339215926,0.99067389,81.41624446,212.5527432,1211.956082,7074,0.483923929,196.2333832,192.1693573,144.9968872
36330,B-20-3-06_masks.tif,68,14161,1146.066017,422.886631,51.35467961,8.234626994,0.992598969,62.25669551,3063.474896,1246.647129,4564,0.322293623,203.265564,197.8014832,160.0922394
36331,B-20-3-06_masks.tif,69,10099,541.2132034,230.5102111,56.96037095,4.046852351,0.968988549,-1.365737032,31.53480543,1330.929696,7621,0.754629171,195.3370972,186.8787537,144.83638
36332,B-20-3-06_masks.tif,70,11490,726.0832611,294.8485826,52.27848111,5.639960771,0.984155736,-19.16550001,4763.563621,1359.058225,6699,0.583028721,206.1459961,201.5027618,150.4482727
36333,B-20-3-06_masks.tif,71,11605,848.1248917,320.8393215,48.19595064,6.656976721,0.988652846,64.3256966,5130.355192,1334.990607,7128,0.614218009,195.8881836,191.9190521,143.8533936
36334,B-20-3-06_masks.tif,72,8084,542.8700577,206.4321496,51.48027086,4.009927418,0.968405432,-12.53360951,188.9682088,1379.776967,5647,0.698540327,194.3566437,185.6392822,141.7949371
36335,B-20-3-06_masks.tif,73,21029,1198.509668,460.1340863,59.61324406,7.71865537,0.991572075,-21.92850989,2600.611394,1489.116506,8890,0.422749536,206.2319489,199.3140564,141.2155304
36336,B-20-3-06_masks.tif,74,10133,645.9411255,257.8019412,53.9308832,4.78022843,0.97787394,-12.78613241,4964.386164,1404.330899,6125,0.604460673,204.6685638,197.4884949,124.2937164
36337,B-20-3-06_masks.tif,75,10028,627.6984848,252.1983401,52.34571044,4.817937095,0.978222774,-6.336941937,80.41294376,1409.854507,7488,0.746709214,198.5225677,187.3298645,147.8842163
36338,B-20-3-06_masks.tif,76,8863,588.4264069,225.3021552,51.72274687,4.355958816,0.973292016,-21.91845936,4802.642785,1379.410922,7533,0.849937944,207.0674438,201.9106598,154.0674438
36339,B-20-3-06_masks.tif,77,10676,730.1248917,261.9326677,54.29490105,4.82425905,0.978280446,-36.60656508,4858.448483,1394.866898,6257,0.586080929,205.3563995,198.6509552,143.4411011
36340,B-20-3-06_masks.tif,78,11255,870.4680374,331.7600359,47.74959133,6.947913619,0.989588148,-21.95294298,5319.162506,1459.314083,7767,0.690093292,207.317627,197.4278412,154.2506714
36341,B-20-3-06_masks.tif,79,27241,1310.350288,473.6179634,88.44734867,5.354801139,0.982407794,-43.95664677,2790.751514,1437.388679,7198,0.264234059,211.9813843,205.7439575,158.2900848
36342,B-20-3-06_masks.tif,80,8770,585.4974747,213.2031063,53.82684587,3.960906548,0.967605386,-27.55118594,5379.07081,1425.81813,7461,0.850741163,206.0075073,198.6298065,144.732605
36343,B-20-3-06_masks.tif,81,9089,548.5269119,207.0432338,60.72999231,3.40924189,0.956014214,-8.891355041,121.4622071,1450.09385,7753,0.853009132,196.4987793,189.1925659,136.0905457
36344,B-20-3-06_masks.tif,82,16977,1067.882251,409.4008776,77.87087978,5.257432287,0.981744024,-10.82091963,4467.399305,1547.04406,10340,0.609059316,208.583847,202.3369446,153.1915894
36345,B-20-3-06_masks.tif,83,9476,656.7695526,265.45201,46.45047927,5.714731347,0.984570859,14.42651722,5133.713276,1490.491241,5628,0.593921486,188.9065399,186.5955963,139.1439209
36346,B-20-3-06_masks.tif,84,15780,1008.610173,377.1586728,56.0510203,6.728845805,0.988895298,24.39244638,5087.447022,1559.616477,4645,0.294359949,206.8663025,203.1268005,154.5375671
36347,B-20-3-06_masks.tif,85,11229,792.6690476,308.7495245,51.44958552,6.00101092,0.986018043,-14.12879172,4617.564431,1539.697747,8875,0.790364235,203.9281158,195.5302582,149.5503082
36348,B-20-3-06_masks.tif,86,5993,490.7695526,192.2533129,41.76986492,4.602679786,0.976112716,-24.16837896,5265.546971,1482.719006,4021,0.670949441,203.8435669,198.7378693,150.6677399
36349,B-20-3-06_masks.tif,87,16419,1097.865007,386.4433561,57.03056877,6.776074032,0.989050408,44.35663281,2351.923564,1581.072477,8961,0.545770144,202.5988159,194.2466278,153.9194336
36350,B-20-3-06_masks.tif,88,11419,770.1837662,310.6499517,49.60511249,6.262458366,0.987168554,-11.82957355,4503.887819,1566.960329,291,0.025483843,220.5463867,201.3023987,192.6769714
36351,B-20-3-06_masks.tif,89,19010,1157.379726,418.6984815,76.68618777,5.459894326,0.983084285,41.91239549,2404.820147,1570.113046,10592,0.557180431,199.6914673,190.8611145,148.3889771
36352,B-20-3-06_masks.tif,90,18574,1025.59798,448.3589278,59.47742978,7.53830368,0.99116216,3.533082573,4921.918542,1670.996285,6435,0.34645203,197.3707886,192.7568054,142.6702423
36353,B-20-3-06_masks.tif,91,8325,649.4974747,233.5660825,51.68218974,4.519276053,0.975211592,-28.08727717,5389.130811,1577.171171,5804,0.697177177,207.8712921,202.8551025,154.1833191
36354,B-20-3-06_masks.tif,92,7302,573.1126984,222.4779876,44.12305182,5.042216674,0.980136219,7.467152055,5034.112709,1573.921665,4867,0.666529718,197.3040924,187.8845215,148.1861572
36355,B-20-3-06_masks.tif,93,7000,520.6690476,190.4465925,47.70173873,3.992445509,0.968123573,-32.2874097,5364.155143,1537.37,6230,0.89,208.7434998,203.2242432,160.2589111
36356,B-20-3-06_masks.tif,94,13207,807.3553391,303.0783696,65.27347554,4.643208701,0.976532893,-6.667077964,1115.445748,1650.644431,9797,0.741803589,202.5469055,193.1748505,142.9933624
36357,B-20-3-06_masks.tif,95,12258,725.4558441,304.2624105,54.42909387,5.590069371,0.983869325,-2.799012782,177.0787241,1647.23862,8465,0.690569424,202.2099304,193.9405823,153.934906
36358,B-20-3-06_masks.tif,96,9251,566.627417,231.1391088,55.37183909,4.174307963,0.970881397,2.967697052,31.18949303,1659.63939,6483,0.700789104,185.58815,173.4633636,124.6190033
36359,B-20-3-06_masks.tif,97,13440,826.0832611,332.2659492,57.50677608,5.777857356,0.984908729,-17.83774629,4629.394792,1670.067039,10712,0.79702381,211.5933533,205.4166412,162.0231476
36360,B-20-3-06_masks.tif,98,8220,537.6984848,211.8776941,50.19976406,4.220691034,0.971527205,-11.08259155,222.8914842,1664.697932,7536,0.916788321,205.0771027,197.9477234,158.2031555
36361,B-20-3-06_masks.tif,99,9275,697.0538239,257.8754218,47.79773554,5.395138889,0.982672184,-31.53703332,4681.537682,1669.473423,8285,0.893261456,211.3721161,203.9919128,159.4040985
36362,B-20-3-06_masks.tif,100,10880,657.1126984,264.8536246,59.78906893,4.429800118,0.974186701,3.064079005,128.7590074,1705.707169,8716,0.801102941,201.4723511,191.474411,155.8682861
36363,B-20-3-06_masks.tif,101,10567,740.7106781,277.6375753,49.72404331,5.583567964,0.98383143,-34.70009438,4756.788682,1713.320337,7742,0.732658276,208.4737854,202.4686127,158.1130219
36364,B-20-3-06_masks.tif,102,7815,551.4974747,204.8075534,50.61589345,4.046309163,0.968980089,-30.72354691,4720.953679,1687.305182,7328,0.937683941,207.0948486,198.6129913,154.651062
36365,B-20-3-06_masks.tif,103,9605,701.7401154,277.5263657,46.02282132,6.030190192,0.986153976,-22.29796533,330.1116085,1727.124206,7796,0.811660593,193.9915314,182.4257355,133.6884308
36366,B-20-3-06_masks.tif,104,6794,464.0416306,180.9162315,51.97818454,3.480618516,0.957839073,-11.69077728,258.8993229,1705.331616,5801,0.853841625,197.8448486,190.3682098,143.5221558
36367,B-20-3-06_masks.tif,105,21367,1219.84062,527.1161214,57.2120267,9.213379629,0.994092322,-86.40864242,3098.224458,1666.697524,9001,0.421257079,204.222641,197.8643494,152.1720886
36368,B-20-3-06_masks.tif,106,19956,1199.379726,427.5349708,61.45436208,6.956950757,0.989615322,-58.37907201,3662.972289,1730.033925,11379,0.57020445,206.7693939,200.1015015,144.3937988
36369,B-20-3-06_masks.tif,107,10673,651.5979797,258.5815214,54.04744877,4.784342782,0.977912408,-13.40961732,392.3500422,1744.404947,7737,0.724913333,198.5579681,188.3854218,143.0757446
36370,B-20-3-06_masks.tif,108,19494,1241.965512,449.0689004,77.04410399,5.82872507,0.985172958,51.81817056,4174.290397,1730.740279,10792,0.553606238,202.1960754,196.2223816,154.1812439
36371,B-20-3-06_masks.tif,109,4802,372.5269119,128.5503299,48.62742363,2.64357682,0.925693116,-46.13977858,5395.321741,1675.821741,3270,0.680966264,202.1486206,200.342514,141.3669739
36372,B-20-3-06_masks.tif,110,9147,542.0416306,203.1576591,60.55947417,3.354680037,0.95453745,2.675970326,1051.311687,1730.362086,6733,0.736088335,214.1237183,206.4923553,166.639389
36373,B-20-3-06_masks.tif,111,14693,876.8528137,321.9321009,59.29105607,5.429690787,0.982893927,-33.31486016,3752.880623,1793.585245,7257,0.493908664,208.3841858,202.9557648,150.6458588
36374,B-20-3-06_masks.tif,112,14160,1069.379726,389.6212242,47.25836956,8.244491459,0.992616735,49.48198436,4157.256709,1771.583192,8231,0.581285311,203.1016846,199.4723663,155.423645
36375,B-20-3-06_masks.tif,113,26426,1348.468037,529.5670046,76.39626618,6.931844069,0.989539562,3.320528014,4055.32415,1921.905056,11586,0.438431847,200.6623535,191.8290253,134.7913055
36376,B-20-3-06_masks.tif,114,18809,983.3969696,395.3911682,62.7670187,6.299346,0.987319353,-16.35306496,3813.804296,1852.730608,9995,0.531394545,207.4418182,198.6217041,142.4728394
36377,B-20-3-06_masks.tif,115,8401,660.0832611,234.7792305,48.97558723,4.793801234,0.978000462,-20.15433591,3882.571599,1811.099512,4879,0.580764195,208.0295105,200.464035,151.8694458
36378,B-20-3-06_masks.tif,116,16579,855.1543289,340.3600652,66.25891241,5.136819378,0.9808682,-74.12519767,2298.423065,1737.947765,9437,0.569214066,201.2185059,196.699585,136.1652069
36379,B-20-3-06_masks.tif,117,20930,1193.154329,493.1793962,58.16152231,8.479478815,0.9930217,78.932135,3101.134114,1737.062828,9324,0.44548495,200.404541,194.5111542,151.4648285
36380,B-20-3-06_masks.tif,118,20941,1063.154329,381.0527644,74.05180297,5.145759443,0.980935266,10.45282887,3988.166133,1943.545485,14046,0.670741607,206.8876495,199.9212646,142.4340668
36381,B-20-3-06_masks.tif,119,8400,517.4558441,206.3610515,55.46054889,3.720862048,0.963208591,-12.54969655,418.7455952,1845.41381,4486,0.534047619,206.779541,197.1092224,153.7920227
36382,B-20-3-06_masks.tif,120,7778,511.8406204,186.4446335,54.13186651,3.444267592,0.956924314,32.77645865,123.8803034,1842.832219,6166,0.792748779,193.3942566,181.1394806,134.8211212
36383,B-20-3-06_masks.tif,121,13821,885.4386002,320.0161874,60.68132468,5.273717887,0.981857641,-57.75343761,1985.975327,1859.817379,9352,0.676651472,203.2995148,194.9589386,136.880661
36384,B-20-3-06_masks.tif,122,19071,1074.953319,431.9095993,64.48584552,6.697742672,0.988791336,20.11246373,2404.583504,1954.218552,9361,0.490849982,202.4860535,196.3252869,147.7924347
36385,B-20-3-06_masks.tif,123,7119,543.4558441,218.0567591,42.44146505,5.13782356,0.980875751,80.4721711,5178.21871,1784.872173,5856,0.822587442,200.4463806,196.6449738,159.3985596
36386,B-20-3-06_masks.tif,124,5974,444.3847763,177.4798999,45.49762761,3.900860534,0.966583046,-4.126621891,509.353532,1856.852862,5077,0.849849347,199.2298584,190.3699036,147.9351959
36387,B-20-3-06_masks.tif,125,18473,1108.367532,443.2818196,54.85812503,8.080513494,0.992312864,18.69014953,2361.338494,1974.934607,5113,0.276782331,201.1605682,191.5388184,160.3193817
36388,B-20-3-06_masks.tif,126,21974,1098.083261,475.4998613,59.75081526,7.958048091,0.992073499,-80.52672951,2961.156185,1823.098435,9524,0.433421316,206.4068604,199.6282043,147.8783112
36389,B-20-3-06_masks.tif,127,6635,451.6984848,167.7402556,51.63271426,3.248720468,0.951446716,-16.22870188,3916.359156,1846.704898,4035,0.608138659,205.8312225,197.7985077,159.0433655
36390,B-20-3-06_masks.tif,128,20360,1158.225397,473.345752,67.39427666,7.023530417,0.989812281,-78.89807264,3001.631434,1864.927112,10534,0.517387033,206.8206787,199.6722107,152.1311951
36391,B-20-3-06_masks.tif,129,16027,1038.551299,354.0017398,59.18165068,5.981613148,0.985926563,40.13416312,5116.981469,1962.035939,8433,0.52617458,199.7323608,197.3592987,151.1708832
36392,B-20-3-06_masks.tif,130,13083,909.1543289,370.8803621,50.5251415,7.340511102,0.990677196,-73.14798032,2112.688527,1878.75793,7569,0.578537033,205.7255859,198.6670685,148.9009094
36393,B-20-3-06_masks.tif,131,8608,625.1126984,250.8374675,51.08235841,4.91045197,0.97904433,81.05321274,5187.955507,1873.538453,4255,0.494307621,195.6289063,191.4937744,147.7696838
36394,B-20-3-06_masks.tif,132,6016,427.3553391,144.6739095,54.92083503,2.634226327,0.925143284,-36.97588234,552.6112035,1910.444648,1862,0.309507979,194.2524109,184.845871,136.2449036
36395,B-20-3-06_masks.tif,133,13259,875.9827561,350.6676612,49.58573672,7.071946176,0.989952003,-70.89535266,2113.444981,1921.069613,9593,0.72350856,208.6091919,201.8761597,164.2613373
36396,B-20-3-06_masks.tif,134,17543,1236.409163,460.7091595,79.73990258,5.777648889,0.984907631,62.80609712,2910.46691,2002.225959,7376,0.420452602,203.1926575,194.957428,160.5138245
36397,B-20-3-06_masks.tif,135,6373,420.627417,149.985649,57.58571668,2.604563383,0.923357415,-0.920600712,453.0395418,1944.730582,5159,0.809508866,202.2019806,191.9092865,138.0779266
36398,B-20-3-06_masks.tif,136,18136,1143.338095,429.2597528,55.86430121,7.683972475,0.991495494,65.80996391,2974.042843,1986.910179,8328,0.459197177,198.8239746,192.1560974,153.1281281
36399,B-20-3-06_masks.tif,137,9389,571.7401154,202.4935694,60.30485316,3.357832062,0.954624789,40.94754289,320.2076898,1982.110022,7307,0.778251145,186.6358337,176.7256012,129.6081848
36400,B-20-3-06_masks.tif,138,12527,611.5979797,227.7394289,71.49380167,3.185442984,0.949446766,17.4580128,168.6778957,2039.147841,10418,0.83164365,197.8134003,189.5980072,149.26828
36401,B-20-3-06_masks.tif,139,17462,1131.865007,424.3293054,55.56947048,7.636014914,0.991387869,52.72197509,5035.156282,2056.567346,7887,0.451666476,193.5817108,189.3036652,147.3404388
36402,B-20-3-06_masks.tif,140,2803,279.4558441,90.68471431,41.19301144,2.201458722,0.890877179,48.69384641,886.5747413,1974.082768,2371,0.845879415,180.181778,172.8317108,133.3509064
36403,B-20-3-06_masks.tif,141,21490,1334.308658,516.5259994,63.02660285,8.195364751,0.992527618,25.26252459,3994.66268,2152.240949,9803,0.456165658,199.8486176,193.0148926,153.9227753
36404,B-20-3-06_masks.tif,142,12869,828.7695526,342.9775133,52.21205008,6.568934044,0.988344833,81.60371126,2163.070557,1999.076152,644,0.050042738,234.967392,216.9037323,206.9099426
36405,B-20-3-06_masks.tif,143,16972,941.1543289,388.6311831,57.44326528,6.76547862,0.989015895,-16.86118365,3614.802204,2143.210052,7021,0.413681358,199.5496368,189.7751007,134.8353577
36406,B-20-3-06_masks.tif,144,11270,650.5685425,233.4795974,62.20884611,3.753157502,0.963850864,28.01368635,317.3453416,2083.463265,8368,0.742502218,196.7293243,184.6079102,146.6144867
36407,B-20-3-06_masks.tif,145,19213,1242.83557,447.2888587,58.15633125,7.691146417,0.99151142,41.53642232,1696.07547,2155.171707,6615,0.344298131,187.3380127,176.0872192,126.7275925
36408,B-20-3-06_masks.tif,146,11106,648.9116882,236.9565137,61.04921305,3.881401608,0.966241276,22.0362143,261.7447326,2105.73906,9734,0.876463173,201.2869263,191.118042,143.6675568
36409,B-20-3-06_masks.tif,147,21100,1214.610173,474.059385,64.32323356,7.36995575,0.990751888,72.00906455,2955.47891,2083.456635,6905,0.327251185,201.0864563,191.8270874,151.3763885
36410,B-20-3-06_masks.tif,148,12670,798.5685425,304.3054826,61.4027109,4.955896542,0.979430905,20.01211411,5395.154617,2130.083741,4963,0.391712707,200.0711212,198.9431763,137.8762817
36411,B-20-3-06_masks.tif,149,3072,259.7989899,83.77906067,47.77675293,1.753552837,0.821456756,28.24506108,938.9609375,2042.02474,2624,0.854166667,190.9668427,182.5061035,135.67836
36412,B-20-3-06_masks.tif,150,13558,972.6101731,362.2824523,51.06080214,7.095118705,0.990017859,25.87031988,3962.794807,2181.011875,8369,0.617273934,198.4107971,192.5688782,146.4826202
36413,B-20-3-06_masks.tif,151,16108,1101.59798,453.1712986,47.69812804,9.500819365,0.994445362,85.03500926,2132.082257,2038.218525,8598,0.533772039,201.606308,191.5095367,160.7979736
36414,B-20-3-06_masks.tif,152,16304,933.1126984,412.0277228,51.72732926,7.96537785,0.992088138,3.59561237,2755.56618,2219.968658,5946,0.36469578,202.6757507,195.8706665,150.9621582
36415,B-20-3-06_masks.tif,153,13554,1033.195959,359.3983119,84.4349013,4.256513674,0.972011313,18.44000926,2884.550243,2222.458241,7409,0.546628302,202.1537323,193.8570709,156.8252106
36416,B-20-3-06_masks.tif,154,10155,717.2964646,264.7420636,55.46410622,4.773214275,0.977808126,-56.29329803,3727.053471,2109.316396,2201,0.216740522,213.5956421,205.0449829,164.075882
36417,B-20-3-06_masks.tif,155,11999,943.4386002,343.3172088,47.67514467,7.201178122,0.990311157,30.3601006,1989.809234,2187.097091,4587,0.382281857,195.328537,189.4320831,161.0671387
36418,B-20-3-06_masks.tif,156,9724,746.3675324,267.8936939,50.13053507,5.343922491,0.982335451,-38.45050387,3766.844303,2169.822193,6617,0.680481283,211.7504883,204.9980316,171.0379333
36419,B-20-3-06_masks.tif,157,13695,729.0121933,296.1184165,61.82542382,4.789589754,0.97796132,76.18067755,2244.957211,2105.378459,10223,0.746476816,203.4585724,194.6768036,160.9387665
36420,B-20-3-06_masks.tif,158,13330,939.3969696,374.1862826,62.25028894,6.01099672,0.986064787,16.86053744,2820.435559,2261.911178,6710,0.503375844,213.0865936,204.031601,166.8040314
36421,B-20-3-06_masks.tif,159,14496,959.9238816,356.1083931,53.40830525,6.667659486,0.988689385,33.96255895,1959.084299,2220.971302,5415,0.373551325,202.6269684,193.8040619,165.4986115
36422,B-20-3-06_masks.tif,160,4799,424.4264069,158.023941,39.54378191,3.996176728,0.968184048,50.67597387,522.7255678,2146.940404,4290,0.893936237,190.534729,183.6100159,147.6650391
36423,B-20-3-06_masks.tif,161,14081,861.6812409,314.2364873,63.74630059,4.929485859,0.979207562,40.14828745,2976.480151,2201.71877,6490,0.460904765,198.2861328,191.6360626,149.5517731
36424,B-20-3-06_masks.tif,162,14533,863.9827561,346.3908817,56.30852016,6.151660187,0.986699032,68.11505642,4588.711966,2160.958371,6840,0.470652997,198.0809937,194.8460541,150.2073059
36425,B-20-3-06_masks.tif,163,9651,588.7695526,229.8398647,55.29847957,4.156350527,0.970625425,75.62289117,2224.488965,2150.454461,6191,0.641487929,196.9688263,186.0193787,152.3432465
36426,B-20-3-06_masks.tif,164,4863,437.0121933,158.1320699,43.65663199,3.622177495,0.961135513,34.56407401,482.448283,2179.52848,4343,0.893070121,192.4367981,184.8897095,144.545929
36427,B-20-3-06_masks.tif,165,8996,611.5979797,232.1745751,50.27351169,4.618228711,0.976275247,18.28859925,2853.262783,2245.862717,6388,0.710093375,201.321701,190.5234833,151.459137
36428,B-20-3-06_masks.tif,166,11704,894.8528137,321.5436662,61.96256512,5.189321417,0.981257046,-55.18207641,3742.046992,2250.469583,7217,0.616626794,209.73909,203.8412018,160.9918213
36429,B-20-3-06_masks.tif,167,9509,669.3553391,261.5972348,47.62441508,5.492922787,0.983288823,78.52561913,4532.374487,2193.743296,5938,0.624461037,201.7472229,196.1865997,153.1710968
36430,B-20-3-06_masks.tif,168,12248,748.3675324,276.7325515,59.01733513,4.689004525,0.976994416,38.45700661,312.7364468,2287.138472,9372,0.765186153,194.7453003,183.8729248,142.8384552
36431,B-20-3-06_masks.tif,169,8471,588.4264069,222.3011488,49.09984219,4.527532858,0.975303066,18.66764217,471.6602526,2313.136702,7857,0.927517412,198.32341,188.7849121,150.8172302
36432,B-20-3-06_masks.tif,170,8600,546.5269119,204.9456772,54.82106436,3.738447612,0.96356044,15.30447224,421.4565116,2317.792326,7767,0.903139535,199.9294434,190.3122253,154.4713593
36433,B-20-3-06_masks.tif,171,5858,423.2132034,173.064052,44.20504185,3.915029706,0.966828634,-77.22278465,794.5242404,2263.857631,5039,0.860191192,192.5532837,187.0432587,140.0593414
36434,B-20-3-06_masks.tif,172,13203,990.7523087,383.0538318,51.84241468,7.388811539,0.990799247,53.38829285,3967.033401,2326.802621,4179,0.316518973,188.270874,183.6460876,154.7489777
36435,B-20-3-06_masks.tif,173,13197,881.5807358,321.0945366,54.30181468,5.913145602,0.985596372,39.98682068,2705.978025,2384.595666,6823,0.517011442,195.0655212,186.2828674,150.7389679
36436,B-20-3-06_masks.tif,174,19084,1035.355339,445.4063411,56.87027597,7.831970806,0.991815186,83.97940344,3335.852075,2292.270803,9092,0.476420038,196.2322845,188.5393677,144.5158386
36437,B-20-3-06_masks.tif,175,16882,1037.722871,387.5162398,62.29510797,6.220652833,0.986994369,51.02150596,2685.471153,2438.868203,6446,0.381826798,200.6340332,190.8143005,151.6731262
36438,B-20-3-06_masks.tif,176,22108,1085.539105,417.9378146,70.4824474,5.92967228,0.985677132,18.33099288,3143.696988,2507.240637,7475,0.3381129,197.9153137,189.5700378,128.8882904
36439,B-20-3-06_masks.tif,177,6774,452.0416306,181.5184082,49.1800726,3.690893458,0.962597051,85.57475303,787.5659876,2345.882049,3726,0.550044287,200.6223907,196.8478241,142.5292511
36440,B-20-3-06_masks.tif,178,19462,1013.59798,427.8201963,60.41747854,7.081066714,0.989978001,-84.16568335,3339.209382,2357.739184,8768,0.45051896,200.2834167,190.3837891,144.4293976
36441,B-20-3-06_masks.tif,179,18222,1068.551299,400.388963,60.46249029,6.622105062,0.988532329,51.63370751,3704.379486,2435.394194,7834,0.429919877,190.5584564,183.4849396,137.5091858
36442,B-20-3-06_masks.tif,180,14462,933.7817459,356.9696952,54.45009452,6.555905886,0.988298189,-26.21490545,2995.609044,2502.644724,4827,0.333771263,203.2090302,198.4296722,138.8237
36443,B-20-3-06_masks.tif,181,7394,571.7401154,197.3769919,52.4780933,3.76113116,0.964006834,44.96707174,3997.129159,2411.721396,3033,0.410197457,203.0527496,200.7401886,150.6930389
36444,B-20-3-06_masks.tif,182,13044,856.3259018,343.3204286,61.52885726,5.579827806,0.983809568,78.64442541,2115.638684,2415.002913,4564,0.349892671,188.8067474,181.7169189,147.0361481
36445,B-20-3-06_masks.tif,183,4821,496.8700577,211.9141031,36.10832314,5.868843654,0.985376476,87.88126608,764.3360299,2381.318399,4821,1,191.5751953,180.5378571,152.7243347
36446,B-20-3-06_masks.tif,184,21817,1289.137085,502.2524114,62.60940871,8.021995763,0.992199863,61.64048985,3371.313104,2503.438924,7938,0.363844708,195.3487091,184.6589813,135.4358826
36447,B-20-3-06_masks.tif,185,3872,273.5563492,88.98466967,56.34811208,1.579195228,0.773960458,-84.81483937,776.9411157,2435.475465,3520,0.909090909,201.2877808,194.3284149,145.4329529
36448,B-20-3-06_masks.tif,186,6284,471.0121933,171.2873208,47.48784553,3.606971823,0.960800448,62.59570814,680.8889243,2464.508752,5110,0.813176321,202.4790649,197.3510742,172.8066559
36449,B-20-3-06_masks.tif,187,10237,669.7401154,252.1428269,52.70460944,4.784075426,0.977909911,-63.48164544,155.3795057,2486.481879,9452,0.923317378,199.0882416,192.863739,147.6636658
36450,B-20-3-06_masks.tif,188,18912,1160.651804,427.8525216,60.2428243,7.10213252,0.990037665,61.422591,3352.920209,2546.61416,8762,0.463303723,196.6221161,188.8005066,141.4010468
36451,B-20-3-06_masks.tif,189,8337,585.7401154,210.9924543,51.86510779,4.06810018,0.969316765,59.46501895,528.3172604,2525.152093,6303,0.756027348,200.8134155,193.4232941,149.7390137
36452,B-20-3-06_masks.tif,190,5615,515.1126984,214.6389784,39.75173904,5.399486502,0.982700323,-71.45483328,217.1576135,2507.544613,5555,0.989314337,194.1157532,187.322052,151.2291565
36453,B-20-3-06_masks.tif,191,7051,545.254834,194.9894726,47.96942047,4.0648703,0.969267212,60.62838401,627.6142391,2539.141966,0,0,,,
36454,B-20-3-06_masks.tif,192,19487,1264.551299,493.1203459,71.00679466,6.944692382,0.989578436,-28.46317455,5143.332529,2683.810438,8337,0.427823677,198.2716827,193.2259827,149.1795654
36455,B-20-3-06_masks.tif,193,3762,383.1126984,146.0046337,34.78959826,4.196789874,0.971197148,-61.4267911,262.5760234,2544.198033,3621,0.962519936,200.7282562,197.4239197,151.3291931
36456,B-20-3-06_masks.tif,194,4247,339.3553391,111.6356885,49.23212456,2.267537496,0.897503644,-49.43112041,838.1577584,2550.792795,4005,0.943018601,198.8052368,193.5835266,147.4529266
36457,B-20-3-06_masks.tif,195,6855,523.5979797,208.7086224,44.66854353,4.672384768,0.976828518,63.87682276,511.8396791,2565.643618,6407,0.934646244,199.5787354,191.3588257,151.9502106
36458,B-20-3-06_masks.tif,196,21180,1168.225397,471.58765,63.50593777,7.425882785,0.990891303,11.70292713,2631.846789,2743.28475,7761,0.366430595,193.8858337,183.2038422,139.8846741
36459,B-20-3-06_masks.tif,197,19891,1012.752309,366.0195165,79.9626204,4.577382715,0.975844683,53.17992372,3367.461817,2650.613996,8738,0.439294153,190.5080109,182.9470062,134.802475
36460,B-20-3-06_masks.tif,198,15757,1033.923882,386.6619439,54.98125515,7.032613987,0.989838717,-27.37751643,5183.315733,2699.951323,8333,0.528844323,203.938324,198.9055634,150.6332703
36461,B-20-3-06_masks.tif,199,18963,1041.154329,417.9951064,65.16702904,6.414211489,0.987772242,11.34838591,2584.245478,2752.589464,7903,0.416758952,209.6465912,203.6169739,163.9870911
36462,B-20-3-06_masks.tif,200,2300,231.3137085,84.75716092,36.54968453,2.318957387,0.902242857,-87.24073111,157.5634783,2573.397391,2184,0.949565217,196.9473419,193.7788391,153.8685913
36463,B-20-3-06_masks.tif,201,16649,892.1837662,381.6160143,62.70775251,6.08562736,0.986406819,3.972647235,2525.466394,2745.65109,7220,0.433659679,202.7567902,194.7837982,156.0257568
36464,B-20-3-06_masks.tif,202,5972,488.0832611,175.8303008,44.35267209,3.964367704,0.967662872,-52.88388785,837.2516745,2623.807435,5729,0.959310114,200.8987579,194.1581421,145.9348907
36465,B-20-3-06_masks.tif,203,3533,321.1126984,108.6511887,42.94087188,2.530251109,0.91858749,-41.12853202,770.7803566,2620.556185,3211,0.908859326,202.3400879,195.0675812,145.2388611
36466,B-20-3-06_masks.tif,204,5965,465.4558441,187.6115391,41.7700974,4.491527451,0.974900407,77.49486799,614.7564124,2642.791618,5849,0.980553227,198.7854309,190.9470062,156.3607483
36467,B-20-3-06_masks.tif,205,7411,477.4974747,165.5063451,59.19288974,2.79605111,0.933856757,51.18802175,305.8162191,2684.227904,6611,0.892052355,188.9089355,178.5212555,128.2114716
36468,B-20-3-06_masks.tif,206,12315,913.9238816,320.8680965,53.89182128,5.95392935,0.98579444,55.41469988,1606.062688,2751.921965,4277,0.347300041,203.0682678,193.8547974,165.9604797
36469,B-20-3-06_masks.tif,207,5422,431.4558441,170.5450643,42.31855138,4.030030772,0.968724934,71.00275148,598.862228,2682.417558,5337,0.984323128,198.6160736,192.6387482,152.7852783
36470,B-20-3-06_masks.tif,208,10755,808.8528137,300.1606049,49.20224348,6.100547123,0.986473681,53.33897938,1645.520874,2729.852999,6553,0.609298001,199.3859253,194.6288757,155.0862274
36471,B-20-3-06_masks.tif,209,8363,535.5979797,204.5206171,53.08152688,3.85295279,0.965732035,65.24019025,521.9727371,2705.395552,7775,0.929690303,193.707016,184.6394806,140.1091919
36472,B-20-3-06_masks.tif,210,5898,486.0832611,176.7153432,45.15171195,3.913812689,0.966807647,44.47220147,1028.590539,2719.373347,5582,0.946422516,196.5591125,188.5458679,157.1800385
36473,B-20-3-06_masks.tif,211,17359,1026.568542,428.3640644,54.48071383,7.862673491,0.991879243,75.62277669,3092.947866,2714.917276,4776,0.275131056,191.3490295,185.0443878,139.969635
36474,B-20-3-06_masks.tif,212,9413,687.2964646,257.3893162,49.06117888,5.246292937,0.981665691,-38.39851955,1207.002231,2771.845958,6930,0.736215872,202.1985626,196.3139954,157.0659485
36475,B-20-3-06_masks.tif,213,5864,469.5979797,176.9004854,43.91772654,4.027997333,0.968692839,28.36963754,254.1268759,2766.516542,5671,0.967087312,193.5760956,186.7489014,147.0500793
36476,B-20-3-06_masks.tif,214,10608,819.5979797,311.3181874,45.89578377,6.783154395,0.989073381,-14.16270231,4497.822964,2842.828243,6565,0.618872549,204.8993073,197.4670258,163.4708252
36477,B-20-3-06_masks.tif,215,4998,445.254834,168.2700528,40.83099168,4.121135585,0.970113508,48.30067135,940.8689476,2753.820528,4506,0.901560624,194.5157623,186.0432739,155.3968048
36478,B-20-3-06_masks.tif,216,5309,456.4264069,165.9006779,42.09156696,3.941423185,0.967278897,30.34756354,166.4102468,2778.051799,2630,0.495385195,198.2262421,190.8939209,151.407608
36479,B-20-3-06_masks.tif,217,14761,898.9116882,345.8266642,67.2452578,5.142766575,0.980912854,-10.95917092,4447.561547,2881.593252,6661,0.45125669,204.8235931,198.0136566,163.063797
36480,B-20-3-06_masks.tif,218,15197,1121.580736,430.5135894,49.58580187,8.682194764,0.99334484,-27.28238025,4530.603935,2908.548464,6512,0.428505626,202.416153,193.1154785,147.7443237
36481,B-20-3-06_masks.tif,219,19219,951.3553391,391.7487672,72.2454348,5.42247089,0.982847946,89.0930631,3725.071388,2759.148447,5605,0.291638483,191.069397,179.178772,132.7065125
36482,B-20-3-06_masks.tif,220,15147,1014.024387,371.2749163,57.75456639,6.428494567,0.987826852,-25.76425881,4573.688057,2914.287186,297,0.019607843,214.2020264,198.8148193,203.5420837
36483,B-20-3-06_masks.tif,221,7135,509.254834,186.0467279,50.25701187,3.701905883,0.962823543,30.55671318,233.7223546,2812.697407,6149,0.861807989,200.2379303,190.993988,148.006012
36484,B-20-3-06_masks.tif,222,4681,395.3553391,145.3530256,41.82956909,3.474886994,0.957696802,48.88073625,1035.061312,2782.006836,4324,0.923734245,203.4810333,195.3940735,162.9687805
36485,B-20-3-06_masks.tif,223,11060,765.3969696,292.0014941,55.17771234,5.292018855,0.981984054,65.74681818,5331.649458,2828.16302,4244,0.383725136,197.1819,190.0377045,155.8334045
36486,B-20-3-06_masks.tif,224,6500,452.8700577,165.9153134,53.1099176,3.123998697,0.947382894,-13.03193076,61.27476923,2843.110923,5609,0.862923077,202.8192139,196.9832458,161.9532928
36487,B-20-3-06_masks.tif,225,6656,674.1248917,251.2310836,37.06016388,6.779006279,0.989059931,40.609542,547.992488,2859.856971,6493,0.975510817,193.101181,183.0977936,153.44664
36488,B-20-3-06_masks.tif,226,7403,579.1126984,230.339188,45.09178865,5.108229123,0.980651325,76.4857612,5349.671485,2791.858976,2912,0.393354046,188.2366028,180.542923,145.6929932
36489,B-20-3-06_masks.tif,227,3815,291.2132034,96.28679495,51.17091689,1.881670308,0.847094226,60.42822991,906.8107471,2793.322412,3645,0.955439056,202.1602173,193.935257,156.1163177
36490,B-20-3-06_masks.tif,228,3419,332.5269119,109.7788037,41.60632031,2.63851268,0.925396098,37.76091422,144.4831822,2812.840597,2860,0.836501901,201.9674835,192.7853088,148.4213257
36491,B-20-3-06_masks.tif,229,6276,520.9116882,193.4370666,43.12838075,4.485145588,0.974828005,56.37758333,652.5047801,2819.016093,5935,0.945666029,197.1329346,190.3927612,162.3624268
36492,B-20-3-06_masks.tif,230,6637,468.4264069,161.7571264,54.8808994,2.947421201,0.940685562,51.75624499,394.07865,2828.64487,6430,0.96881121,194.733902,185.9007721,147.7247314
36493,B-20-3-06_masks.tif,231,8545,564.6690476,212.579798,52.26422112,4.067405836,0.969306123,63.79079223,905.7472206,2846.76653,7881,0.922293739,198.9203186,189.868927,150.0510101
36494,B-20-3-06_masks.tif,232,19028,1010.953319,389.1307579,64.8196957,6.003279616,0.986028683,69.16198212,4030.157295,2861.09176,9583,0.503626235,193.7119904,188.1580963,138.7948456
36495,B-20-3-06_masks.tif,233,2817,334.0416306,124.63848,30.49799583,4.086776084,0.969600946,-13.37373284,19.08200213,2848.628683,1810,0.642527512,198.0988922,189.1082916,167.125412
36496,B-20-3-06_masks.tif,234,6009,488.6690476,180.1711919,43.41162389,4.150298371,0.970538391,30.99426844,511.9093027,2872.626893,5410,0.900316192,207.0591431,198.2818909,163.9510193
36497,B-20-3-06_masks.tif,235,5561,455.8406204,165.1847261,45.88425181,3.600030938,0.960646049,57.86745456,615.5617695,2850.597914,5160,0.927890667,195.5428314,187.0953522,154.0282898
36498,B-20-3-06_masks.tif,236,5367,481.5979797,179.397736,39.50310538,4.541357808,0.975455093,63.54113531,809.9461524,2843.655487,5251,0.978386436,203.8546906,197.6337891,163.4252472
36499,B-20-3-06_masks.tif,237,17597,1055.296465,421.7600882,72.20468655,5.841173314,0.98523656,74.85983541,1419.292323,2861.616355,8255,0.469114054,195.5582123,186.2514801,150.4867401
36500,B-20-3-06_masks.tif,238,7292,532.6690476,201.0524539,49.19570266,4.086788949,0.96960114,59.1953383,804.9040044,2892.257543,7025,0.963384531,201.2999268,193.0650482,161.8639221
36501,B-20-3-06_masks.tif,239,2038,228.3847763,76.26836958,35.99861384,2.118647399,0.881598945,37.24467127,194.0667321,2883.494603,2008,0.985279686,196.658371,188.0732117,155.9760895
36502,B-20-3-06_masks.tif,240,11507,710.1837662,265.8494799,59.54984269,4.46431876,0.974589525,77.62014458,1355.613279,2903.518467,5992,0.520726514,201.9481049,193.4163818,157.6056366
36503,B-20-3-06_masks.tif,241,20754,1233.39697,518.4585817,75.64641432,6.85370994,0.989298402,-2.142601533,3749.334731,3103.858051,8244,0.397224631,199.1273651,189.1402283,162.0061798
36504,B-20-3-06_masks.tif,242,3127,260.3847763,86.85181351,46.56241677,1.865277181,0.844146003,56.98136116,413.7732651,2892.513272,3037,0.97121842,197.1593628,187.5907135,142.9683838
36505,B-20-3-06_masks.tif,243,4169,357.4558441,121.8202835,47.97819497,2.539076001,0.919177272,-11.28861063,22.85680019,2948.885104,2791,0.6694651,197.1461792,187.1064148,138.1562195
36506,B-20-3-06_masks.tif,244,14060,945.9411255,408.4177591,45.18203957,9.039382971,0.993861994,-2.268353168,3785.778805,3106.566643,4211,0.299502134,201.3421936,193.5813293,168.9164124
36507,B-20-3-06_masks.tif,245,9553,606.0832611,230.9690743,53.62829328,4.306851107,0.97267088,24.07677944,1133.331624,3016.831153,6050,0.633308908,203.8517303,194.3284302,156.0965271
36508,B-20-3-06_masks.tif,246,15596,860.4264069,343.2554142,66.83403894,5.135937012,0.980861562,80.37157148,1403.637471,2969.229097,9416,0.60374455,202.111618,191.6412506,153.0119019
36509,B-20-3-06_masks.tif,247,4898,411.4558441,166.3685579,39.08928753,4.256116406,0.972006012,74.57831622,480.6135157,2959.24704,4213,0.860146999,190.500351,182.638031,152.0253906
36510,B-20-3-06_masks.tif,248,4811,360.1421356,149.840109,41.76737303,3.587491817,0.96036478,-86.73102444,742.2080649,2948.559135,4659,0.968405737,194.62117,186.7922363,148.0461426
36511,B-20-3-06_masks.tif,249,4636,385.9411255,139.6982322,44.83966005,3.115506052,0.947087619,41.82793856,1268.022865,2982.512079,4432,0.955996549,200.3740997,190.8368683,153.2754974
36512,B-20-3-06_masks.tif,250,10314,650.3259018,240.2384079,56.59717262,4.244706879,0.971853135,22.60963658,1083.877739,3057.429029,9307,0.902365717,204.6931305,196.3936768,162.8688049
36513,B-20-3-06_masks.tif,251,19147,967.8406204,389.6402261,74.12165631,5.256766315,0.981739355,0.347912658,3891.072492,3144.061576,4576,0.238993054,205.2266235,200.1667328,143.3452759
36514,B-20-3-06_masks.tif,252,7288,450.6690476,142.6661726,66.75912875,2.137028677,0.883760534,44.17855999,1221.57972,3007.361279,6443,0.884055982,202.0591278,192.3141327,147.2761078
36515,B-20-3-06_masks.tif,253,17568,918.5269119,389.4634948,58.66611377,6.638644862,0.98858973,-1.407498241,3839.016507,3147.435565,10344,0.588797814,204.1827087,197.1065369,153.137085
36516,B-20-3-06_masks.tif,254,2598,260.3847763,92.19669666,37.22324573,2.476858072,0.914874958,-72.24611458,796.9337952,2980.864511,85,0.032717475,226.0352936,215.6000061,174.6941223
36517,B-20-3-06_masks.tif,255,6086,462.1837662,164.8864342,49.73762432,3.315124847,0.953419439,66.59938161,469.1347355,3007.619126,5256,0.863621426,194.0643005,186.450531,146.1459351
36518,B-20-3-06_masks.tif,256,5417,429.1126984,153.5482218,47.98499326,3.199921713,0.949915244,62.58913976,336.6922651,3005.302751,4727,0.872623223,195.7469788,189.3416595,147.5834503
36519,B-20-3-06_masks.tif,257,8487,549.9411255,211.7828808,51.90888087,4.079896875,0.969496732,-73.04073135,831.6035113,3012.397549,6708,0.790385295,199.2915955,190.3333282,135.9758453
36520,B-20-3-06_masks.tif,258,6293,471.9411255,177.6214038,46.94922393,3.783266024,0.964434519,-21.33987658,39.06578738,3060.409026,5215,0.828698554,198.7578125,190.8247375,154.1507263
36521,B-20-3-06_masks.tif,259,6594,600.4264069,234.4701857,37.5723436,6.240499347,0.987077501,-20.86632323,80.10388232,3079.985593,247,0.037458295,226.8056641,225.5708466,193.481781
36522,B-20-3-06_masks.tif,260,2676,250.7279221,90.62701623,38.43457,2.357955773,0.905617161,-85.61059159,714.4032138,2997.384903,0,0,,,
36523,B-20-3-06_masks.tif,261,5919,444.7695526,148.0075156,52.36793804,2.826300234,0.935313742,49.31310744,437.7693867,3045.779693,4403,0.743875655,205.788559,201.8139954,159.2182617
36524,B-20-3-06_masks.tif,262,8544,562.9116882,198.8366338,58.20019847,3.416425356,0.956203222,-31.96720139,183.7798455,3086.527973,7545,0.883075843,196.8186951,188.8637543,143.5877991
36525,B-20-3-06_masks.tif,263,3426,334.627417,123.8307079,37.20592181,3.328252652,0.953795059,-19.96102395,983.8610625,3076.941915,3366,0.982486865,192.8826447,182.0757599,140.3006592
36526,B-20-3-06_masks.tif,264,11460,763.254834,305.0920664,50.45759292,6.046504576,0.986229114,-16.63235354,95.29275742,3158.115707,10812,0.943455497,200.8055878,193.3084564,156.9597626
36527,B-20-3-06_masks.tif,265,6603,537.6984848,215.1777788,40.53357719,5.308630369,0.982097653,-74.56259929,775.3433288,3070.133424,237,0.035892776,237.0211029,236.5189819,212.4894562
36528,B-20-3-06_masks.tif,266,7807,562.0416306,231.1207964,46.61070413,4.958534756,0.979453016,1.040191737,1050.872806,3160.160241,7228,0.925835788,198.700882,189.4839478,150.54953
36529,B-20-3-06_masks.tif,267,7893,614.2842712,253.5516029,43.70685641,5.801185985,0.98503078,-81.53847957,750.5660712,3112.137083,7335,0.929304447,200.0099487,192.6064148,159.9633331
36530,B-20-3-06_masks.tif,268,6691,471.9411255,169.5554402,52.35265631,3.238717043,0.951138605,-20.26175468,899.0678523,3154.037513,5632,0.841727694,207.5843353,203.0072784,170.1873169
36531,B-20-3-06_masks.tif,269,19985,1282.651804,467.5746626,72.71999789,6.429794776,0.987831806,65.34047416,4394.712634,3156.187991,9356,0.468151113,196.3161621,190.1402283,141.1312561
36532,B-20-3-06_masks.tif,270,22055,1300.651804,476.137731,60.8461589,7.825271793,0.991801108,65.79790654,4386.803673,3205.458082,5249,0.237995919,207.7563324,200.6281128,163.4785614
36533,B-20-3-06_masks.tif,271,12153,662.0416306,282.020872,57.86609323,4.873680877,0.978723474,86.17473761,390.5479306,3134.839546,7756,0.63819633,191.1425934,183.2868805,149.4067841
36534,B-20-3-06_masks.tif,272,16768,1086.752309,409.5943106,53.38773109,7.672068138,0.991468968,27.4660356,4262.530534,3311.783457,8973,0.535126431,198.0953979,192.32341,154.7502441
36535,B-20-3-06_masks.tif,273,18925,1204.166522,431.938233,72.27109543,5.976638798,0.985902959,24.58577811,4310.798203,3308.060555,4472,0.236301189,188.9653473,183.0453949,148.9570618
36536,B-20-3-06_masks.tif,274,4143,419.6984848,165.2442386,33.37849469,4.950619858,0.979386572,-19.45197889,948.7627323,3200.160994,3816,0.921071687,197.9530945,186.2439728,153.4842834
36537,B-20-3-06_masks.tif,275,4379,359.5563492,149.8790666,39.29429664,3.814270248,0.965020795,-8.198093656,995.0810687,3201.296871,3936,0.898835351,199.1585388,191.5752106,152.2370453
36538,B-20-3-06_masks.tif,276,6611,437.0121933,152.0343499,56.58284814,2.686933494,0.928163991,43.10415432,717.2740886,3211.595371,5512,0.833761912,194.3035126,186.3985901,142.6924896
36539,B-20-3-06_masks.tif,277,4793,351.5563492,133.5236657,46.95520937,2.843639023,0.936127013,-86.79941467,381.1036929,3178.622575,3157,0.658668892,201.0294647,191.1023102,149.1387329
36540,B-20-3-06_masks.tif,278,8036,559.6984848,222.7890294,49.07010463,4.540219164,0.975442625,8.760396747,1271.217272,3270.015306,6205,0.772150324,195.9650269,186.7717896,149.3912964
36541,B-20-3-06_masks.tif,279,8284,649.4558441,285.497439,38.16027838,7.481534495,0.991026921,82.07314327,408.2455336,3234.960888,7775,0.938556253,194.1057281,188.0462952,165.8559418
36542,B-20-3-06_masks.tif,280,9648,638.4264069,232.9890319,54.06334816,4.309556101,0.972705658,20.966436,1201.121994,3308.066335,7705,0.798611111,195.3630066,185.0455475,150.1613312
36543,B-20-3-06_masks.tif,281,8779,589.5979797,229.0063425,53.93349216,4.246087789,0.971871705,18.20767149,1159.985306,3328.365531,7151,0.814557467,212.3704376,205.2398224,169.8068848
36544,B-20-3-06_masks.tif,282,7524,547.3553391,214.9664176,45.33416013,4.741819788,0.977509907,-20.93607361,1502.514221,3350.340643,6659,0.885034556,204.6819305,197.8267059,166.6826782
36545,B-20-3-06_masks.tif,283,6750,453.7989899,188.6295194,47.22228027,3.994502559,0.968156935,6.523207277,247.3494815,3353.052148,6505,0.963703704,197.6392059,190.1489563,157.0461121
36546,B-20-3-06_masks.tif,284,7801,596.6690476,227.7761027,47.45674352,4.799657241,0.978054714,-24.73769252,1533.281118,3378.307909,5850,0.749903858,204.6615448,199.8399963,164.8627319
36547,B-20-3-06_masks.tif,285,19919,1082.024387,410.7742052,69.81145491,5.884051632,0.985452528,19.36748443,4995.117325,3483.358301,8883,0.445956122,195.1826019,191.5065918,137.1091919
36548,B-20-3-06_masks.tif,286,8151,497.7989899,206.7841866,50.83586754,4.067682851,0.969310369,4.603931499,204.231628,3382.186726,6781,0.831922464,205.819931,199.8836517,173.402298
36549,B-20-3-06_masks.tif,287,19888,1128.693434,413.0640521,64.02616719,6.451488043,0.987913999,-44.46475872,3810.586233,3429.415376,0,0,,,
36550,B-20-3-06_masks.tif,288,17901,910.6690476,358.6402734,70.57926734,5.081382776,0.980444292,8.233463855,4919.870901,3497.245126,3972,0.221887045,184.5312195,176.7651062,134.7915344
36551,B-20-3-06_masks.tif,289,19528,1094.894444,404.0846693,66.921555,6.038184099,0.98619087,34.88763317,2956.734637,3481.982794,7002,0.358562065,187.414032,180.4978638,137.1158295
36552,B-20-3-06_masks.tif,290,18272,1098.083261,425.2070481,65.28196274,6.513392525,0.988144015,-81.03394202,2517.500766,3360.43449,8168,0.447022767,193.703598,183.2539215,141.7676239
36553,B-20-3-06_masks.tif,291,11342,644.1837662,253.3336294,58.91346876,4.300096985,0.97258375,73.75390988,521.0983953,3373.497884,10244,0.903191677,193.3784637,185.7063599,148.4879913
36554,B-20-3-06_masks.tif,292,7730,545.5979797,213.1568223,47.42329809,4.4947701,0.974937074,21.67451747,352.5909444,3419.501552,6825,0.882923674,187.2276917,181.3350983,136.8501129
36555,B-20-3-06_masks.tif,293,25888,1275.053824,486.6451821,82.1178203,5.926182409,0.985660135,-81.59407043,2553.980879,3407.138327,7105,0.274451483,195.3310394,180.8230896,130.4482727
36556,B-20-3-06_masks.tif,294,6272,464.8700577,179.8717904,45.92311358,3.91680303,0.966859179,11.56015503,313.4013074,3439.402264,5254,0.837691327,209.0515747,203.3092957,164.1050568
36557,B-20-3-06_masks.tif,295,10837,628.6690476,234.3744738,62.40472303,3.755716914,0.963901039,71.23680029,507.5549506,3429.957922,8985,0.829103996,197.3834229,187.7590485,148.2478638
36558,B-20-3-06_masks.tif,296,7827,558.9705627,251.0354235,40.79955943,6.152895449,0.986704408,-0.877440332,18.67394915,3506.256037,7180,0.917337422,196.6286926,186.8139343,151.8167114
36559,B-20-3-06_masks.tif,297,7173,409.2132034,157.1144667,58.52857427,2.684406185,0.928023415,8.18406094,68.60058553,3482.053952,6277,0.875087132,190.86203,179.7126007,130.7006531
36560,B-20-3-06_masks.tif,298,19023,1078.710678,426.7156926,59.05039167,7.226297414,0.990378725,74.22453351,2406.980708,3504.051517,5910,0.310676549,207.2028809,199.6221619,181.3922119
36561,B-20-3-06_masks.tif,299,27623,1522.752309,613.075319,67.193153,9.12407428,0.993975757,73.37671894,2622.554103,3519.823336,10462,0.378742352,193.9936981,185.2141113,146.2944031
36562,B-20-3-06_masks.tif,300,7277,509.254834,170.3916394,58.48426146,2.913461419,0.939249801,63.77389948,2601.35303,3610.0639,2737,0.376116532,181.8191376,170.5929871,125.8732224
36563,B-20-3-06_masks.tif,301,5006,388.627417,150.8688914,43.62710657,3.458145709,0.957277061,77.82365635,281.8431882,3597.195965,3859,0.77087495,186.3371277,179.1212769,136.5698395
36564,B-20-3-06_masks.tif,302,3138,348.3847763,146.6823447,31.1102282,4.714923457,0.977249591,75.48079788,256.820905,3622.767368,0,0,,,
36565,B-20-3-07_masks.tif,1,5402,395.9411255,139.4131784,51.23726193,2.720933421,0.930015248,-40.64348302,1395.216772,49.60014809,4521,0.836912255,201.9438171,197.0486603,141.8568878
36566,B-20-3-07_masks.tif,2,2011,219.5563492,71.40203431,37.35848137,1.911267045,0.85220187,-58.01678534,1481.514669,21.39035306,121,0.06016907,216.7768555,201.1487579,180.4710693
36567,B-20-3-07_masks.tif,3,4501,346.0416306,121.1338064,51.49454871,2.352361745,0.905144191,-60.22544661,1578.465896,29.83381471,3616,0.803377027,209.3575745,203.3492737,138.9164886
36568,B-20-3-07_masks.tif,4,5599,426.4264069,152.2262714,47.93168248,3.175900856,0.94913438,-47.684631,2651.806037,48.6667262,4758,0.849794606,208.1116028,203.8833618,141.1956635
36569,B-20-3-07_masks.tif,5,4230,463.5979797,148.7620491,39.88599566,3.729681224,0.963385682,43.01509707,3373.190071,45.74444444,236,0.055791962,211.8008423,189.783905,206.3516998
36570,B-20-3-07_masks.tif,6,9794,585.4558441,244.6095406,56.60007148,4.321717874,0.9728612,10.75540395,4089.191954,93.55146008,1623,0.165713702,207.2785034,207.2649384,128.3142395
36571,B-20-3-07_masks.tif,7,3354,410.2842712,160.1973158,33.32024077,4.807807871,0.978129889,25.26254903,1232.249553,60.09183065,976,0.290995826,195.6454926,196.2715149,129.5317688
36572,B-20-3-07_masks.tif,8,5191,479.8406204,171.603145,42.15174804,4.071080156,0.969362378,52.75330147,3324.181468,48.45713735,1577,0.30379503,191.9403992,190.2327271,145.1997528
36573,B-20-3-07_masks.tif,9,14552,950.8944443,341.5842903,55.85516555,6.115536261,0.986540358,45.54055061,4252.405099,124.5043293,8879,0.610156679,197.9345703,195.1288452,145.4982605
36574,B-20-3-07_masks.tif,10,14310,790.9116882,312.7923346,59.73432827,5.236391597,0.98159564,73.28996149,4310.669043,57.38825996,7757,0.542068484,200.0275879,196.4613953,145.8757324
36575,B-20-3-07_masks.tif,11,6902,481.0121933,161.4985993,56.60327002,2.853167304,0.936567341,-59.91390783,1631.099247,61.25340481,5865,0.849753695,202.8000031,195.3376007,135.1164551
36576,B-20-3-07_masks.tif,12,6595,530.627417,206.6989157,41.90367183,4.932716076,0.979235074,-10.88897797,2746.356634,116.5164519,5635,0.854435178,207.1169434,200.3499603,151.401062
36577,B-20-3-07_masks.tif,13,4578,404.3847763,168.1243231,35.51566143,4.733808024,0.977432836,-9.172375884,2786.976409,105.4530363,4367,0.953910004,204.7437592,198.5612488,144.8296356
36578,B-20-3-07_masks.tif,14,3095,307.1126984,96.43282792,43.06609386,2.239182133,0.894737903,-45.63309815,1476.556704,66.59127625,2632,0.850403877,197.7568359,189.7207489,126.7902756
36579,B-20-3-07_masks.tif,15,5794,489.4974747,177.8681809,42.75292775,4.160374276,0.970683076,-40.82956635,2655.054367,129.8165343,2898,0.500172592,208.3329926,206.579361,158.6373291
36580,B-20-3-07_masks.tif,16,12446,723.4558441,310.5418227,53.5541853,5.798647126,0.985017569,88.79716545,3223.749558,104.2898923,4981,0.400208902,207.8436127,199.3754272,155.1838989
36581,B-20-3-07_masks.tif,17,3966,329.1126984,109.017087,47.94243687,2.273916266,0.898110465,-56.62593431,1409.917045,121.0622794,3382,0.852748361,208.4860992,206.4402771,148.4515076
36582,B-20-3-07_masks.tif,18,4479,326.0416306,99.58435518,58.3719142,1.706032028,0.810198598,-77.31278836,1650.792141,113.8876981,4046,0.903326635,198.0264435,192.0499268,145.0133514
36583,B-20-3-07_masks.tif,19,18969,972.1837662,435.009746,56.66918451,7.676301498,0.991478416,-82.24241357,3629.994886,153.2922136,9035,0.476303442,207.4255676,200.9067993,160.7543945
36584,B-20-3-07_masks.tif,20,3538,290.627417,88.33791904,52.53767593,1.68142038,0.803921614,-89.61294384,1578.046071,150.4448841,2656,0.750706614,200.766571,195.4197998,144.3004456
36585,B-20-3-07_masks.tif,21,11565,834.8700577,372.7193699,42.34607736,8.801744887,0.993524985,89.2803871,3230.126762,146.8181582,4381,0.378815391,204.9399719,200.8886108,145.2360229
36586,B-20-3-07_masks.tif,22,7810,602.5685425,219.7815688,48.039869,4.574982684,0.975819018,-50.50391786,162.8332907,215.1786172,5566,0.712676056,193.2048187,185.6902618,128.740036
36587,B-20-3-07_masks.tif,23,8394,699.0538239,257.8946674,43.10501064,5.98293942,0.985932846,-56.96709698,2282.936741,214.7151537,7527,0.896711937,207.668396,198.1583557,148.648468
36588,B-20-3-07_masks.tif,24,4247,291.7989899,91.37498012,59.79298618,1.528188939,0.756175083,87.04836448,1653.34542,177.1078408,3683,0.867200377,203.5848541,199.0559387,143.2663574
36589,B-20-3-07_masks.tif,25,14090,1001.254834,415.56649,56.67791198,7.332071269,0.99065562,-86.10883741,3570.963094,202.0226402,7985,0.566713982,203.8522186,202.878891,147.0886688
36590,B-20-3-07_masks.tif,26,8541,612.2253967,216.7541408,51.90036295,4.176351157,0.970910308,-48.56743195,5365.585646,245.688444,6811,0.797447606,210.4692383,206.0899963,154.613266
36591,B-20-3-07_masks.tif,27,2970,240.7279221,80.37222295,47.67595013,1.685802228,0.805062944,-88.74694644,1577.272727,201.7912458,2364,0.795959596,208.9378204,207.8168335,162.5917969
36592,B-20-3-07_masks.tif,28,7255,538.5269119,215.3412645,46.35634128,4.645346429,0.976554746,-19.95638213,221.6788422,269.0640937,5693,0.784700207,197.353775,186.8217163,129.2692719
36593,B-20-3-07_masks.tif,29,4719,436.4264069,161.9989585,38.66651404,4.189644774,0.97109736,-47.60042215,2102.655012,236.1754609,4488,0.951048951,202.7138977,196.5084686,138.4367218
36594,B-20-3-07_masks.tif,30,5745,471.3553391,181.4720158,43.92477058,4.131427744,0.970264507,-70.15389635,3158.357354,216.473107,5469,0.951958225,201.4944305,195.5792694,136.7836914
36595,B-20-3-07_masks.tif,31,4503,373.6984848,131.6752448,45.37962222,2.901638189,0.938737535,-59.88662203,2348.513658,224.8305574,4503,1,204.4177246,197.7488403,144.2445068
36596,B-20-3-07_masks.tif,32,7192,579.9827561,212.9915193,44.09016671,4.830816828,0.978340026,53.78523799,1457.713293,263.1528087,6414,0.891824249,191.6230164,190.6521606,148.2547607
36597,B-20-3-07_masks.tif,33,8847,656.8111832,247.4954864,46.41526244,5.332200518,0.982256998,-30.61803018,1900.975585,298.3364982,7349,0.830677066,206.408493,200.9868011,153.0654449
36598,B-20-3-07_masks.tif,34,6738,506.3259018,180.6656386,49.24111338,3.66899987,0.962140533,-43.82299463,5382.651677,297.2257346,5319,0.789403384,211.4842987,209.2778778,147.258316
36599,B-20-3-07_masks.tif,35,4591,424.4264069,157.5355075,38.33993925,4.108913853,0.969932692,-47.98841893,2124.001307,282.1895012,4395,0.957307776,206.1278687,199.0452728,145.4056854
36600,B-20-3-07_masks.tif,36,8876,635.9827561,234.2895631,49.41436984,4.741324515,0.977505155,60.46810085,1427.123704,306.5530644,6276,0.707075259,194.5248566,193.0017548,146.7493591
36601,B-20-3-07_masks.tif,37,8527,533.4974747,181.5460328,62.4119529,2.908834356,0.939050101,-40.26574656,1979.831594,322.0231031,7449,0.873578046,205.0030823,196.578064,138.4105225
36602,B-20-3-07_masks.tif,38,25049,1328.208153,500.8967616,84.95362895,5.896119657,0.985512455,58.0495449,4495.870574,364.7551998,11239,0.448680586,203.404129,195.2985992,142.9498138
36603,B-20-3-07_masks.tif,39,25110,1429.462987,527.5206759,62.82818421,8.396242587,0.992882157,46.58009525,3855.099323,459.211828,4777,0.190242931,200.6365967,195.437088,150
36604,B-20-3-07_masks.tif,40,23065,1314.693434,487.1872686,62.34370632,7.814538104,0.991778476,58.77370483,4455.737438,401.3513982,7477,0.324170822,205.0969696,198.6818237,135.9094543
36605,B-20-3-07_masks.tif,41,5443,368.9705627,139.8391667,50.63781934,2.76155586,0.93213354,-85.22084212,2316.255006,322.7099026,4813,0.884255006,199.645752,192.1408691,136.4361115
36606,B-20-3-07_masks.tif,42,16046,1143.965512,419.0673863,59.71602599,7.017670372,0.989795172,51.86237865,3957.4436,468.6437118,7082,0.441356101,208.0528107,206.1541901,171.0007019
36607,B-20-3-07_masks.tif,43,12095,841.0954544,310.6769372,50.5218139,6.14936229,0.986689023,51.77699445,3962.844812,421.7025217,9467,0.782720132,205.4199829,201.1123962,178.1085815
36608,B-20-3-07_masks.tif,44,6725,474.2842712,187.991806,48.25165996,3.896069195,0.966499379,-81.08850398,2322.198662,367.4019331,6695,0.995539033,204.4646759,198.7109833,148.4342041
36609,B-20-3-07_masks.tif,45,8763,508.2842712,191.9618235,58.80310724,3.264484353,0.951926317,89.64272195,2707.204724,384.8762981,8405,0.959146411,201.0498505,198.1902466,126.9176712
36610,B-20-3-07_masks.tif,46,6653,447.5563492,188.8930677,46.55934556,4.05703872,0.969146556,-87.45662962,2304.693973,414.2906959,6416,0.964376973,205.4138031,197.4834747,145.5299225
36611,B-20-3-07_masks.tif,47,17468,902.0832611,375.5479103,63.22285638,5.940065536,0.985727572,11.67783692,3507.363236,587.6846806,8309,0.475669796,199.0105896,192.6036835,135.1196289
36612,B-20-3-07_masks.tif,48,11290,673.4974747,251.1633713,58.36321067,4.303453638,0.972627104,67.85242316,2206.361382,516.661736,9885,0.875553587,194.665863,192.1267548,136.3019714
36613,B-20-3-07_masks.tif,49,9202,585.8406204,219.6567789,54.88304154,4.002270514,0.968282445,-22.45257481,1938.713758,596.6313845,7873,0.855574875,203.8739929,196.05513,130.8381805
36614,B-20-3-07_masks.tif,50,6653,448.5269119,163.1925474,53.28472414,3.062651633,0.945192212,-22.37840551,1827.935217,633.9972945,5525,0.830452427,204.0361938,194.8796387,149.6718597
36615,B-20-3-07_masks.tif,51,17255,1185.296465,470.1471407,68.30648364,6.882906507,0.989389486,75.71860437,4394.23599,609.2256158,5684,0.329411765,204.8761444,195.6067963,153.0858612
36616,B-20-3-07_masks.tif,52,7036,512.1837662,197.6717023,47.04179598,4.202044122,0.971270198,-21.81878061,1868.92979,655.209494,6670,0.947981808,206.9388275,195.8092957,148.9644623
36617,B-20-3-07_masks.tif,53,11474,682.2842712,260.0942935,57.52808017,4.521171099,0.975232632,-6.728759877,1725.352013,712.7427227,7519,0.655307652,198.3535004,187.4787903,134.9675446
36618,B-20-3-07_masks.tif,54,15618,1165.053824,456.2644724,45.18461689,10.09778336,0.995084285,73.98718491,4406.215905,651.2070047,4668,0.298885901,200.0111389,196.9573669,144.2176514
36619,B-20-3-07_masks.tif,55,14868,952.9533188,366.9252561,56.03235245,6.548453527,0.988271382,68.38457079,5281.695453,708.998184,5858,0.394000538,192.5211639,190.5940552,139.2463226
36620,B-20-3-07_masks.tif,56,5763,445.0121933,157.373444,48.46759721,3.246982583,0.951393399,-62.96498344,2019.659205,736.2993233,4891,0.848689918,210.592514,207.1439362,161.2111969
36621,B-20-3-07_masks.tif,57,22429,916.509668,317.5306482,91.30270351,3.477779255,0.957768686,49.75859481,5286.400196,806.1222524,9221,0.411119533,195.0985718,189.516098,120.2899933
36622,B-20-3-07_masks.tif,58,22604,994.4680374,348.8306814,88.62195756,3.936165381,0.96718994,19.75467462,2930.273005,981.638648,12695,0.561626261,202.0165405,194.7111511,135.4375
36623,B-20-3-07_masks.tif,59,9360,606.0416306,257.0414295,48.39873067,5.31091262,0.982113176,4.907914863,2834.232372,946.3707265,6441,0.688141026,199.4238434,193.9582367,142.7017517
36624,B-20-3-07_masks.tif,60,17033,917.0121933,389.9510048,58.63135897,6.650894873,0.988631965,6.757300335,3990.023366,1029.682792,6127,0.359713497,207.4418182,200.2973785,145.2461243
36625,B-20-3-07_masks.tif,61,16152,1070.568542,446.6694729,53.60502383,8.332604688,0.992772623,10.79148622,3894.738918,1078.529284,7609,0.471087172,212.9533386,207.9634705,171.7104797
36626,B-20-3-07_masks.tif,62,14092,936.4264069,384.4158524,50.02163336,7.684992005,0.99149776,11.2182385,3855.041868,1076.104527,6996,0.496451888,199.8792114,191.5545959,154.1635284
36627,B-20-3-07_masks.tif,63,13474,938.509668,341.3607219,53.04778447,6.434966612,0.987851477,59.99022449,272.559151,973.6989758,7774,0.57696304,196.7161102,192.7243347,152.1516571
36628,B-20-3-07_masks.tif,64,13660,1195.622366,397.4583295,51.61069202,7.701085066,0.991533409,-35.44209939,915.2278917,1047.245974,8331,0.60988287,201.295166,192.9324188,133.2272186
36629,B-20-3-07_masks.tif,65,11435,667.3553391,253.4568123,58.87227555,4.305198158,0.972649595,5.296085889,1197.45247,1041.995103,8217,0.718583297,194.068634,184.1359406,135.2863617
36630,B-20-3-07_masks.tif,66,11784,887.4386002,323.7337133,53.58071524,6.04198193,0.986208346,59.07022109,251.6106585,1008.939155,6131,0.520281738,193.1131897,185.7323456,141.6199646
36631,B-20-3-07_masks.tif,67,11367,708.0416306,296.0341844,50.30905921,5.884311674,0.985453823,1.069657856,1149.170669,1062.354623,5994,0.527315914,202.5754089,190.7487488,153.736908
36632,B-20-3-07_masks.tif,68,5828,510.4264069,187.2593429,42.21447725,4.435903393,0.974258622,24.67511941,80.547186,1119.462938,5360,0.91969801,199.1337738,193.8856354,165.1979523
36633,B-20-3-07_masks.tif,69,18931,1037.095454,375.1920483,74.91292383,5.008375447,0.979864109,27.69726204,218.2393429,1199.776663,11983,0.632982938,193.634903,184.9810638,139.3186188
36634,B-20-3-07_masks.tif,70,8063,681.7401154,255.4688275,43.53136328,5.868615367,0.98537533,25.43943003,58.06759271,1162.609947,5269,0.653478854,199.87854,191.7035522,171.6023865
36635,B-20-3-07_masks.tif,71,10083,715.4974747,268.2772615,50.88132418,5.272607697,0.98184993,68.70140133,2341.215214,1123.861351,8103,0.803629872,202.8942413,197.3803558,161.5945892
36636,B-20-3-07_masks.tif,72,17910,1123.053824,452.6758403,56.33731263,8.035098216,0.99222538,16.49401806,2163.101675,1304.897432,9211,0.514293691,198.0872803,189.9364929,148.7125244
36637,B-20-3-07_masks.tif,73,17791,1090.468037,428.2092568,55.27612999,7.746730042,0.991633308,17.35926409,2122.070935,1321.359732,8880,0.499128773,200.0805206,193.6251068,148.8033752
36638,B-20-3-07_masks.tif,74,10389,856.3259018,321.7108894,45.79950532,7.024331096,0.989814615,74.3501951,2329.265473,1162.776591,6628,0.637982481,201.7548218,197.3328247,156.3557587
36639,B-20-3-07_masks.tif,75,5184,422.9705627,172.2376825,40.91195719,4.209959492,0.97137972,4.536142957,22.78337191,1221.796875,3539,0.682677469,186.7355194,172.9906769,132.7688599
36640,B-20-3-07_masks.tif,76,15465,1118.994949,433.0547443,48.32404118,8.961476188,0.993754471,27.30849647,2269.493825,1319.693631,8677,0.561073392,202.2249603,195.8002777,167.7191467
36641,B-20-3-07_masks.tif,77,12160,698.2253967,244.9211011,67.25915761,3.641453593,0.961554089,29.96125066,187.5220395,1255.007319,6395,0.525904605,197.3626251,184.2602081,134.5630951
36642,B-20-3-07_masks.tif,78,10364,673.5979797,262.6580589,53.00836434,4.95503044,0.979423638,-75.77779938,2560.189695,1220.199247,6095,0.5880934,198.5712891,192.3491364,137.8105011
36643,B-20-3-07_masks.tif,79,15356,799.6984848,344.9681926,60.64959407,5.687889555,0.984423737,-85.37726654,5286.483785,1271.503712,7039,0.458387601,196.724823,192.240799,134.4990692
36644,B-20-3-07_masks.tif,80,14596,964.0660172,356.4923119,54.15241242,6.583128914,0.988395337,49.42347844,2682.965676,1361.055495,6236,0.42724034,195.6829681,189.9188538,151.9146881
36645,B-20-3-07_masks.tif,81,11966,808.2670273,292.0605168,54.35029194,5.373669697,0.982532216,45.15374359,4176.078138,1370.745111,5872,0.490723717,191.0292969,188.6096802,128.53508
36646,B-20-3-07_masks.tif,82,10916,871.0538239,318.8845304,46.72982759,6.824004001,0.989204519,20.33673747,2901.882374,1472.050843,7848,0.718944668,203.8427582,197.5823212,164.348114
36647,B-20-3-07_masks.tif,83,12297,838.4680374,322.3417369,53.54687568,6.019804755,0.986105824,22.9876231,2869.412865,1499.147678,7131,0.579897536,199.8711243,191.2521362,155.3413239
36648,B-20-3-07_masks.tif,84,17615,1004.769553,424.4919336,62.86387093,6.752557985,0.988973585,-88.24574309,2567.532955,1465.762248,9400,0.533636106,203.6800995,199.685318,149.1453247
36649,B-20-3-07_masks.tif,85,18554,995.3969696,385.578067,66.24169691,5.82077581,0.985132127,-16.26724887,3803.151558,1627.634526,6884,0.371025116,207.8935242,201.0639191,143.3984528
36650,B-20-3-07_masks.tif,86,17896,1021.781746,389.108343,65.31759615,5.957174881,0.985810026,68.6120878,198.5454291,1527.658695,9200,0.514081359,190.977066,185.1143494,141.2404327
36651,B-20-3-07_masks.tif,87,15773,913.2132034,414.8956934,49.00545492,8.466316536,0.992999908,-87.88797621,2559.990617,1509.917454,7536,0.477778482,204.218811,199.2076721,157.6239319
36652,B-20-3-07_masks.tif,88,20049,905.9411255,393.3002694,66.07464489,5.952362968,0.985786909,82.92727478,2208.737344,1577.907227,10005,0.499027383,197.2578735,191.0701599,139.3605194
36653,B-20-3-07_masks.tif,89,18586,1076.083261,426.4563006,57.08305061,7.47080431,0.991001009,-78.13362427,3174.891854,1612.334284,8611,0.463305714,205.7613525,201.5506897,152.407959
36654,B-20-3-07_masks.tif,90,26748,1360.492424,497.110554,74.1316699,6.705778443,0.988818335,38.90400252,2596.020936,1775.697921,11215,0.419283685,200.0714264,192.5361633,141.5014648
36655,B-20-3-07_masks.tif,91,16604,998.1248917,389.4117539,58.59723076,6.645565821,0.98861362,-69.46453624,1406.708685,1667.433028,6690,0.40291496,208.4425964,201.5931244,160.4107666
36656,B-20-3-07_masks.tif,92,21158,1320.267027,507.1735983,57.14585039,8.875073078,0.993631881,-71.70904813,1148.122034,1710.508791,10363,0.489791096,201.7014313,198.163559,145.776123
36657,B-20-3-07_masks.tif,93,15466,1155.681241,469.3864248,47.7952159,9.820782604,0.994802339,-70.29501995,1388.435019,1716.879478,7697,0.497672313,198.7761536,191.9121704,146.4518585
36658,B-20-3-07_masks.tif,94,16234,1002.468037,394.9623788,57.99165877,6.810675659,0.989161992,-18.75035778,4818.379512,1825.884563,7350,0.45275348,196.6710205,191.6717072,139.5530548
36659,B-20-3-07_masks.tif,95,18811,880.6690476,363.7878507,66.83763689,5.442859258,0.982977316,77.73903476,1855.906916,1713.45601,7866,0.418159587,192.604126,185.5666199,136.4593201
36660,B-20-3-07_masks.tif,96,18096,1115.722871,396.1533371,67.56014761,5.863713314,0.985350685,52.45750855,3148.150365,1757.937445,8011,0.442694518,194.4178009,187.6087952,141.7926636
36661,B-20-3-07_masks.tif,97,14618,997.4802307,344.5613608,55.55864988,6.20175907,0.986914478,-50.61423356,4726.75797,1782.467848,8049,0.55062252,206.1936951,200.0541687,147.0473328
36662,B-20-3-07_masks.tif,98,11835,887.1543289,355.1191263,43.40970358,8.180639282,0.992500591,73.22229493,3444.293029,1763.956232,6906,0.583523447,199.5175171,192.1436462,145.5385132
36663,B-20-3-07_masks.tif,99,15306,992.2253967,404.3416599,59.2431541,6.825120405,0.989208069,72.04327192,3433.046779,1799.868679,5908,0.385992421,199.8974304,191.6332092,149.1773834
36664,B-20-3-07_masks.tif,100,8308,622.5269119,245.6258938,45.93015522,5.347813276,0.982361376,-77.61505349,1459.973158,1746.948965,5742,0.691141069,203.7920532,197.518631,164.5975342
36665,B-20-3-07_masks.tif,101,15607,1140.367532,490.8898533,50.87602014,9.648747129,0.994614834,-75.29088654,1431.994938,1789.62536,6081,0.389632857,207.374939,200.6301575,158.042923
36666,B-20-3-07_masks.tif,102,17185,1152.994949,436.377919,52.571662,8.300630081,0.992716631,-65.48670627,2232.324585,1813.889031,7329,0.426476578,205.8999939,200.8675079,152.1635895
36667,B-20-3-07_masks.tif,103,16807,1182.651804,458.9466787,51.87665981,8.846881823,0.9935911,-62.62792495,2261.001071,1848.413756,7425,0.441780211,203.7383118,195.4972382,152.222229
36668,B-20-3-07_masks.tif,104,15031,986.8944443,371.4938106,56.62637216,6.560438121,0.988314448,44.61912261,3724.920498,1851.766216,6023,0.400705209,195.5020752,191.5973816,152.8339691
36669,B-20-3-07_masks.tif,105,10475,831.6812409,295.8062385,51.86913253,5.70293398,0.984506455,43.99040149,3687.281432,1870.933652,6700,0.639618138,201.485672,195.5058136,155.8473206
36670,B-20-3-07_masks.tif,106,9743,739.2964646,282.8554451,46.52541247,6.079590273,0.986379623,-58.25290364,1518.757056,1837.186596,5094,0.522836909,204.5543823,199.7893524,152.940918
36671,B-20-3-07_masks.tif,107,16559,966.4091629,353.5722426,69.07462353,5.118699524,0.980731177,46.223961,1768.480464,1914.672746,7584,0.457998671,197.9928741,190.0317841,153.126709
36672,B-20-3-07_masks.tif,108,16395,960.509668,364.9611681,76.38498141,4.777917876,0.977852292,45.60921754,1731.496737,1975.090149,5451,0.332479414,204.8165436,196.7837067,163.1667633
36673,B-20-3-07_masks.tif,109,19168,1099.580736,405.2314005,65.97807383,6.141910137,0.986656483,-60.81232717,2199.073925,1947.082168,10068,0.525250417,205.7832794,199.8402863,149.574295
36674,B-20-3-07_masks.tif,110,17208,1006.852814,373.1879037,61.54519705,6.063639757,0.986307374,-26.91946011,1928.38424,2026.068805,8828,0.513017201,204.1876984,196.9007721,150.7754822
36675,B-20-3-07_masks.tif,111,15202,996.3086579,365.9853304,57.25667614,6.392011466,0.987686628,43.06005128,5308.758848,2020.371267,7843,0.515918958,187.8406219,184.1157684,135.1913757
36676,B-20-3-07_masks.tif,112,19198,1268.350288,470.1015203,54.69516466,8.594937472,0.993208561,-51.96716413,2197.21148,2020.564069,9647,0.50250026,202.7637634,196.0414581,145.5778961
36677,B-20-3-07_masks.tif,113,10453,718.1248917,260.0980269,57.02837995,4.560852458,0.975667082,34.0682289,1597.745049,2004.544915,7166,0.68554482,197.5874939,189.7133636,157.1669006
36678,B-20-3-07_masks.tif,114,16674,939.0954544,344.1605295,65.38707211,5.263433862,0.981786018,-32.26765164,1977.264664,2052.368898,6367,0.381851985,204.9517822,194.8730927,135.7238922
36679,B-20-3-07_masks.tif,115,13600,893.0121933,376.5943647,53.97526932,6.977165088,0.989675722,83.33710467,2542.634779,1937.375,6029,0.443308824,201.362915,196.2504578,150.3400269
36680,B-20-3-07_masks.tif,116,13811,797.3553391,333.9634188,55.90473255,5.973795126,0.985889439,79.65394048,2591.577366,1986.435016,5855,0.423937441,203.9231415,193.2408142,162.9639587
36681,B-20-3-07_masks.tif,117,10080,759.4974747,316.2550914,52.58202039,6.014510075,0.986081178,77.72372877,2431.046627,1992.32619,4878,0.483928571,201.6156158,195.4104156,170.1117249
36682,B-20-3-07_masks.tif,118,12054,756.0243866,277.0301344,57.0728135,4.853977181,0.978548491,52.76348797,1555.866103,2045.897876,7089,0.588103534,197.3464508,188.6186981,153.6536865
36683,B-20-3-07_masks.tif,119,7475,631.6396103,220.8798562,45.70593561,4.832629575,0.978356453,-42.35059684,446.1665552,2079.175652,6416,0.858327759,202.9180145,194.3977509,153.0294647
36684,B-20-3-07_masks.tif,120,7706,562.5685425,198.7345756,50.34486861,3.947464382,0.967380661,-54.12130634,404.305606,2056.799896,5554,0.720737088,204.6136169,198.2673798,149.2268677
36685,B-20-3-07_masks.tif,121,7019,550.2842712,221.5830298,41.29266734,5.366159274,0.98248285,78.55781481,2431.984756,2024.550933,3331,0.474569027,212.098465,204.0471344,168.9030304
36686,B-20-3-07_masks.tif,122,9438,742.4680374,264.2490116,55.86389667,4.730228776,0.977398277,33.6657729,4564.823056,2102.959949,1091,0.115596525,202.3758087,201.8001862,154.3574677
36687,B-20-3-07_masks.tif,123,8527,655.6396103,234.6710833,47.55132197,4.935111656,0.979255442,-52.69384389,517.4316876,2076.951448,8140,0.954614753,199.4415283,191.7296143,147.6357422
36688,B-20-3-07_masks.tif,124,16081,857.0121933,344.8480509,64.71187442,5.328976389,0.982235328,86.11477029,2376.97096,2062.833779,8342,0.518748834,205.1969604,196.3964233,150.3629761
36689,B-20-3-07_masks.tif,125,10149,749.7817459,274.9122542,50.12468706,5.484567992,0.983237436,-36.66673925,4304.757612,2149.802247,8143,0.802345059,205.8358154,198.3480225,154.6163635
36690,B-20-3-07_masks.tif,126,6734,604.5685425,220.1243281,39.81559325,5.528595964,0.983505587,31.62806314,4548.55346,2144.505495,5119,0.76017226,203.1570587,195.746048,153.3744812
36691,B-20-3-07_masks.tif,127,14257,891.882251,338.2672247,55.59104977,6.084922412,0.986403648,-65.1265397,2451.205443,2131.494354,5432,0.381005822,204.8600922,198.8882599,168.4132843
36692,B-20-3-07_masks.tif,128,3282,321.4558441,115.9978826,37.92407809,3.058686946,0.945045902,-60.657621,544.6563071,2109.159963,2663,0.811395491,204.088623,201.6703033,168.6552734
36693,B-20-3-07_masks.tif,129,7979,544.9116882,179.0887354,59.37210362,3.016378476,0.943447002,-34.00255844,4362.886953,2154.535405,6039,0.756861762,203.0392456,192.0033112,139.5254211
36694,B-20-3-07_masks.tif,130,12191,677.5979797,259.9742494,61.71472394,4.212515795,0.971414956,83.3072445,2199.62702,2156.005168,4888,0.400951522,194.0016327,188.6970062,150.5814209
36695,B-20-3-07_masks.tif,131,7920,677.6396103,238.9983383,43.64025972,5.476556277,0.983187937,29.53549758,5049.857071,2237.978662,5484,0.692424242,194.3980713,190.5246124,149.0705719
36696,B-20-3-07_masks.tif,132,5063,435.8406204,158.2273041,42.60611086,3.71372324,0.963064294,-46.23647294,537.0914478,2180.204424,4589,0.906379617,202.7681427,195.7945099,158.280014
36697,B-20-3-07_masks.tif,133,5748,508.3259018,189.801245,39.83508422,4.76467538,0.977727607,-51.7964921,578.0417537,2192.593946,5451,0.948329854,209.5298157,202.9387207,160.9655151
36698,B-20-3-07_masks.tif,134,7417,645.6396103,238.9208699,46.1436495,5.177762757,0.981172467,-49.37567577,623.8055818,2247.160442,6017,0.811244438,205.1459198,199.7277679,163.4223022
36699,B-20-3-07_masks.tif,135,7927,650.2253967,228.9286152,45.75877014,5.002945108,0.979819922,35.11685775,5014.321055,2265.385518,5945,0.749968462,195.4514771,190.3404541,148.8980713
36700,B-20-3-07_masks.tif,136,6259,515.7401154,189.8423025,42.68171738,4.447859977,0.974398646,-52.74917483,597.2711296,2224.546413,4915,0.785269212,203.5247192,195.1385498,157.3330688
36701,B-20-3-07_masks.tif,137,6075,477.8406204,177.2803656,44.52479752,3.981609698,0.967946959,57.48118629,370.1213169,2270.795556,5225,0.860082305,192.3418121,183.9647827,147.0731049
36702,B-20-3-07_masks.tif,138,7629,664.4680374,230.4782491,44.68686473,5.157628545,0.981023759,55.11721226,380.2459038,2327.902346,3887,0.509503211,198.521225,190.4939575,156.3532257
36703,B-20-3-07_masks.tif,139,14348,820.5685425,321.9108564,58.24600168,5.526745992,0.98349445,69.795073,840.374547,2317.864859,8998,0.627125732,198.0756836,191.5972443,155.8933105
36704,B-20-3-07_masks.tif,140,8920,741.5979797,303.1213751,43.19135028,7.018103697,0.989796438,-16.00171733,1513.925112,2435.238901,5060,0.567264574,200.2606659,192.1499939,150.6561279
36705,B-20-3-07_masks.tif,141,13079,842.2670273,314.0671859,54.3345032,5.780253198,0.984921332,55.05433418,807.4205979,2377.105895,7098,0.542702041,196.7225952,187.5841064,153.278244
36706,B-20-3-07_masks.tif,142,14518,796.4680374,295.8052427,64.67094574,4.57400521,0.975808554,-64.66869292,1326.542706,2368.272971,7610,0.524176884,202.2479706,195.0834503,145.2440186
36707,B-20-3-07_masks.tif,143,8104,563.4974747,206.571227,50.73674533,4.071432365,0.969367762,59.67170089,4305.007774,2379.321693,6762,0.834402764,193.4778137,187.3694153,146.5229187
36708,B-20-3-07_masks.tif,144,11411,981.6812409,344.5015546,54.26755925,6.348204329,0.987515022,58.96724795,4505.043292,2402.022084,6447,0.564981159,194.0764771,188.8779297,145.5016327
36709,B-20-3-07_masks.tif,145,10684,720.8111832,259.3017898,56.89192613,4.557795937,0.975634028,26.98735217,5386.160614,2467.139461,4621,0.432515912,187.5076752,188.2157593,146.3217926
36710,B-20-3-07_masks.tif,146,7836,593.4974747,217.6345068,47.09943163,4.620745926,0.976301403,59.34552318,4279.75536,2425.275013,7172,0.915262889,199.6837769,193.6100159,149.2371674
36711,B-20-3-07_masks.tif,147,14618,1050.953319,395.6183692,54.73257757,7.228206431,0.990383831,19.30999514,760.4679163,2573.140033,8766,0.599671638,199.3328705,191.5874939,158.0754089
36712,B-20-3-07_masks.tif,148,6732,619.4974747,220.813389,41.75180436,5.28871488,0.98196133,62.18419046,4497.298425,2439.50817,4706,0.699049317,201.5635376,195.0813904,156.6704254
36713,B-20-3-07_masks.tif,149,14101,758.8700577,326.3894642,57.90067459,5.637058057,0.984139283,-85.84748465,3544.351394,2444.796327,6596,0.467768243,188.6960297,179.3412628,137.9827118
36714,B-20-3-07_masks.tif,150,17729,1076.367532,398.3291895,70.14491573,5.678660888,0.984372666,18.73100647,730.0626657,2621.598567,8598,0.484968131,202.3788147,194.4555664,162.6083984
36715,B-20-3-07_masks.tif,151,7174,533.8406204,204.042904,46.45539072,4.392233083,0.973737268,59.6716199,4299.214943,2485.007667,6728,0.937831057,206.7389984,198.1568146,156.9940491
36716,B-20-3-07_masks.tif,152,7219,530.3847763,200.8149516,49.15474568,4.085362437,0.969579574,1.627535329,1577.127719,2574.240892,6837,0.947084084,201.3321686,193.9151611,158.1380768
36717,B-20-3-07_masks.tif,153,8779,628.0832611,244.5718362,46.8895054,5.215918448,0.981449509,-22.43441039,1368.679007,2561.645062,6708,0.764096139,202.2264404,195.725708,157.6797791
36718,B-20-3-07_masks.tif,154,8561,622.2253967,225.0490687,49.85226907,4.514319465,0.975156435,53.3860698,4292.334073,2532.264105,8122,0.948720944,204.5924683,195.8592682,155.2402191
36719,B-20-3-07_masks.tif,155,12216,819.3969696,320.7233206,49.69230093,6.454185348,0.987924161,-18.38863891,3956.449247,2609.232482,6880,0.563195809,200.0962219,193.1568298,138.0175934
36720,B-20-3-07_masks.tif,156,9138,663.4974747,248.5272153,49.23605163,5.047667454,0.980179529,-19.2404499,1427.878858,2578.230576,7595,0.831144671,200.9357452,193.3973694,157.6557007
36721,B-20-3-07_masks.tif,157,11362,894.509668,316.2165629,49.39338818,6.402001857,0.987725267,44.17074873,4598.129467,2571.119873,7973,0.701725048,189.6593475,182.6614838,143.9873352
36722,B-20-3-07_masks.tif,158,12490,980.9949494,380.4538329,56.27108172,6.761089733,0.98900155,46.51243397,4567.73771,2607.760368,10232,0.819215372,199.6053619,192.9722443,152.6360474
36723,B-20-3-07_masks.tif,159,6642,446.3847763,190.9937231,45.99707033,4.152301912,0.970567246,-1.984360961,1537.139717,2576.519271,5432,0.817825956,202.2115173,191.5751038,158.7606812
36724,B-20-3-07_masks.tif,160,7728,558.7695526,212.1336719,47.58293971,4.458187602,0.974518671,-71.73306225,2833.634187,2531.605202,6086,0.78752588,198.3435822,189.622406,149.6317749
36725,B-20-3-07_masks.tif,161,14780,1054.994949,378.6774736,57.87485684,6.543039486,0.988251849,31.99711172,4315.975034,2648.783153,9459,0.639986468,203.1610107,194.7795715,152.907608
36726,B-20-3-07_masks.tif,162,18378,1103.722871,405.8653968,58.83534496,6.898326118,0.98943712,34.49173236,4268.834422,2672.079171,11957,0.650614866,201.2164459,193.6153717,156.0380554
36727,B-20-3-07_masks.tif,163,17707,1243.03658,413.3038324,64.09132753,6.448670176,0.98790337,43.65832561,2645.083018,2668.217654,9012,0.508951262,196.0058746,186.9152222,149.7240295
36728,B-20-3-07_masks.tif,164,17606,1269.521861,448.317813,54.65724229,8.202349666,0.992540387,44.83511256,2601.649267,2700.521924,11257,0.639384301,206.8128204,198.5782166,164.7073822
36729,B-20-3-07_masks.tif,165,6357,550.2842712,230.8045374,37.06421598,6.227152829,0.987021684,-79.63100399,3048.789051,2553.313041,5451,0.857479943,196.6646423,190.1016388,159.0911713
36730,B-20-3-07_masks.tif,166,6207,478.6690476,161.3446327,53.48339254,3.016723978,0.943460343,43.22445322,4467.317545,2584.889963,5240,0.844208152,200.3660278,192.9549561,152.6702271
36731,B-20-3-07_masks.tif,167,6468,455.7989899,193.0973171,44.12974442,4.375672681,0.973535394,-6.253749216,4006.991497,2621.377087,4994,0.772108844,199.9062805,191.5192261,146.9050903
36732,B-20-3-07_masks.tif,168,10718,653.254834,246.8844968,56.27287652,4.387273445,0.973677053,19.51437397,4167.196119,2640.908192,8374,0.781302482,201.980896,194.2568665,158.3033142
36733,B-20-3-07_masks.tif,169,4541,421.4558441,161.1679455,37.76384371,4.267784465,0.972161062,-1.028145847,4049.104382,2609.40784,4249,0.935696983,191.9072723,185.2497101,136.5128326
36734,B-20-3-07_masks.tif,170,13907,1058.852814,400.716401,49.75907992,8.053131241,0.992260296,-67.03553022,1704.55828,2642.411879,7206,0.518156324,201.8273621,196.6468201,166.9411621
36735,B-20-3-07_masks.tif,171,7385,494.8700577,197.2481616,49.2015555,4.008982228,0.968390289,-79.01306642,2847.541503,2574.048206,6557,0.88788084,203.4125366,195.2707062,156.0430145
36736,B-20-3-07_masks.tif,172,8761,612.7695526,243.2075933,47.64409872,5.104674029,0.980624099,-74.58481538,3054.318,2597.906518,6562,0.749001256,200.8463898,191.2842102,151.5144806
36737,B-20-3-07_masks.tif,173,9934,669.4974747,241.8448693,54.31117037,4.452948955,0.974457895,19.72330544,4125.69398,2674.171029,6519,0.656231125,200.5830688,193.5941162,155.9633331
36738,B-20-3-07_masks.tif,174,17300,1034.468037,391.8059679,69.93903847,5.60210687,0.983939137,-77.10508882,3058.330173,2641.860347,4277,0.247225434,203.5174255,194.2934265,151.6165466
36739,B-20-3-07_masks.tif,175,7259,564.0832611,215.8402903,45.33973668,4.76051045,0.977688173,-58.60847889,2239.753961,2647.876705,6447,0.888138862,201.1611633,194.5455322,160.1898499
36740,B-20-3-07_masks.tif,176,5724,447.8406204,151.7180608,49.41706838,3.070155025,0.9454675,-47.72883314,2240.67086,2699.962963,4026,0.703354298,203.8040314,193.783905,154.7141113
36741,B-20-3-07_masks.tif,177,11566,855.0954544,299.9883116,51.21314196,5.857643178,0.985320082,41.19120139,2576.616289,2755.566834,8039,0.69505447,204.2337341,195.1409454,163.4280396
36742,B-20-3-07_masks.tif,178,9290,664.1248917,239.9203595,50.62076661,4.739563929,0.977488247,42.70653947,2516.467061,2754.981916,0,0,,,
36743,B-20-3-07_masks.tif,179,13081,794.1248917,279.6771884,61.42827504,4.55290643,0.975581009,29.61317895,2485.909563,2812.609281,6609,0.505236603,197.6851196,189.1081848,139.4489288
36744,B-20-3-07_masks.tif,180,13146,863.0954544,331.5885375,53.49626778,6.198348993,0.98689998,38.09310123,3196.860946,2823.384223,7258,0.552107105,189.728714,182.0259094,142.0432587
36745,B-20-3-07_masks.tif,181,6494,458.1837662,168.4877776,49.7681906,3.385451139,0.955379352,54.769578,1682.990607,2758.44672,6283,0.967508469,200.4658661,193.8995667,164.4510651
36746,B-20-3-07_masks.tif,182,14673,763.5979797,295.5291638,66.12942491,4.468951064,0.974642862,7.888063521,1079.349145,2867.90002,8714,0.593879915,191.8638916,181.4487,145.9484711
36747,B-20-3-07_masks.tif,183,7521,530.6690476,195.3220728,50.91411734,3.836304802,0.965428636,58.70459836,1656.142401,2795.83207,5734,0.762398617,201.4185486,192.5399323,164.8545532
36748,B-20-3-07_masks.tif,184,5717,411.2132034,161.5171574,46.24520993,3.49262459,0.958134758,5.337345828,1542.962743,2817.154452,4634,0.810564982,194.4583588,184.645874,148.8271484
36749,B-20-3-07_masks.tif,185,6586,479.7989899,208.1567558,43.38467329,4.797933002,0.978038761,-2.49424112,1366.546918,2857.010932,4976,0.755542059,197.6871033,188.2723083,153.5389862
36750,B-20-3-07_masks.tif,186,6793,452.5269119,171.2921002,51.39065685,3.333137007,0.953933644,20.9039483,1494.895775,2843.957162,6395,0.941410275,202.9559021,196.4725494,163.0786591
36751,B-20-3-07_masks.tif,187,16783,879.5391052,322.5981749,67.67018363,4.767212937,0.977751581,62.32039463,148.1300125,2857.476256,7286,0.434129774,188.2946777,179.4420776,132.8197937
36752,B-20-3-07_masks.tif,188,11952,714.9116882,265.4593626,58.25677301,4.556712446,0.975622294,68.65210747,2293.323795,2845.303631,7540,0.63085676,190.9367371,182.7919159,141.6460266
36753,B-20-3-07_masks.tif,189,11972,706.0416306,310.5672514,50.63439062,6.133524025,0.986619723,4.477045493,1450.43159,2941.544186,6564,0.548279318,198.8376007,187.9853821,141.679306
36754,B-20-3-07_masks.tif,190,11237,719.882251,262.8281238,62.38306611,4.213132509,0.971423447,49.1477261,75.84506541,2901.851206,3526,0.313784818,179.9373169,171.981842,123.9625626
36755,B-20-3-07_masks.tif,191,21898,1203.823376,432.371336,67.81964105,6.375311477,0.98762163,25.31196693,1217.303407,3008.35469,11840,0.540688647,204.5211945,198.6105499,159.1281281
36756,B-20-3-07_masks.tif,192,5515,433.2132034,175.5445842,41.70004084,4.209698135,0.971376114,1.884843818,1407.549592,2938.372801,3729,0.676155938,206.1102142,195.8538513,157.7208405
36757,B-20-3-07_masks.tif,193,9628,683.882251,237.7308289,56.63003388,4.197963741,0.971213493,54.73474339,2647.044038,2941.203469,5337,0.554320731,184.6190796,175.6179504,140.3809204
36758,B-20-3-07_masks.tif,194,7064,569.3969696,203.3575233,45.19027811,4.500028143,0.97499636,-45.91924407,1612.031993,2956.900481,6632,0.938844847,197.890976,189.2530212,149.221344
36759,B-20-3-07_masks.tif,195,6652,691.7817459,258.6574916,34.57333636,7.481415414,0.991026634,-48.01891939,1655.548707,2972.725195,3674,0.552315093,197.1189423,188.0065308,144.7789917
36760,B-20-3-07_masks.tif,196,9804,683.7401154,247.0520888,52.25065347,4.728210508,0.977378754,23.37364697,1347.888617,3032.47501,8776,0.895144839,202.0696259,194.9251404,161.9384613
36761,B-20-3-07_masks.tif,197,14045,842.8111832,306.1824894,62.8666574,4.870347846,0.978694026,-20.68224801,3056.527803,3072.094553,7520,0.535421858,203.7086487,197.8256683,143.5815125
36762,B-20-3-07_masks.tif,198,11176,724.5685425,272.2329961,55.50326818,4.904810203,0.978995577,22.78931586,1314.261632,3070.654349,9085,0.812902649,206.2242126,196.6617432,169.8791351
36763,B-20-3-07_masks.tif,199,15715,914.6690476,362.6553673,56.76247338,6.388998676,0.98767494,-13.92155362,4230.2105,3147.29965,8303,0.528348711,197.4056396,193.5259552,145.147171
36764,B-20-3-07_masks.tif,200,9416,522.3847763,219.0033417,55.60536072,3.938529286,0.96722998,-84.92090835,1849.237893,3012.703271,5388,0.572217502,198.962326,193.2717133,160.1191559
36765,B-20-3-07_masks.tif,201,12590,735.1543289,283.5056431,57.2775353,4.949683006,0.979378686,22.95506224,3186.175218,3149.123193,9874,0.784273233,204.3180084,197.9380188,153.4972687
36766,B-20-3-07_masks.tif,202,2687,261.5563492,98.34301821,35.70023994,2.754687878,0.931782308,-69.85168841,1941.468552,3055.97767,2461,0.915891329,194.5534363,185.5579071,155.3360443
36767,B-20-3-07_masks.tif,203,14191,955.8233765,337.0312466,57.31132323,5.880709564,0.985435866,42.69025388,2219.132901,3195.290959,11143,0.785215982,197.5292053,188.9821472,150.8083038
36768,B-20-3-07_masks.tif,204,10850,670.9116882,254.2511809,59.84555472,4.248455581,0.971903503,23.59155854,3141.992995,3169.576682,6696,0.617142857,199.2153473,189.3142242,158.9693909
36769,B-20-3-07_masks.tif,205,2417,230.7279221,81.97466933,38.06086131,2.15377862,0.885677852,87.41735526,1829.805958,3073.056268,2175,0.899875879,191.4101105,181.9632111,143.1333313
36770,B-20-3-07_masks.tif,206,12148,789.9411255,326.9693621,51.32871896,6.37010564,0.987601262,-3.305572195,4345.581577,3219.30754,6227,0.512594666,194.0692139,188.4915619,141.742569
36771,B-20-3-07_masks.tif,207,12210,809.4386002,296.5399811,57.24313526,5.180358828,0.981191513,52.96966312,5342.672563,3170.027191,5904,0.483538084,188.7628784,186.7632141,126.6187363
36772,B-20-3-07_masks.tif,208,8842,629.2132034,245.2746457,48.20349639,5.088316493,0.980498081,88.50874332,687.1198824,3099.908166,5952,0.673150871,191.573761,185.4986572,148.4953003
36773,B-20-3-07_masks.tif,209,5919,467.8406204,175.7523208,44.4377859,3.955019749,0.967507259,-53.39174456,2490.450414,3134.402095,5324,0.899476263,199.3300171,193.1277161,154.1264038
36774,B-20-3-07_masks.tif,210,9241,552.8700577,223.26051,53.53721847,4.170192558,0.970823032,-86.85274335,1879.777405,3116.822638,7081,0.766259063,196.9193573,186.7808228,139.5055847
36775,B-20-3-07_masks.tif,211,5747,369.2132034,134.9026286,55.10421417,2.448136329,0.912769962,74.84749305,58.9683313,3125.900296,3567,0.620671655,193.5267792,185.1940002,147.3669739
36776,B-20-3-07_masks.tif,212,9736,562.2842712,220.2448249,57.51045159,3.829648678,0.965306197,82.35305295,521.8632909,3146.421118,8460,0.868940016,198.7665558,193.8463287,159.8898315
36777,B-20-3-07_masks.tif,213,7357,488.627417,197.8455107,48.11967911,4.111530133,0.969971538,86.42687698,1730.738073,3151.400979,5998,0.815277967,204.5245056,200.1031952,170.8234406
36778,B-20-3-07_masks.tif,214,6302,498.0832611,183.0536046,44.88767403,4.078037201,0.969468468,-54.7832285,2499.134719,3177.339892,6065,0.962392891,205.6679382,199.4242401,163.8334656
36779,B-20-3-07_masks.tif,215,5663,388.627417,145.1629653,51.29968663,2.829704718,0.935474664,73.88548702,63.66819707,3175.28801,4134,0.730001766,194.9494476,185.4685516,154.8626099
36780,B-20-3-07_masks.tif,216,18263,991.2964646,384.8770607,63.20075069,6.089754576,0.986425365,21.7811781,1009.582051,3332.017577,8823,0.483107923,184.0009003,173.4627686,138.7931519
36781,B-20-3-07_masks.tif,217,12812,769.1126984,309.4045297,53.69938207,5.761789387,0.984823792,6.247073081,2626.89182,3303.5665,6896,0.538245395,195.0791779,187.3274384,135.025528
36782,B-20-3-07_masks.tif,218,8254,510.0416306,206.8232762,52.80315796,3.916873236,0.966860387,85.50362904,491.7808335,3194.36237,7319,0.88672159,201.0661316,195.4575806,163.266571
36783,B-20-3-07_masks.tif,219,12653,846.7106781,312.9474088,54.66023268,5.725321563,0.98462833,63.13558754,2166.104955,3252.122817,8878,0.701651782,193.0797424,183.6401215,151.2420654
36784,B-20-3-07_masks.tif,220,7475,511.4558441,204.6639011,47.64416002,4.295676554,0.972526499,88.54342001,1743.393177,3205.191438,6878,0.920133779,196.7691193,188.8127289,157.1667633
36785,B-20-3-07_masks.tif,221,9395,617.1126984,236.149372,51.96699486,4.544218357,0.975486373,-10.95895753,3024.704737,3294.522299,6117,0.651091006,198.0781403,189.7851868,151.2466888
36786,B-20-3-07_masks.tif,222,6663,557.9827561,211.7995834,41.7969997,5.0673394,0.980334662,-45.58751998,2476.00015,3258.52649,5846,0.87738256,194.863327,184.5217285,141.2150116
36787,B-20-3-07_masks.tif,223,10533,638.5269119,261.6515306,55.66860583,4.700163166,0.9771048,-84.88989743,497.0650337,3242.96041,9103,0.86423621,199.6383667,192.6013336,150.983963
36788,B-20-3-07_masks.tif,224,12776,637.6984848,261.1829283,62.86646849,4.154566569,0.970599811,83.02282639,1186.139793,3242.076863,8869,0.694192235,191.8787842,183.2035217,142.062912
36789,B-20-3-07_masks.tif,225,10889,649.6984848,260.1599828,54.09251026,4.809537985,0.978145796,84.19016976,1617.968868,3235.642116,8641,0.793553127,204.155304,197.4814301,161.6668243
36790,B-20-3-07_masks.tif,226,5891,456.0416306,188.2511308,42.69317878,4.409395978,0.973944047,-13.4050662,3087.452555,3290.314038,5344,0.907146495,189.4404907,181.111908,138.8194275
36791,B-20-3-07_masks.tif,227,10878,645.9411255,268.7577861,53.8323768,4.992493404,0.979734466,11.34793435,775.1104983,3334.225685,9503,0.873598088,198.6593781,191.3205261,158.1920471
36792,B-20-3-07_masks.tif,228,10066,630.0832611,230.6658725,57.52323181,4.009960242,0.968405958,-21.0770242,1899.498212,3333.686469,7079,0.703258494,199.6801758,191.3280182,137.0837708
36793,B-20-3-07_masks.tif,229,15153,858.9533188,324.7583836,63.86259659,5.085267448,0.980474455,-28.1694081,226.9991421,3365.178842,7662,0.505642447,195.5345917,186.0539093,132.9737701
36794,B-20-3-07_masks.tif,230,10600,803.254834,316.8212405,47.17605592,6.715721236,0.988851606,-74.84757295,517.9245283,3292.161792,6402,0.603962264,199.0128021,192.7849121,159.4921875
36795,B-20-3-07_masks.tif,231,9634,577.3553391,213.2975169,58.78076598,3.62869577,0.961277823,11.15541934,730.6272576,3354.121445,6295,0.653414989,202.587616,195.3585358,159.6616364
36796,B-20-3-07_masks.tif,232,9964,560.5269119,221.3126782,58.65408906,3.773184134,0.964240676,14.4739751,94.53331995,3358.529607,6183,0.620533922,191.5398712,183.487793,155.2848206
36797,B-20-3-07_masks.tif,233,8352,838.9533188,259.7187,49.96819768,5.197679965,0.981317853,-56.1970603,4438.730364,3346.840637,4523,0.541546935,189.3265533,182.2051697,135.4081421
36798,B-20-3-07_masks.tif,234,11373,639.254834,244.006538,61.84429955,3.945497641,0.967347583,21.22788308,1509.011958,3383.348281,7091,0.623494241,191.1463776,182.508667,139.5538025
36799,B-20-3-07_masks.tif,235,19962,991.6396103,364.2487873,98.72152607,3.689659204,0.962571537,70.5784364,4697.862389,3343.11066,0,0,,,
36800,B-20-3-07_masks.tif,236,11823,717.6396103,258.3588278,63.03749368,4.098494605,0.969777238,-27.49748032,1283.360738,3411.532352,9908,0.838027573,199.7660522,189.6889343,145.0494537
36801,B-20-3-07_masks.tif,237,6422,484.2842712,191.7827086,43.45597236,4.413264695,0.973990319,-13.87591102,1932.307848,3383.922143,5676,0.883836811,204.3018036,195.457016,163.0310059
36802,B-20-3-07_masks.tif,238,9788,656.2253967,235.5008815,54.75678158,4.30085324,0.972593527,-32.73464997,1344.008173,3421.68727,4082,0.417041275,198.3608551,192.9799194,162.0654144
36803,B-20-3-07_masks.tif,239,5262,442.0416306,181.2604686,38.73038179,4.680058916,0.976905345,-16.94313305,1971.833523,3396.093501,5031,0.956100342,196.4134369,186.4893646,150.7127838
36804,B-20-3-07_masks.tif,240,11426,805.0121933,321.5951194,46.53079697,6.911446618,0.9894774,-76.74314449,483.5612638,3359.261684,9371,0.820147033,198.1500397,193.929245,159.7398376
36805,B-20-3-07_masks.tif,241,14442,881.9827561,337.2557912,60.57792757,5.567304872,0.983736047,73.87865614,4678.244287,3391.344828,6378,0.441628583,198.1566315,187.1942596,152.3454132
36806,B-20-3-07_masks.tif,242,8200,571.3969696,203.1129258,52.19568601,3.891373815,0.96641708,53.00912618,3358.629146,3398.818049,7300,0.890243902,195.7802734,189.946167,148.7190399
36807,B-20-3-07_masks.tif,243,10479,881.5807358,322.2398116,43.77490354,7.361291186,0.990730002,-40.43966773,2093.629259,3475.143143,6172,0.588987499,198.9918976,188.5003204,157.625885
36808,B-20-3-07_masks.tif,244,11365,671.1126984,263.4358902,56.05428718,4.699656413,0.977099804,11.07961628,1823.249978,3501.271447,6881,0.605455345,196.0896606,185.7641296,152.5967102
36809,B-20-3-07_masks.tif,245,9046,624.8111832,230.1790953,54.62353398,4.213918042,0.971434257,52.21963906,3336.170573,3436.278134,5387,0.595511828,197.7792816,190.1969604,159.9910889
36810,B-20-3-07_masks.tif,246,7246,633.0538239,232.1015629,43.27263842,5.363702593,0.982466657,-48.939905,2023.609578,3446.925752,4394,0.606403533,200.3768768,192.5648651,154.6142426
36811,B-20-3-07_masks.tif,247,17031,981.3969696,381.3860103,66.32262672,5.750466004,0.984763502,76.69778407,519.4645059,3441.201985,7803,0.458164524,194.6216888,185.6488495,151.8547974
36812,B-20-3-07_masks.tif,248,10816,653.5979797,254.5239708,56.26530191,4.523640007,0.975260002,73.96165351,4684.459967,3440.995655,6193,0.572577663,198.3461914,188.8199615,144.4768219
36813,B-20-3-07_masks.tif,249,9708,623.6396103,220.8687475,56.59468687,3.902641038,0.966614057,-44.55185736,2287.176864,3482.250618,7887,0.812422744,200.2618256,190.4970245,146.6813812
36814,B-20-3-07_masks.tif,250,13253,798.8528137,291.3963111,58.6669306,4.96696023,0.979523393,-44.80643576,2327.692447,3518.456802,7434,0.560929601,197.5828552,188.8392487,147.0265045
36815,B-20-3-07_masks.tif,251,7431,630.8111832,207.5410237,48.65426149,4.265628896,0.972132516,-46.44795993,1329.255955,3521.826537,6729,0.905530884,201.0698395,191.7066498,144.5905762
36816,B-20-3-07_masks.tif,252,14322,839.5979797,309.7998321,61.967385,4.999401412,0.979791009,80.0459552,392.1107387,3472.103477,7509,0.524298282,196.7990417,187.8906708,146.1675262
36817,B-20-3-07_masks.tif,253,5457,463.4974747,162.0528094,44.33704997,3.655020113,0.961844614,-48.90142156,2024.536009,3491.630383,5252,0.962433572,204.3531952,194.4423065,149.3036957
36818,B-20-3-07_masks.tif,254,8613,734.6101731,257.3280708,43.95521178,5.854324445,0.985303309,-49.93790286,2122.593289,3511.503773,8351,0.969580866,207.2526703,198.8158264,161.5611267
36819,B-20-3-07_masks.tif,255,9804,598.4264069,230.3265333,55.41599453,4.156318682,0.970624969,66.59229334,4522.316911,3488.183701,7474,0.762341901,192.4190521,183.6966858,144.5186005
36820,B-20-3-07_masks.tif,256,11695,673.5979797,267.5869022,63.78452339,4.195169737,0.971174567,80.01570263,4686.644378,3492.044121,7678,0.65651988,196.9471283,188.5539246,149.9441223
36821,B-20-3-07_masks.tif,257,8341,693.5391052,250.3467764,45.30627745,5.525653187,0.983487866,-43.50109233,2141.012948,3554.776526,7902,0.947368421,198.0326538,188.4357147,152.5488434
36822,B-20-3-07_masks.tif,258,8387,685.882251,250.9111974,48.76098898,5.145736432,0.980935094,-41.73883083,1350.048527,3565.731847,8103,0.966138071,197.7129517,189.5363464,142.0683746
36823,B-20-3-07_masks.tif,259,9975,605.7401154,214.5421983,62.90886181,3.410365283,0.956043853,37.21491232,2672.549574,3567.005714,1547,0.155087719,180.4046478,168.1435089,130.053009
36824,B-20-3-07_masks.tif,260,5663,450.2842712,174.4793038,42.53770904,4.101756011,0.969826028,-15.98044951,1148.825181,3572.574077,4538,0.801342045,202.3369293,194.261795,158.1103973
36825,B-20-3-07_masks.tif,261,12222,720.5269119,293.6850782,56.34169637,5.212570743,0.981425448,87.40778827,489.1716577,3532.449435,9211,0.753640975,202.7381439,195.9532013,167.7483368
36826,B-20-3-07_masks.tif,262,6246,413.2132034,158.1475606,52.31104219,3.023215635,0.943710129,-17.72575927,1189.423311,3578.929395,6161,0.98639129,199.1054993,191.6984253,142.0395966
36827,B-20-3-07_masks.tif,263,4214,386.5269119,140.702605,41.44347649,3.395048315,0.955637112,37.23946989,2551.234457,3596.12411,3537,0.83934504,193.0149841,184.866272,166.4789429
36828,B-20-3-07_masks.tif,264,2454,264.1421356,98.10448049,34.6910171,2.827950539,0.935391824,22.73847446,1654.506927,3606.127139,1953,0.795843521,192.8950348,180.3671265,154.358429
36829,B-20-3-07_masks.tif,265,8624,571.1126984,217.6810543,52.01009826,4.185361335,0.971037287,-75.46972355,472.4770408,3609.934485,5410,0.627319109,192.9844666,186.5866852,146.664505
36830,B-20-3-07_masks.tif,266,3080,261.5563492,68.6603248,63.39203672,1.083106465,0.384151019,-73.92721447,1045.091558,3617.998701,0,0,,,
36831,B-20-3-08_masks.tif,1,12088,834.9116882,318.5604425,51.08452503,6.235948016,0.987058507,72.14574024,662.3119623,50.84530113,7728,0.639311714,192.227356,189.7236023,136.4219666
36832,B-20-3-08_masks.tif,2,8121,588.0832611,217.1668827,50.40502978,4.308436751,0.972691274,63.19924968,2909.896811,44.63058737,1977,0.243442926,191.1062164,191.2468414,130.0364227
36833,B-20-3-08_masks.tif,3,4175,442.0416306,172.0273923,37.8432905,4.54578315,0.975503458,86.26466146,2985.279042,17.70371257,30,0.007185629,218.7666626,191.3999939,203.3999939
36834,B-20-3-08_masks.tif,4,12465,746.5685425,266.7275682,67.78062869,3.935159253,0.967172875,24.24174374,3835.103329,104.6328921,6597,0.529241877,204.0183411,203.4059448,152.0328979
36835,B-20-3-08_masks.tif,5,10157,703.3969696,252.8163653,60.00562648,4.213210996,0.971424527,61.47901168,3938.05543,49.18607857,3544,0.348921926,195.0756226,192.2858276,140.5191803
36836,B-20-3-08_masks.tif,6,4657,582.5269119,241.82231,44.97479886,5.376840277,0.982552993,71.81425564,767.298046,31.65192184,0,0,,,
36837,B-20-3-08_masks.tif,7,26614,1663.563492,630.6855685,66.70045863,9.455490734,0.994391827,59.90159164,2120.456188,145.3069437,9421,0.353986624,193.8466187,192.6151123,141.6682892
36838,B-20-3-08_masks.tif,8,20119,1136.183766,488.2698832,55.67094053,8.770641894,0.993478829,88.75332299,2188.177643,42.84487301,8367,0.415875541,200.858017,201.1401978,152.8739166
36839,B-20-3-08_masks.tif,9,11093,702.3259018,271.4230875,54.28935501,4.99956368,0.979792334,22.40847047,3727.15325,115.5967727,6906,0.622554764,194.4595947,193.0852814,148.7641144
36840,B-20-3-08_masks.tif,10,10266,746.6101731,273.7917407,49.22043224,5.562562706,0.983708075,42.6329438,3662.090883,134.0858173,6047,0.589031755,194.6631317,193.7620239,141.4592285
36841,B-20-3-08_masks.tif,11,22740,1321.178716,507.0992018,59.93295303,8.461108224,0.992991257,56.32689383,2008.382806,185.1594987,11018,0.484520668,193.328186,190.3311005,140.2484131
36842,B-20-3-08_masks.tif,12,14258,1103.095454,413.7942936,53.81216378,7.689605186,0.991508002,23.783096,363.3189087,272.0224435,6177,0.433230467,188.9572601,184.2993317,141.0951843
36843,B-20-3-08_masks.tif,13,12341,751.0121933,278.5928473,63.08167422,4.416383216,0.974027528,15.27598996,4470.738433,215.4962321,10781,0.873592091,205.5356598,198.5248108,144.8694
36844,B-20-3-08_masks.tif,14,7482,543.2132034,222.3995766,45.74521733,4.86170117,0.978617343,2.574775224,4339.90417,229.106656,3944,0.527131783,203.8694153,198.4333191,159.9672852
36845,B-20-3-08_masks.tif,15,8259,563.4558441,232.2299712,48.50094358,4.788153673,0.977947949,5.169532465,4298.455866,235.0757961,6726,0.814384308,210.1016998,206.1581879,160.0321198
36846,B-20-3-08_masks.tif,16,4639,485.6984848,185.2774717,34.39961934,5.386032615,0.982613023,16.37419481,4438.291442,239.2511317,3151,0.679241216,203.9612885,203.1199646,153.921936
36847,B-20-3-08_masks.tif,17,16834,1008.651804,377.3358007,57.99861025,6.505945557,0.988116694,54.47635024,4190.615778,280.7010217,6741,0.400439587,194.1499786,189.8067017,127.372345
36848,B-20-3-08_masks.tif,18,10944,619.8406204,222.5905976,66.40168298,3.352183072,0.95446808,20.52152974,4404.568165,304.0329861,7302,0.667214912,198.4071503,193.593811,157.9611053
36849,B-20-3-08_masks.tif,19,17483,1027.095454,381.5246328,66.11821179,5.770341067,0.984869086,64.4687604,4866.84116,331.045244,11095,0.634616485,205.8572388,200.9755707,155.0088348
36850,B-20-3-08_masks.tif,20,13358,860.7106781,319.6161748,55.97822044,5.709652296,0.984543181,65.46113656,4836.269576,368.5804013,10468,0.783650247,203.9364777,200.5681152,147.9721985
36851,B-20-3-08_masks.tif,21,16843,1298.551299,524.9078101,47.47934369,11.05549844,0.99590075,61.81094074,2499.074215,445.4262899,6964,0.413465535,199.0977936,198.2508545,151.7023315
36852,B-20-3-08_masks.tif,22,16242,1170.066017,444.623637,53.47457528,8.314673556,0.992741303,62.22660404,2565.230021,439.499569,4673,0.287710873,202.0543518,196.7922058,158.3162842
36853,B-20-3-08_masks.tif,23,9161,602.8111832,218.516875,54.23437119,4.029121574,0.96871059,-48.71962032,2171.875887,431.4475494,4866,0.53116472,208.2200928,202.6742706,150.0970001
36854,B-20-3-08_masks.tif,24,10415,797.0538239,313.1364157,43.75045111,7.157329988,0.99019149,64.34391793,4627.120691,524.5486318,6548,0.628708593,197.8489685,195.2440491,142.3966064
36855,B-20-3-08_masks.tif,25,19701,1191.681241,441.6976823,58.86573331,7.503477107,0.99107956,-21.69025232,2096.027054,681.711842,8741,0.443683062,207.6392822,200.4357605,139.6058807
36856,B-20-3-08_masks.tif,26,8292,557.5979797,210.9540157,51.03823283,4.133254699,0.970291191,-21.15580137,4295.391823,570.9284853,7508,0.905451037,209.7854309,204.2213593,155.7715759
36857,B-20-3-08_masks.tif,27,26535,1320.350288,472.7232656,85.85965904,5.505766864,0.983367359,-44.36522941,2289.513624,625.1850763,0,0,,,
36858,B-20-3-08_masks.tif,28,7272,505.1126984,200.1518169,47.10206819,4.2493212,0.971915114,-13.23858813,4242.833058,585.2900165,6251,0.85959846,208.8617859,203.6746063,147.8440247
36859,B-20-3-08_masks.tif,29,8281,572.5269119,202.9177655,56.14514379,3.614164143,0.960959476,-13.15928328,4456.971018,608.4946263,6010,0.725757759,206.2238007,199.0875244,122.9890213
36860,B-20-3-08_masks.tif,30,8193,563.254834,208.5488488,50.96383694,4.092094734,0.969681151,-27.66854903,4870.901379,617.7771268,7957,0.971194922,210.5102386,202.4849854,149.4898834
36861,B-20-3-08_masks.tif,31,6532,477.8406204,174.8003598,49.53866622,3.528564112,0.959001381,-31.95325279,4331.87079,611.0234231,5863,0.897581139,208.7363129,202.2087708,140.9820862
36862,B-20-3-08_masks.tif,32,16196,1014.568542,377.7630069,59.40199886,6.359432581,0.987559347,-13.70586518,4048.37466,742.4441837,7704,0.475673006,207.9061584,199.1021576,149.4793549
36863,B-20-3-08_masks.tif,33,7458,592.5269119,232.6258815,41.90546059,5.55120689,0.983640797,14.3406474,4631.112094,691.5058997,5607,0.751810137,190.2716217,187.9828796,139.2033234
36864,B-20-3-08_masks.tif,34,8309,609.254834,235.056527,47.02133806,4.998933179,0.979787184,-20.82693876,4800.603683,676.4373571,8012,0.964255626,209.9040222,200.2474976,153.4087677
36865,B-20-3-08_masks.tif,35,15425,870.0832611,352.719492,69.19883872,5.097188025,0.98056658,-7.501348209,3957.379514,752.2967909,6364,0.412576985,207.969986,198.2135468,144.295105
36866,B-20-3-08_masks.tif,36,5068,468.7695526,183.6939529,36.66463843,5.010112216,0.97987821,-25.53361017,4761.450474,671.0323599,4012,0.791633781,210.2014008,202.6540375,155.8379822
36867,B-20-3-08_masks.tif,37,10515,747.4974747,284.4612289,51.52356729,5.520992506,0.983459741,-14.95880095,4108.956063,743.2180694,9016,0.85744175,207.2141724,198.3512573,151.8724518
36868,B-20-3-08_masks.tif,38,19288,1238.450793,431.1921964,79.61906741,5.415690115,0.982804593,45.3723201,1889.555319,749.1048839,10131,0.525248859,196.5076447,187.4721222,142.1650391
36869,B-20-3-08_masks.tif,39,10788,708.7695526,297.16572,49.19507281,6.040558598,0.9862018,-12.47323134,4001.545699,749.1180942,8635,0.8004264,211.083847,201.0523376,154.8657837
36870,B-20-3-08_masks.tif,40,7851,677.9827561,263.4748411,41.15007889,6.402778519,0.987728263,-27.87161403,4882.318176,754.9284168,6317,0.804610878,211.4506836,204.2121277,156.0759888
36871,B-20-3-08_masks.tif,41,4636,436.3847763,175.7078518,38.19258048,4.600575547,0.976090592,-1.871759788,4468.964409,723.0888697,152,0.032786885,215.6315765,207.2697296,169.1776276
36872,B-20-3-08_masks.tif,42,9530,597.254834,227.3091742,54.16791449,4.196380392,0.971191444,23.79343633,4579.197482,745.236936,8540,0.896117524,205.0532837,199.5113525,154.9569092
36873,B-20-3-08_masks.tif,43,15289,1036.793939,364.1422173,55.15391871,6.60229093,0.988462993,44.98502062,1861.109556,783.2761462,8937,0.584537903,201.2630615,194.3768616,149.9151917
36874,B-20-3-08_masks.tif,44,12583,942.6690476,349.5918662,51.9179107,6.733550358,0.988910896,6.062296276,4415.484384,841.3887785,6167,0.490105698,200.1148071,195.7050476,140.9489288
36875,B-20-3-08_masks.tif,45,6549,522.0832611,191.3979553,44.83512462,4.268928813,0.972176199,-31.91026006,4857.171018,724.6717056,6026,0.920140479,211.4080658,204.7884216,158.9160309
36876,B-20-3-08_masks.tif,46,5743,445.7989899,177.3936758,42.75540421,4.149035172,0.970520176,4.432411969,4530.958906,777.4605607,4816,0.838586105,200.361496,193.7182312,148.3309784
36877,B-20-3-08_masks.tif,47,11434,715.4974747,278.2725438,54.36702203,5.118406957,0.980728952,-20.38816345,4128.797884,838.3995977,5741,0.502099003,217.1694794,211.2908936,169.8332977
36878,B-20-3-08_masks.tif,48,9471,697.0538239,260.7089742,47.69956224,5.465647104,0.983120181,-31.54087502,4175.488544,860.1330377,8701,0.918699187,214.9107056,206.8739166,163.3046722
36879,B-20-3-08_masks.tif,49,21790,1215.497475,480.9950058,73.10267178,6.579718553,0.988383233,-86.00270042,2613.478293,854.7458467,7725,0.354520422,201.613205,196.9462738,145.002594
36880,B-20-3-08_masks.tif,50,7752,552.3259018,203.5858351,50.68803046,4.016447932,0.9685096,-30.12787676,4212.954205,880.381063,6797,0.876805986,211.9542389,203.5195007,154.6107178
36881,B-20-3-08_masks.tif,51,5959,469.254834,166.5708228,46.48178583,3.583571927,0.960276229,-50.11080987,4902.055043,851.6410472,4541,0.762040611,207.5014343,202.6705627,149.5597839
36882,B-20-3-08_masks.tif,52,19510,1135.722871,413.0101644,62.17829118,6.642353088,0.98860254,-58.36299494,3152.927986,923.9738596,11038,0.565761148,209.066864,202.5618744,144.604187
36883,B-20-3-08_masks.tif,53,17603,1124.308658,405.0444349,66.81121873,6.062521274,0.986302286,53.67503726,3661.915299,912.0878259,10578,0.600920298,203.4369507,197.0888672,154.5994568
36884,B-20-3-08_masks.tif,54,8843,663.0538239,247.026458,47.3087767,5.221577797,0.981490078,-33.5321246,4242.726676,912.1371706,7856,0.888386294,211.9749298,205.3203888,159.6729889
36885,B-20-3-08_masks.tif,55,12290,1062.793939,379.6995874,42.89765805,8.851289433,0.993597502,48.98402217,3658.525468,966.0001627,8478,0.689829129,206.3713074,203.8983307,158.1051025
36886,B-20-3-08_masks.tif,56,21662,1256.225397,531.3855772,56.14593393,9.46436438,0.994402368,78.39811289,2585.653356,924.2114763,4887,0.225602437,195.8815155,189.6275787,146.7172089
36887,B-20-3-08_masks.tif,57,18361,975.7401154,361.5521292,72.65966674,4.975967348,0.979598228,5.137436238,3551.067807,1061.08774,10322,0.562169816,198.6789398,188.8308411,136.2007294
36888,B-20-3-08_masks.tif,58,18283,971.9827561,386.9479454,62.5669246,6.184544756,0.986841045,-16.38706436,3310.017721,1042.821473,10664,0.58327408,210.045105,201.1349335,145.6620331
36889,B-20-3-08_masks.tif,59,16252,864.5685425,337.1907204,65.65418581,5.135860208,0.980860984,-73.7761141,1789.577221,929.4288703,9267,0.570206744,201.8987732,197.8304749,135.5404053
36890,B-20-3-08_masks.tif,60,13825,803.7817459,297.2334207,60.63626264,4.901908656,0.978970436,-33.06225455,3243.231392,994.0941049,7295,0.527667269,211.0052032,205.0711517,152.97258
36891,B-20-3-08_masks.tif,61,6174,465.2132034,189.0001513,42.24816559,4.473570596,0.974695883,80.76907029,4667.349044,972.334953,5517,0.893586006,203.0134125,199.2762299,159.5635376
36892,B-20-3-08_masks.tif,62,17587,1073.781746,421.1845921,61.44291151,6.854893132,0.989302116,20.34550092,1901.462387,1143.328481,9052,0.514698357,202.1019592,196.8517456,145.065506
36893,B-20-3-08_masks.tif,63,17792,1064.124892,432.716941,53.71712947,8.055474023,0.992264815,19.38457209,1859.1173,1160.932835,8974,0.504383993,196.4762573,186.8500061,150.7370148
36894,B-20-3-08_masks.tif,64,5732,418.2842712,156.5333259,47.79343683,3.275205474,0.952248412,-15.49370852,3365.955338,1032.756978,4609,0.804082345,209.6929932,201.6194458,148.043396
36895,B-20-3-08_masks.tif,65,20588,1098.083261,446.0116595,60.33815963,7.39186714,0.990806888,-79.9797022,2461.090878,1012.716825,10808,0.524966,207.4186707,200.7592468,150.931076
36896,B-20-3-08_masks.tif,66,5663,420.2842712,156.3523431,47.13474954,3.317135334,0.953477263,-17.79473985,3410.843016,1038.805933,3091,0.545823768,203.7919769,194.5344543,151.4493713
36897,B-20-3-08_masks.tif,67,11409,561.6984848,205.6029494,73.89740523,2.782275626,0.933176664,5.563665754,3471.46288,1077.888246,8561,0.750372513,208.1331635,200.005249,135.4437561
36898,B-20-3-08_masks.tif,68,20262,1199.882251,476.0459941,68.91790918,6.907435233,0.989465109,-79.82913216,2488.486872,1057.751456,11566,0.570822229,208.1212158,202.1936646,155.015213
36899,B-20-3-08_masks.tif,69,12164,678.8111832,227.3089907,69.7148142,3.260555067,0.951807445,-54.89100889,1461.762907,1062.997287,9657,0.793900033,203.8379364,194.9610596,137.6611786
36900,B-20-3-08_masks.tif,70,6917,463.4558441,180.6277443,49.94998746,3.616171965,0.961003697,83.66122746,4656.314732,1014.845164,6146,0.888535492,203.5097656,196.7632599,148.0645905
36901,B-20-3-08_masks.tif,71,6613,516.5269119,197.1716986,45.03520235,4.378168373,0.973565967,74.61401868,4662.205504,1059.965976,4360,0.659307425,199.0011444,194.9967957,150.0380707
36902,B-20-3-08_masks.tif,72,10010,725.4974747,275.5850355,48.55691944,5.675504927,0.984355143,-69.60785322,1568.505794,1080.528671,5827,0.582117882,209.5272064,199.6358337,149.5441895
36903,B-20-3-08_masks.tif,73,15023,951.4802307,340.3247632,57.22937475,5.946679738,0.985759533,40.10655235,4613.503495,1156.78473,8213,0.546695068,202.5072479,200.2246399,151.9255981
36904,B-20-3-08_masks.tif,74,12411,885.0538239,349.231566,47.25169795,7.39087866,0.990804417,-69.66281429,1600.035211,1113.919829,9412,0.75835952,207.9312592,201.8713379,161.5089264
36905,B-20-3-08_masks.tif,75,15932,1126.994949,403.9370571,71.79640499,5.626146004,0.9840772,61.17897178,2394.859905,1189.661185,7566,0.474893297,201.0573578,195.4911499,157.5
36906,B-20-3-08_masks.tif,76,18943,1129.338095,432.2439164,57.34906087,7.537070526,0.991159255,64.90363596,2480.847331,1183.272924,8094,0.427281846,198.8750916,193.1498566,152.1968079
36907,B-20-3-08_masks.tif,77,17397,1110.793939,419.996607,55.95123748,7.506475744,0.991086718,52.32122234,4527.412427,1245.141116,7689,0.441972754,195.0699768,191.3620758,147.7800751
36908,B-20-3-08_masks.tif,78,10585,607.7989899,255.3120124,60.60641788,4.212623371,0.971416437,7.214222857,4981.142088,1272.15522,6533,0.617194143,195.7457581,189.0466919,140.8216705
36909,B-20-3-08_masks.tif,79,13683,911.7401154,361.095591,56.48564992,6.392696048,0.987689282,80.37007114,1664.498867,1191.241614,5086,0.371702112,199.0843506,196.0633087,152.8863525
36910,B-20-3-08_masks.tif,80,17932,973.9827561,398.8348422,59.63680064,6.68773036,0.988757558,-16.80000136,3111.224515,1335.43453,7557,0.421425385,203.2995911,193.2692871,140.847168
36911,B-20-3-08_masks.tif,81,17460,1247.23759,468.5611299,55.24287523,8.481838208,0.993025595,24.9575677,3493.189633,1346.245475,9654,0.552920962,200.4981384,194.6978455,152.3495941
36912,B-20-3-08_masks.tif,82,18848,1254.83557,461.093373,54.639869,8.438771568,0.992953974,41.78713727,1195.184953,1347.689675,7039,0.373461375,190.2709198,181.4300385,128.5350189
36913,B-20-3-08_masks.tif,83,3761,310.2842712,98.00789449,49.9000836,1.964082771,0.860681639,32.23653214,429.7543207,1230.320394,2963,0.787822388,189.8602753,182.3378296,136.3094788
36914,B-20-3-08_masks.tif,84,21259,1168.267027,429.4192507,69.99263152,6.13520654,0.98662711,21.24568601,4913.516958,1375.80239,10606,0.498894586,200.8194427,195.005661,141.7902069
36915,B-20-3-08_masks.tif,85,17756,1110.124892,435.2719938,56.33814761,7.72606151,0.991588293,72.65462623,2450.116411,1270.69109,6708,0.37778779,199.9658661,193.1176147,147.8073883
36916,B-20-3-08_masks.tif,86,14476,976.5269119,388.1848368,49.0511966,7.913870889,0.991984398,85.02578412,1604.957792,1226.680851,140,0.00967118,224.0714264,212.75,209.7571411
36917,B-20-3-08_masks.tif,87,15484,901.4558441,404.2505984,50.77329714,7.961874079,0.992081145,3.861167574,2253.012335,1422.056768,5977,0.386011367,202.3746033,195.7124023,149.6090088
36918,B-20-3-08_masks.tif,88,10809,721.0538239,268.3029365,58.98020167,4.549033894,0.975538895,-56.20402926,3221.215839,1301.415117,4680,0.432972523,215.6066284,208.373291,161.0423126
36919,B-20-3-08_masks.tif,89,11914,839.2964646,309.9207307,50.46865901,6.140855271,0.986651868,27.54296027,3466.919003,1389.918499,9107,0.76439483,201.865921,196.6819,151.2650757
36920,B-20-3-08_masks.tif,90,13132,970.509668,363.4571683,50.39871687,7.211635352,0.990339372,30.47249053,1487.181389,1381.219921,9405,0.716189461,198.1841583,192.8901672,163.1833038
36921,B-20-3-08_masks.tif,91,12231,876.8111832,296.1302182,68.48818052,4.323814941,0.972887885,18.60036173,2385.474041,1410.18543,8672,0.709018069,203.4606781,195.9472961,163.4123688
36922,B-20-3-08_masks.tif,92,15668,1026.409163,381.9318844,54.07820067,7.062584918,0.989925213,33.0782786,1455.50817,1411.335014,4933,0.314845545,201.0433807,192.4524689,162.2546082
36923,B-20-3-08_masks.tif,93,11484,666.5269119,263.9926478,56.85935956,4.642905757,0.976529794,80.24052188,1723.472309,1290.205329,9819,0.855015674,201.6434479,193.9685364,156.1603088
36924,B-20-3-08_masks.tif,94,11076,801.0121933,311.1930382,56.01221622,5.555806558,0.983668098,11.38878157,2303.825659,1420.063561,4999,0.451336222,212.0406036,202.891571,166.9729919
36925,B-20-3-08_masks.tif,95,10839,832.2670273,299.6648575,52.95589903,5.658762536,0.984261689,-41.35867147,3246.178337,1377.182397,6559,0.605129625,214.3518829,207.1222687,172.1239471
36926,B-20-3-08_masks.tif,96,14674,916.1665222,324.6590681,62.29221978,5.211871872,0.981420419,42.24624971,2465.154764,1383.854913,6789,0.462655036,199.0692291,194.477829,151.20401
36927,B-20-3-08_masks.tif,97,14210,876.8111832,352.1116892,53.87775663,6.535381412,0.988224136,68.87480838,4081.299085,1349.232442,6253,0.440042224,202.273941,199.0519714,150.1274567
36928,B-20-3-08_masks.tif,98,9178,590.7695526,230.3646,52.52788076,4.385568133,0.973656301,75.34466161,1714.623556,1338.197756,6821,0.743190238,198.7095795,190.9678955,152.0027924
36929,B-20-3-08_masks.tif,99,2551,302.8700577,107.6877265,31.98306265,3.367023593,0.954878034,45.3063413,35.59388475,1351.869071,2183,0.855742846,179.2354584,174.6628418,125.5895538
36930,B-20-3-08_masks.tif,100,11292,873.1959595,325.0111205,61.28665475,5.303130377,0.98206016,-55.77302024,3235.192526,1442.715019,7017,0.62141339,212.2625122,206.110733,160.9941559
36931,B-20-3-08_masks.tif,101,9687,637.4558441,268.5762921,46.65801458,5.756273483,0.984794468,79.64277199,4023.667596,1383.032105,5494,0.567151853,204.3048706,199.7151489,151.13797
36932,B-20-3-08_masks.tif,102,11460,598.3847763,245.1901166,66.85874903,3.667285437,0.962104429,3.067842259,4999.366056,1459.619197,5789,0.505148342,203.3765717,196.9526672,145.4178619
36933,B-20-3-08_masks.tif,103,3045,250.7279221,90.33280021,43.59852483,2.071923318,0.875816991,-81.60252434,321.0860427,1443.874877,2698,0.886042693,187.5389252,184.7016296,137.6315765
36934,B-20-3-08_masks.tif,104,17391,1028.994949,350.2092967,77.5134361,4.518046346,0.975197925,57.84698348,3435.579898,1511.481111,5674,0.32626071,195.1644287,192.3792725,153.6327057
36935,B-20-3-08_masks.tif,105,19599,1035.355339,449.2943629,57.46314453,7.818826598,0.991787529,83.66061287,2834.033573,1482.336854,8984,0.458390734,196.1765289,190.5607758,142.8755493
36936,B-20-3-08_masks.tif,106,13449,962.8944443,341.8990082,52.73234027,6.483668399,0.988034399,40.31078315,2208.213919,1580.580787,7000,0.520484794,197.7031403,190.6699982,152.324707
36937,B-20-3-08_masks.tif,107,15934,1015.137085,374.6154501,57.91761716,6.468074283,0.987976281,49.98167503,2179.12125,1627.514999,6409,0.402221664,199.9751892,190.780304,149.4100494
36938,B-20-3-08_masks.tif,108,21840,1110.953319,425.5712469,68.66905569,6.1974239,0.986896043,18.31773304,2641.454853,1700.60641,7794,0.356868132,197.9194183,190.6530609,131.3963318
36939,B-20-3-08_masks.tif,109,6848,453.7989899,187.8943565,48.11202958,3.905350868,0.966661171,84.56096833,283.973715,1534.565129,3229,0.471524533,198.882309,195.8209991,140.9513855
36940,B-20-3-08_masks.tif,110,19535,1023.355339,438.7801164,61.78953437,7.101204449,0.990035047,-85.30905334,2842.743281,1547.306987,8890,0.455080625,202.3843689,195.3777313,144.6995544
36941,B-20-3-08_masks.tif,111,17948,1048.551299,394.9192443,60.51491687,6.525981769,0.988189986,51.58940494,3199.227825,1624.690495,7433,0.414140851,190.6616516,184.5043793,135.1148987
36942,B-20-3-08_masks.tif,112,14393,922.3675324,355.1254342,54.2434807,6.5468777,0.988265702,-25.6719597,2495.393525,1685.942264,4845,0.336621969,206.8926697,201.843338,141.3638763
36943,B-20-3-08_masks.tif,113,13821,877.1543289,351.6185087,64.08530898,5.486725652,0.98325073,78.20441403,1606.364445,1602.802909,4650,0.336444541,189.9578552,184.9853821,144.4812927
36944,B-20-3-08_masks.tif,114,6530,541.1543289,188.9666377,47.13616324,4.008952464,0.968389812,43.69746223,3489.056662,1599.06294,2819,0.431699847,202.7169189,200.8535004,147.4079437
36945,B-20-3-08_masks.tif,115,22653,1320.793939,507.012096,64.58311583,7.850536313,0.991854011,61.75697646,2866.720876,1693.70697,7866,0.347238776,197.1231842,187.5995483,135.1053925
36946,B-20-3-08_masks.tif,116,4011,289.2132034,93.54634771,55.71002831,1.679165324,0.803330122,-87.96275626,270.9329344,1624.801296,3551,0.885315383,200.1455994,195.0250702,143.5981445
36947,B-20-3-08_masks.tif,117,3297,281.7989899,92.79610349,46.66846849,1.988411158,0.8643364,66.99024249,138.7464362,1635.906582,30,0.009099181,226.3999939,234.4666595,208.3000031
36948,B-20-3-08_masks.tif,118,18466,1186.066017,434.0269282,57.84196316,7.503668695,0.991080018,61.54022153,2850.879292,1737.851024,8852,0.479367486,198.7720337,193.0691376,141.6228027
36949,B-20-3-08_masks.tif,119,4123,333.4558441,110.6985334,49.3394325,2.243611808,0.895177459,67.71901897,98.32258065,1669.280136,3716,0.901285472,202.3794403,194.8928986,155.9214172
36950,B-20-3-08_masks.tif,120,3548,302.627417,101.1978054,46.36786683,2.182498621,0.88885405,67.99945822,213.2711387,1673.635851,321,0.090473506,221.0996857,230.9158936,189.5700989
36951,B-20-3-08_masks.tif,121,3482,332.0416306,119.5656942,39.68248633,3.013059544,0.943318601,64.67161203,187.2148191,1705.768237,3031,0.870476738,192.1214142,182.5245819,154.701416
36952,B-20-3-08_masks.tif,122,19890,1286.208153,488.2432779,70.01424881,6.973484487,0.989664764,-28.74961583,4633.643741,1867.136702,8353,0.419959779,203.9373932,200.1968231,152.2237549
36953,B-20-3-08_masks.tif,123,7127,543.8406204,200.6482759,46.81270804,4.286192452,0.972403056,61.02206093,120.5399186,1727.154764,1354,0.18998176,191.9364777,186.2518463,149.8249664
36954,B-20-3-08_masks.tif,124,5279,408.5269119,142.3861312,49.73469458,2.862913553,0.937012989,56.10858507,50.3951506,1730.718318,85,0.016101534,228.1294098,237.6117706,187.9647064
36955,B-20-3-08_masks.tif,125,3924,321.1126984,105.0347646,48.43426832,2.168604342,0.887334631,-49.15902843,329.6365953,1741.649847,3768,0.960244648,196.1966553,192.2123108,142.2967072
36956,B-20-3-08_masks.tif,126,19751,1024.166522,364.4625161,79.51433605,4.583607613,0.975911057,53.56865473,2866.710344,1842.059339,8750,0.443015544,192.5477753,186.7403412,135.1905212
36957,B-20-3-08_masks.tif,127,21560,1169.982756,474.5075049,64.01103118,7.412902059,0.990859227,11.99452713,2130.141187,1936.86475,4205,0.195037106,194.9170074,183.2730103,137.8225861
36958,B-20-3-08_masks.tif,128,17618,1111.580736,405.828786,58.23925663,6.968302987,0.989649307,-27.88938059,4667.014247,1896.81553,8046,0.45669202,209.0846405,203.3081055,153.1611938
36959,B-20-3-08_masks.tif,129,18924,1050.325902,426.0415078,64.30853553,6.624960502,0.98854227,11.812725,2082.260463,1943.386176,5118,0.270450222,208.3409576,200.1117554,157.4812469
36960,B-20-3-08_masks.tif,130,3546,305.2132034,106.5304739,44.10095819,2.41560452,0.910288228,64.24337286,45.04314721,1774.485618,3182,0.897349126,198.3460083,191.1778717,146.2083588
36961,B-20-3-08_masks.tif,131,16802,855.6984848,371.0330325,63.8833968,5.807972824,0.985066009,4.281766016,2023.142126,1939.035115,6751,0.401797405,201.2239685,192.8749847,151.672348
36962,B-20-3-08_masks.tif,132,3765,310.8700577,106.9905632,45.99494485,2.326137439,0.902877836,-37.86514905,263.6162019,1812.29243,146,0.03877822,217.7671204,215.3630066,172.9931488
36963,B-20-3-08_masks.tif,133,2954,300.8700577,98.64231967,39.98042883,2.467265173,0.914180609,-53.37840909,298.9319567,1835.439404,2632,0.890995261,197.4449158,192.3761444,140.8674011
36964,B-20-3-08_masks.tif,134,5575,454.0416306,181.4475202,40.1070998,4.524074817,0.975264818,76.91778071,107.3316592,1831.45417,5430,0.973991031,195.710495,189.7758789,149.0272522
36965,B-20-3-08_masks.tif,135,5279,459.9411255,176.9157013,40.63380718,4.353904139,0.973266456,70.11018157,90.22030688,1870.366357,5098,0.965713203,196.5153046,192.8597565,146.7302856
36966,B-20-3-08_masks.tif,136,10888,812.0243866,303.4780052,49.8594195,6.086673457,0.986411523,52.97294001,1142.86058,1920.715191,4096,0.376193975,202.6315918,199.2302246,156.3752441
36967,B-20-3-08_masks.tif,137,5997,486.9116882,174.1871862,45.90163521,3.794792613,0.964654202,44.14815501,522.3274971,1909.461064,5670,0.945472736,195.8580322,188.6626129,154.481308
36968,B-20-3-08_masks.tif,138,16717,1039.982756,433.6718363,52.24347098,8.300976718,0.992717241,76.00906125,2590.405037,1904.686606,4876,0.291679129,194.6659088,190.6150513,141.6136169
36969,B-20-3-08_masks.tif,139,4813,356.0416306,123.3014481,51.88043015,2.376646604,0.907171567,60.58847488,47.21649699,1907.54145,4106,0.853106171,193.2045746,186.3821259,135.8460846
36970,B-20-3-08_masks.tif,140,7336,667.0538239,252.3141141,41.5355279,6.074657693,0.986357342,-38.90487721,704.8987186,1962.424755,5869,0.800027263,201.3978577,194.030838,149.5421753
36971,B-20-3-08_masks.tif,141,9700,728.1248917,269.02139,47.93809239,5.61185013,0.983995311,56.29974909,1116.121753,1950.739794,4792,0.494020619,200.4584656,190.7994537,158.981842
36972,B-20-3-08_masks.tif,142,15666,1044.710678,382.7283302,74.87089791,5.111843733,0.980678948,-13.70101087,3944.55413,2059.909677,6291,0.40157028,208.7327881,202.5205841,160.8879395
36973,B-20-3-08_masks.tif,143,4779,437.0121933,167.9982226,38.21031833,4.39667163,0.97379098,48.46275183,431.6949153,1941.90814,3998,0.83657669,192.1288147,183.904953,147.4844971
36974,B-20-3-08_masks.tif,144,14114,936.4264069,393.793814,49.35688643,7.978497885,0.992114241,-83.79689829,5173.665651,1924.990081,6386,0.452458552,201.9285889,197.021759,151.639679
36975,B-20-3-08_masks.tif,145,11431,871.254834,338.5795659,44.73505427,7.568551585,0.991232972,-14.63038027,3983.564518,2062.922754,5918,0.517714986,208.5728302,200.759552,162.731842
36976,B-20-3-08_masks.tif,146,17312,1132.752309,435.347683,66.6872809,6.528196638,0.988198046,-27.11732889,4058.897817,2108.787431,453,0.026166821,225.9889679,220.9072876,213.2935944
36977,B-20-3-08_masks.tif,147,18855,957.5979797,390.4773339,71.78942858,5.439203817,0.982954229,89.33204344,3221.349191,1948.261257,6417,0.340334129,195.9856567,185.9072723,137.8153381
36978,B-20-3-08_masks.tif,148,12220,949.1959595,345.1820568,46.23573939,7.465697778,0.990988639,-27.29732244,4035.55671,2071.052209,6996,0.572504092,207.1578064,197.9938507,152.4991455
36979,B-20-3-08_masks.tif,149,4383,394.1837662,141.5501606,40.20373427,3.520821217,0.95881698,49.39152571,528.3755419,1970.884782,3698,0.843714351,198.7385101,188.7360687,154.2520294
36980,B-20-3-08_masks.tif,150,25676,1395.681241,537.1097539,85.67899477,6.268861526,0.987194923,76.05125366,4934.982007,2041.913499,8920,0.347406138,199.7449493,191.7616577,153.9056091
36981,B-20-3-08_masks.tif,151,18303,1218.468037,477.6811927,50.74424948,9.413503945,0.994341545,78.57067314,4953.565645,1998.321259,715,0.039064634,236.1342621,231.7846222,219.7608337
36982,B-20-3-08_masks.tif,152,9794,647.1126984,261.3861509,51.22510222,5.102696522,0.980608929,-81.68185563,5143.877782,1969.430366,6283,0.641515213,205.1083832,200.0065308,155.0420227
36983,B-20-3-08_masks.tif,153,3779,279.7989899,91.7088772,53.03958706,1.729064691,0.815790617,60.16442201,400.1249008,1983.012966,3317,0.877745435,199.1851044,189.661438,150.3819733
36984,B-20-3-08_masks.tif,154,6021,521.4974747,192.9001673,41.61619148,4.63521914,0.976450949,55.71354904,146.9966783,2008.829596,5760,0.956651719,194.9890594,189.6354218,156.7107697
36985,B-20-3-08_masks.tif,155,14957,922.1665222,335.1092115,61.65578681,5.435162355,0.98292865,37.18178633,5351.243765,2099.545363,7682,0.51360567,193.2816925,188.1757355,143.2741547
36986,B-20-3-08_masks.tif,156,18929,1009.539105,395.0430082,63.87393529,6.184729442,0.986841836,69.0384,3525.179037,2049.886312,9390,0.49606424,196.1859436,191.7506866,138.9602814
36987,B-20-3-08_masks.tif,157,8039,547.5979797,212.5269841,50.23035709,4.231046651,0.97166844,64.48955403,400.6518224,2037.020027,6986,0.869013559,194.5639801,186.2779846,140.0332031
36988,B-20-3-08_masks.tif,158,5482,457.0121933,173.0455017,42.81293131,4.041898006,0.968911257,58.31531265,106.1618023,2037.777453,4841,0.883071872,192.692627,185.63974,145.8479614
36989,B-20-3-08_masks.tif,159,5135,501.0121933,190.2932571,36.31395884,5.240223406,0.981622797,64.00914362,303.9962999,2032.264265,4904,0.955014606,199.7008514,193.1977997,157.6064453
36990,B-20-3-08_masks.tif,160,5063,478.0832611,177.6774965,38.07089925,4.667016015,0.976774542,41.66267049,56.33892949,2067.960498,4153,0.820264665,186.364563,175.557663,138.2696838
36991,B-20-3-08_masks.tif,161,16200,977.8233765,363.0695158,59.19606211,6.133338989,0.98661891,35.98834459,5325.611667,2146.653025,5412,0.334074074,193.2529602,189.8194733,153.3035889
36992,B-20-3-08_masks.tif,162,10976,651.4558441,278.5916148,53.37539621,5.219476286,0.981475029,84.37770936,863.742438,2034.131378,5748,0.523688047,199.683548,191.7773132,143.6478729
36993,B-20-3-08_masks.tif,163,6931,532.0832611,201.4393741,47.13258975,4.273887244,0.972241643,58.53187129,300.4709277,2082.306016,6871,0.991343241,198.8860474,192.1710052,157.3101501
36994,B-20-3-08_masks.tif,164,2734,270.3847763,97.93100804,36.77818021,2.662747517,0.926801348,21.273191,21.67446964,2086.582663,1978,0.723482078,194.125885,182.1809845,143.6006012
36995,B-20-3-08_masks.tif,165,7557,453.4558441,167.8793193,58.14004783,2.887498816,0.938116261,79.53142743,837.7238322,2088.776366,5133,0.679237793,199.4755554,190.8864136,147.3798981
36996,B-20-3-08_masks.tif,166,22375,1218.083261,534.8492641,76.19778499,7.019223251,0.98979971,-1.765126273,3244.511553,2294.332693,7334,0.327776536,197.5406342,185.8513794,155.9742279
36997,B-20-3-08_masks.tif,167,12690,897.4558441,371.6806095,44.43046366,8.365445211,0.992829462,-3.39069005,3281.60788,2274.884161,4999,0.39393223,209.4877014,202.7203369,176.6707306
36998,B-20-3-08_masks.tif,168,9076,608.6690476,231.7922743,50.79187264,4.563570158,0.975696416,24.3969819,627.489643,2206.003526,5099,0.561811371,200.0523682,188.3753662,147.9488068
36999,B-20-3-08_masks.tif,169,9376,526.5269119,203.4540216,60.23255323,3.377808356,0.955172459,74.50685446,846.4437927,2148.171182,8592,0.916382253,199.5114136,189.7085724,145.343689
37000,B-20-3-08_masks.tif,170,5024,369.5563492,148.4213866,44.10029061,3.365542144,0.954837362,-86.45983553,235.4468551,2136.983877,4555,0.906648089,192.710434,186.3552094,143.0320587
37001,B-20-3-08_masks.tif,171,4502,365.1126984,129.9001198,45.67282617,2.844144554,0.936150492,42.63893862,762.8407375,2171.879609,4447,0.987783207,199.5471039,189.9754944,150.7517395
37002,B-20-3-08_masks.tif,172,4126,325.2132034,112.8490888,48.62285896,2.320906075,0.902415819,13.9508397,556.6689287,2191.41905,3859,0.935288415,198.1622162,185.9911957,147.1775055
37003,B-20-3-08_masks.tif,173,18792,965.8406204,386.5388373,72.82612204,5.307694911,0.982091284,-0.169265622,3385.341369,2331.358397,8055,0.428639847,210.2829285,203.9132233,148.4604645
37004,B-20-3-08_masks.tif,174,1218,165.3137085,53.38393906,31.22375621,1.709721876,0.811112298,68.27722658,22.66666667,2159.917898,1188,0.975369458,172.9217224,167.5437775,118.0959625
37005,B-20-3-08_masks.tif,175,18706,900.0416306,388.9344201,63.46079454,6.128735432,0.986598663,-1.220118359,3333.015396,2341.797552,11782,0.629851385,209.5833435,200.9139404,162.8118286
37006,B-20-3-08_masks.tif,176,2671,260.9705627,91.69399745,38.07644305,2.408155545,0.909704794,-77.3284648,292.7184575,2168.26769,55,0.020591539,212.4181824,225.2727203,161.5818176
37007,B-20-3-08_masks.tif,177,6030,396.5269119,131.8730752,60.14995822,2.192405101,0.889918237,44.81322969,717.9895522,2198.29403,5843,0.968988391,199.5998688,189.9407806,141.0554504
37008,B-20-3-08_masks.tif,178,7828,525.9411255,197.8419183,51.19469062,3.864500711,0.965940135,-72.93857896,332.091722,2200.195963,6520,0.832907511,198.9872742,191.6558228,133.8240814
37009,B-20-3-08_masks.tif,179,2858,250.7279221,92.34008718,40.00992192,2.307929702,0.901255153,-86.71039309,207.5643807,2185.960112,2646,0.925822253,199.6239624,196.7388458,154.2705994
37010,B-20-3-08_masks.tif,180,4122,377.6984848,138.0844929,41.0573553,3.363209635,0.954773212,-25.98811044,445.851771,2235.241873,4092,0.99272198,202.8030243,193.1322021,153.3044891
37011,B-20-3-08_masks.tif,181,668,144.7279221,33.20586764,30.66474071,1.082868039,0.383662077,51.03130354,14.75149701,2213.977545,473,0.708083832,189.2008514,183.1352997,148.6405945
37012,B-20-3-08_masks.tif,182,3217,322.627417,116.9178737,36.66368247,3.188928821,0.949560159,-21.11645164,477.6254274,2267.189307,3002,0.933167547,192.0876007,180.6119232,134.4463654
37013,B-20-3-08_masks.tif,183,7207,546.3847763,227.4993242,45.30961757,5.020994138,0.979966225,1.692575796,544.948106,2350.038019,6749,0.936450673,197.3745728,187.5325165,144.9979248
37014,B-20-3-08_masks.tif,184,5022,375.1126984,129.8862676,50.45713882,2.574190107,0.921460656,27.76201063,597.734767,2287.125448,4197,0.83572282,203.2942505,194.0202484,162.4944
37015,B-20-3-08_masks.tif,185,22482,1322.066017,490.4265289,79.07854033,6.201765067,0.986914504,65.41672886,3884.357619,2343.598167,10485,0.466373098,203.1856995,197.5052948,148.6457825
37016,B-20-3-08_masks.tif,186,7154,594.8700577,246.3942648,40.66328146,6.059379764,0.98628798,-82.37695055,245.6424378,2300.610288,3693,0.516214705,198.0999146,193.1838684,147.7267761
37017,B-20-3-08_masks.tif,187,6090,449.9411255,161.4968845,49.93251212,3.234303216,0.951001715,-19.55984538,392.4110016,2344.669951,5506,0.90410509,206.5953522,202.3067627,168.9340668
37018,B-20-3-08_masks.tif,188,20012,1258.651804,445.1711303,58.80634475,7.570120744,0.991236623,65.92946522,3880.574205,2394.107985,6877,0.343643814,207.1041107,197.8611298,160.6008453
37019,B-20-3-08_masks.tif,189,18616,1221.580736,443.4495227,72.67596299,6.101735766,0.986478987,24.88055564,3801.738934,2494.04335,4000,0.21486893,189.963501,181.2017517,150.4082489
37020,B-20-3-08_masks.tif,190,16572,1077.338095,411.0095341,52.33630419,7.853239553,0.991859641,27.44657058,3755.600833,2497.778059,5656,0.341298576,200.4061127,192.9069977,150.9299927
37021,B-20-3-08_masks.tif,191,3976,418.8700577,171.5378413,30.43473373,5.636252409,0.984134711,-17.54521707,442.5777163,2391.795523,3811,0.958501006,197.0083923,184.2752533,147.9800568
37022,B-20-3-08_masks.tif,192,4021,358.3847763,149.0240093,36.62505917,4.068908355,0.969329146,-7.093390237,490.9321064,2389.919423,3457,0.859736384,198.4133606,190.8964386,146.7113037
37023,B-20-3-08_masks.tif,193,6381,446.6690476,150.9744639,55.02865669,2.743560773,0.931207369,44.29315536,212.3997806,2401.823225,5306,0.831531108,193.5686035,186.7572632,136.8901215
37024,B-20-3-08_masks.tif,194,5853,483.4558441,203.4443339,38.14907292,5.332877534,0.982261544,7.373665146,763.2431232,2454.4109,5732,0.979326841,195.9054413,186.3524017,144.901947
37025,B-20-3-08_masks.tif,195,9129,610.4264069,225.1787032,52.91904082,4.255154661,0.971993174,21.31717561,695.0650674,2492.803483,7401,0.810713112,194.0513458,184.0595856,146.2648315
37026,B-20-3-08_masks.tif,196,8029,579.5979797,224.6541758,50.18113011,4.476865613,0.9747336,18.95952959,654.8744551,2510.640428,6996,0.871341387,211.507431,204.7838745,167.7347107
37027,B-20-3-08_masks.tif,197,6830,515.3553391,197.0769113,45.1720857,4.362803006,0.973376892,-20.84573836,998.5291362,2541.029283,6334,0.927379209,204.7442322,197.1621399,163.2568665
37028,B-20-3-08_masks.tif,198,20450,1158.610173,437.9158442,67.97804495,6.442018809,0.987878224,18.62935352,4485.505575,2674.727726,10616,0.519119804,197.841095,192.3979797,142.8996735
37029,B-20-3-08_masks.tif,199,6771,566.6690476,215.1564215,43.78569155,4.913852309,0.979073632,-26.47507533,1032.559592,2560.672427,5608,0.828238074,205.4727173,200.0756073,163.7318115
37030,B-20-3-08_masks.tif,200,18805,1129.279221,415.5324574,60.61752233,6.854989141,0.989302417,-44.6969935,3305.579101,2613.207019,7846,0.41722946,201.5401459,193.8800659,136.15448
37031,B-20-3-08_masks.tif,201,21261,1077.195959,385.0637311,74.85705004,5.143987519,0.980922001,-22.78844793,5144.984055,2660.640798,6155,0.289497201,196.7723846,190.1731873,128.8414307
37032,B-20-3-08_masks.tif,202,18531,1082.894444,395.5133254,65.44761146,6.043204887,0.986213966,35.48463414,2453.430954,2669.154012,7484,0.403863796,191.4672699,183.9870453,139.2462616
37033,B-20-3-08_masks.tif,203,20597,1213.497475,489.9129001,68.35417303,7.167271263,0.990218815,-80.94934665,2011.777492,2553.781716,8606,0.417827839,198.4200592,189.1952057,144.5976105
37034,B-20-3-08_masks.tif,204,5991,423.2132034,156.8194633,52.49697781,2.987209357,0.94230321,75.99996397,61.43899182,2573.278918,5563,0.928559506,187.4298096,179.7334137,137.1450653
37035,B-20-3-08_masks.tif,205,20787,1118.568542,393.2333024,74.0657035,5.309249542,0.982101866,-80.49775051,2061.655025,2597.523885,7566,0.363977486,197.4131622,183.7371063,131.4900818
37036,B-20-3-08_masks.tif,206,5217,369.7989899,132.2722565,54.42768869,2.430238352,0.911417763,78.86475291,53.47805252,2635.499329,4301,0.824420165,189.1006775,179.9535065,133.7216949
37037,B-20-3-08_masks.tif,207,16182,1033.63961,415.3487507,52.36782347,7.931373183,0.992019877,75.0614202,1906.943888,2692.190026,7231,0.44685453,209.5293884,202.768219,183.6220398
37038,B-20-3-08_masks.tif,208,18775,991.6396103,392.9301739,66.89755885,5.873610049,0.985400376,71.0660221,2190.106578,2726.346205,6922,0.368681758,194.4062347,186.5950623,136.4706726
37039,B-20-3-08_masks.tif,209,14585,943.3380951,334.8484897,56.71516874,5.904037617,0.985551572,55.7341871,2082.090641,2844.745492,3625,0.248543024,200.114212,190.0314484,153.8380737
37040,B-20-3-08_masks.tif,210,16798,1017.480231,394.3324934,60.22998978,6.547112076,0.988266547,51.32152058,2174.107096,2854.955888,5124,0.305036314,190.3710022,183.030838,136.8348999
37041,B-20-3-08_masks.tif,211,13682,888.6101731,327.8873123,55.11158597,5.949516902,0.985773209,-61.80365504,3820.675267,2897.239366,6903,0.504531501,195.2432251,186.164566,138.2313538
37042,B-20-3-08_masks.tif,212,14529,1016.551299,349.0530921,54.95548742,6.351560299,0.987528295,-48.57577861,918.9147223,2948.720215,8489,0.584279716,202.4609528,195.9856262,147.562027
37043,B-20-3-08_masks.tif,213,18150,1161.622366,408.2170974,59.0439958,6.913778309,0.989484534,-47.26407079,3778.152287,3004.581377,9518,0.524407713,201.66716,192.7900848,144.8107758
37044,B-20-3-08_masks.tif,214,18358,1010.409163,367.5841477,67.07288516,5.480368808,0.983211519,-36.95899979,3858.864419,3009.489269,6250,0.34045103,204.2297668,193.5588837,136.4864044
37045,B-20-3-08_masks.tif,215,17016,1046.166522,358.8993742,71.99144077,4.985306175,0.979675384,31.19749257,2205.77862,3082.099553,6672,0.392101551,195.4649353,186.7137299,155.1281433
37046,B-20-3-08_masks.tif,216,16197,1013.095454,365.902165,60.4553143,6.052440042,0.986256298,29.52413702,2255.007656,3067.036673,8693,0.536704328,198.3957214,190.4188385,151.5996704
37047,B-20-3-08_masks.tif,217,10643,726.8700577,279.1588288,52.81881229,5.285215944,0.981937218,-89.13356541,602.1603871,2972.409189,7142,0.671051395,196.9294281,191.3367462,155.1468811
37048,B-20-3-08_masks.tif,218,20399,1177.095454,470.0313709,63.47265779,7.405257433,0.990840258,22.86147773,4005.390068,3194.117065,11452,0.561400069,204.3119049,193.5145874,156.8161926
37049,B-20-3-08_masks.tif,219,18483,1092.267027,431.1989145,71.95061528,5.992984394,0.985980298,25.23689458,4070.496023,3147.519613,9022,0.488124222,202.9240723,198.0299225,154.5134125
37050,B-20-3-08_masks.tif,220,15628,846.4264069,333.791568,64.54484493,5.171467502,0.98112616,88.34675544,593.6555541,3026.819491,9215,0.589646788,203.2301636,193.7033081,144.3801422
37051,B-20-3-08_masks.tif,221,11813,997.7817459,358.6694944,44.24860338,8.105781131,0.992360899,23.68863559,4045.453568,3185.664099,7681,0.650215864,203.6491394,196.7426147,161.0283813
37052,B-20-3-08_masks.tif,222,14678,809.6984848,341.283244,57.08282136,5.978738189,0.985912928,85.71490004,3435.99598,3038.020302,7140,0.486442295,197.8341675,191.5795593,144.2841797
37053,B-20-3-08_masks.tif,223,7267,570.5685425,211.2409819,45.05084792,4.688945751,0.976993833,51.7268616,125.8959681,3102.648548,6540,0.899958717,193.7148285,186.4234009,157.7313385
37054,B-20-3-08_masks.tif,224,20438,1322.610173,534.4495751,74.33299964,7.189936874,0.990280688,75.00513221,3469.844848,3107.620511,12250,0.599373716,203.0576324,194.1321564,165.0621185
37055,B-20-3-08_masks.tif,225,5784,409.4558441,150.4273509,52.31014166,2.875682346,0.937589687,78.02162813,577.528527,3089.572268,4020,0.695020747,192.0089569,182.2116852,149.8701477
37056,B-20-3-08_masks.tif,226,18128,1132.325902,460.9412129,50.93767903,9.04912084,0.993875238,78.90983229,3404.522672,3132.600508,8655,0.477438217,202.7616425,193.4152527,164.9817505
37057,B-20-3-08_masks.tif,227,12357,665.6396103,231.4755459,68.66432207,3.371118201,0.954990161,37.4547251,518.5750587,3179.297726,8241,0.666909444,191.5108643,181.085907,141.1662445
37058,B-20-3-08_masks.tif,228,5855,459.0121933,156.8962628,51.64170284,3.038169815,0.944279208,53.2779142,112.7026473,3146.484202,4716,0.805465414,200.4143372,191.4758301,163.0525818
37059,B-20-3-08_masks.tif,229,8334,652.4680374,227.1034453,50.32421216,4.512806771,0.975139564,41.39779514,448.2949364,3178.659107,5073,0.608711303,202.8714752,193.7037201,163.4610748
37060,B-20-3-08_masks.tif,230,20841,1225.4386,483.964759,85.32918107,5.671738002,0.98433419,74.43947358,3405.286647,3217.897942,6772,0.324936423,194.0924377,183.1628723,154.8690186
37061,B-20-3-08_masks.tif,231,6912,507.4974747,183.0572956,49.0210885,3.734256035,0.963477038,50.14446762,71.57552083,3197.10489,5524,0.799189815,194.845047,186.4838867,152.0376587
37062,B-20-3-08_masks.tif,232,14623,993.137085,348.368087,55.27812879,6.30209623,0.987330489,42.3869057,3876.323463,3298.948984,10518,0.71927785,205.8536835,196.2297058,152.4147186
37063,B-20-3-08_masks.tif,233,7155,585.4974747,213.4694947,53.37154381,3.999687464,0.968240792,53.52973033,69.17232704,3252.188539,5622,0.785744235,189.9464569,179.8235474,151.9539337
37064,B-20-3-08_masks.tif,234,15197,1000.994949,369.1292049,67.83510857,5.441565772,0.982969152,41.25821819,3928.937882,3291.538198,3356,0.220833059,205.4350433,200.9594727,172.3110809
37065,B-20-3-08_masks.tif,235,17960,1119.23759,373.5984515,64.39902675,5.801305864,0.985031403,56.80331016,3788.129454,3311.129733,6323,0.352060134,191.7918701,183.8755341,152.9022675
37066,B-20-3-08_masks.tif,236,2129,209.3137085,64.62128231,43.25058329,1.494113545,0.742998415,-61.8440266,27.85955848,3338.718647,1152,0.541099108,183.0911407,172.0920105,131.887146
37067,B-20-3-08_masks.tif,237,4383,368.627417,135.5042376,43.53724187,3.112375331,0.946978135,-68.84391929,58.11841205,3370.890258,3256,0.74287018,198.5948944,192.74263,161.2711945
37068,B-20-3-08_masks.tif,238,8399,651.254834,251.9434967,50.46782781,4.992160505,0.979731735,-72.76617385,155.2724134,3387.784141,7372,0.877723539,196.0976715,188.3640747,153.4027405
37069,B-20-3-08_masks.tif,239,9117,625.3553391,245.690267,48.28571832,5.088259543,0.98049764,-75.48371209,163.2737743,3426.431282,206,0.022595152,236.8058319,225.6067963,177.3495178
37070,B-20-3-08_masks.tif,240,11263,707.0121933,288.7197631,57.63796412,5.009194331,0.979870759,-15.74339066,1500.08266,3533.955696,5374,0.47713753,203.4627838,196.850769,174.4866028
37071,B-20-3-08_masks.tif,241,13905,808.2670273,288.0200476,64.39499243,4.472708774,0.974686004,-45.86750843,3985.819993,3501.630924,7494,0.538942826,202.0635223,193.0825958,152.9901276
37072,B-20-3-08_masks.tif,242,12306,772.4680374,287.8081389,64.18435138,4.484085804,0.974815952,-30.75893849,4056.12758,3551.381684,183,0.014870795,231.0273285,216.0491791,203.4972687
37073,B-20-3-08_masks.tif,243,7951,513.3553391,195.3115334,52.44278624,3.72427835,0.963277344,-70.90261182,461.5399321,3456.926299,6171,0.776128789,190.6319885,186.1557312,135.7365112
37074,B-20-3-08_masks.tif,244,12050,899.7817459,353.3454767,54.1511182,6.525174149,0.988187045,-60.00068856,3826.370456,3494.871203,5311,0.440746888,196.3897552,188.616272,146.5187378
37075,B-20-3-08_masks.tif,245,9170,780.6101731,276.5379757,44.23988049,6.250875287,0.987120646,-38.6396625,4003.538277,3552.965104,6968,0.759869138,199.7828674,189.6086426,145.7685089
37076,B-20-3-08_masks.tif,246,7611,542.3847763,226.4084105,46.470982,4.872038438,0.97870897,-5.401698504,1536.483248,3557.969912,894,0.117461569,212.4686737,201.6655426,160.727066
37077,B-20-3-08_masks.tif,247,10165,753.0538239,273.4573009,50.04949407,5.463737566,0.983108279,-60.5385083,3870.265027,3511.860502,5313,0.522675848,200.8411407,192.8112183,152.9792938
37078,B-20-3-08_masks.tif,248,8002,560.2842712,226.4961726,48.93269798,4.628728478,0.976384059,8.251971832,1607.139465,3553.679705,4998,0.624593852,199.0652313,191.1014404,163.9906006
37079,B-20-3-08_masks.tif,249,10169,644.7695526,243.9590397,54.47155716,4.478650003,0.97475399,-75.87943736,167.1161373,3479.313305,6436,0.632903924,198.9653473,192.4940948,150.9359894
37080,B-20-3-08_masks.tif,250,8606,685.8406204,266.3652206,44.07233344,6.043819326,0.986216789,-72.80962897,188.6746456,3519.712061,7701,0.894840809,193.546936,183.7069244,143.8571625
37081,B-20-3-08_masks.tif,251,4716,413.3137085,185.0475546,34.25252867,5.402449446,0.98271946,-0.145559003,1570.773537,3568.364716,2984,0.63273961,196.6437683,188.5305023,156.8659515
37082,B-20-3-08_masks.tif,252,7541,455.4558441,172.173233,56.60040428,3.041908183,0.944420109,15.78826574,628.6626442,3566.446095,5803,0.769526588,186.7673645,176.9414063,138.2136841
37083,B-20-3-08_masks.tif,253,5529,492.7695526,160.9462989,53.32976695,3.017944912,0.943507451,30.30259294,2417.333695,3590.609694,0,0,,,
37084,B-20-3-08_masks.tif,254,5935,511.254834,189.003156,43.68614802,4.326386384,0.972920553,-41.45332267,2306.604549,3585.171862,1848,0.31137321,188.1212158,180.9469757,133.0654755
37085,B-20-3-08_masks.tif,255,6150,520.9116882,190.5473684,44.27969637,4.303267276,0.9726247,-52.16994273,346.2769106,3578.421951,6012,0.977560976,195.5452423,191.0354309,156.4775391
37086,B-20-3-08_masks.tif,256,4544,406.1837662,148.8181476,40.68392482,3.657910299,0.961906078,-51.28501657,389.0805458,3599.984815,4122,0.907130282,195.224411,189.6251831,145.6593933
37087,B-20-3-09_masks.tif,1,6118,419.6984848,145.2181309,56.04403195,2.591143532,0.922528071,-28.79351011,75.01389343,54.94066688,3998,0.65348153,200.8364258,192.4222107,147.0905457
37088,B-20-3-09_masks.tif,2,6681,469.0121933,166.6837301,53.26780426,3.129164651,0.947561286,-34.51951569,125.4551714,60.87292322,5357,0.801826074,200.4097443,193.9764862,147.3447876
37089,B-20-3-09_masks.tif,3,16054,873.0121933,362.0952102,64.74378338,5.592740975,0.983884858,10.71376894,892.0232964,151.1230846,10949,0.682010714,201.063385,194.5102692,150.7048187
37090,B-20-3-09_masks.tif,4,7994,586.9116882,215.1423946,48.62963802,4.424100269,0.97411926,31.54793137,1164.6336,85.72829622,5833,0.729672254,197.0980682,194.0960083,147.9751434
37091,B-20-3-09_masks.tif,5,3942,406.1837662,145.776082,39.55949067,3.684983795,0.962474648,36.02464436,1192.733384,51.28158295,3309,0.839421613,202.7122955,200.9268646,168.7802887
37092,B-20-3-09_masks.tif,6,1169,166.4852814,57.3265207,30.06088638,1.907013652,0.851484302,-59.74105795,18.80239521,20.03507271,751,0.642429427,188.529953,186.6045227,130.8042603
37093,B-20-3-09_masks.tif,7,7826,603.9827561,210.8787734,50.58198838,4.16904871,0.970806779,38.21367811,357.1583184,73.36825965,4067,0.519677996,201.2362976,194.3703003,159.6262665
37094,B-20-3-09_masks.tif,8,7569,619.254834,243.3479287,46.75976498,5.20421625,0.981365197,25.13193029,411.8130532,89.70960497,3482,0.460034351,194.5539856,189.3635864,138.104248
37095,B-20-3-09_masks.tif,9,9595,648.9116882,244.3467601,51.6096559,4.734516359,0.977439666,25.37938754,1124.365607,110.9614382,6732,0.701615425,196.7552032,190.8912659,142.7037964
37096,B-20-3-09_masks.tif,10,2134,246.9705627,79.38789369,40.27020795,1.971380277,0.861793773,-31.85969467,1336.398313,31.6443299,805,0.377225867,200.3490753,192.6459656,143.3751526
37097,B-20-3-09_masks.tif,11,3328,353.1126984,132.4125823,34.17208617,3.874875582,0.966125473,-36.31365455,1385.406851,50.3530649,3092,0.929086538,206.7150726,194.5368652,139.4841461
37098,B-20-3-09_masks.tif,12,2774,361.9411255,138.3453969,27.92315307,4.954504836,0.979419226,40.69761224,1771.097332,49.29343908,0,0,,,
37099,B-20-3-09_masks.tif,13,11479,840.4680374,322.3909871,51.07939027,6.311566866,0.987368725,23.88243281,785.9008624,148.8051224,10595,0.922989807,200.8580475,196.3241119,164.035202
37100,B-20-3-09_masks.tif,14,13195,846.4264069,345.1191504,50.6157374,6.818415934,0.98918672,12.14228073,848.2228117,176.8795756,4763,0.360970064,202.2637024,197.9932861,158.0333862
37101,B-20-3-09_masks.tif,15,7819,631.9411255,261.9473004,40.11782679,6.52944891,0.9882026,-12.03110533,3328.132626,146.7995907,7563,0.96725924,208.6103363,202.2678833,137.9803009
37102,B-20-3-09_masks.tif,16,9929,699.5979797,277.0208572,48.98208967,5.655554083,0.984243684,12.98234832,1020.745493,162.2765636,8056,0.811360661,197.9784088,191.2243042,144.9426575
37103,B-20-3-09_masks.tif,17,15026,923.7817459,352.7540684,62.84206339,5.613343187,0.984003893,27.64306399,759.4681885,190.5017303,10474,0.697058432,198.6268921,193.4117889,160.46315
37104,B-20-3-09_masks.tif,18,3303,314.3847763,119.0089443,36.79322145,3.234534505,0.951008902,-7.907631599,3377.83409,137.5576748,2145,0.649409628,209.8279724,209.2839203,142.2335663
37105,B-20-3-09_masks.tif,19,6695,518.627417,216.5680204,41.397078,5.23148084,0.981560747,-84.19245035,1632.690515,103.1919343,5715,0.853622106,195.3835449,194.135788,141.7667542
37106,B-20-3-09_masks.tif,20,6839,510.0416306,212.2177202,42.45495295,4.99865635,0.979784922,11.09799236,986.4478725,185.2769411,5772,0.843983038,201.2351074,193.4040222,154.7841339
37107,B-20-3-09_masks.tif,21,8989,539.4558441,218.1089768,55.61901618,3.921482107,0.966939569,-3.403173569,1078.49416,195.2523084,6959,0.774168428,199.3647003,192.7782745,139.1149597
37108,B-20-3-09_masks.tif,22,14910,829.0121933,332.4753693,62.3065858,5.336119208,0.982283284,12.35777744,717.0554661,265.5646546,8427,0.565191147,194.0897064,187.2051697,136.0417633
37109,B-20-3-09_masks.tif,23,7479,571.1126984,222.4325898,47.07171342,4.725398198,0.977351508,13.58759406,959.958818,233.3989838,5190,0.693943041,201.9570313,195.7805328,154.3265839
37110,B-20-3-09_masks.tif,24,7461,509.2132034,210.9975128,45.73876229,4.613100623,0.976221829,-83.30182158,1634.920654,149.6913282,6930,0.928829916,201.8839874,195.655838,149.2126923
37111,B-20-3-09_masks.tif,25,10604,670.3259018,259.5753732,55.65237352,4.664228258,0.97674644,65.29001964,96.70520558,203.1026028,4123,0.388815541,183.9827728,180.2624359,126.1156921
37112,B-20-3-09_masks.tif,26,7830,613.6396103,228.5713874,44.7404018,5.108836269,0.980655969,-51.86373146,1201.024138,239.0339719,6958,0.888633461,203.3804321,193.1878357,144.068985
37113,B-20-3-09_masks.tif,27,10079,759.4974747,292.6608156,47.61244863,6.146728933,0.986677538,72.52772307,1683.639151,214.6288322,9198,0.912590535,200.1820984,198.786911,160.2176514
37114,B-20-3-09_masks.tif,28,8012,655.3969696,254.4975377,41.82342134,6.08504827,0.986404214,-57.3384823,1262.089241,250.0522966,212,0.02646031,219.9858551,216.0848999,186.1933899
37115,B-20-3-09_masks.tif,29,13720,871.9238816,292.0478589,62.65972018,4.660854821,0.976712366,46.88161828,4488.372813,299.1943149,9564,0.697084548,203.2282562,200.9879761,158.145752
37116,B-20-3-09_masks.tif,30,11805,771.254834,303.5038676,52.06431596,5.82940277,0.985176432,74.93804315,1648.133503,251.4567556,9380,0.794578568,198.8656769,195.1441345,155.8406219
37117,B-20-3-09_masks.tif,31,13346,827.2964646,310.6310785,56.99838364,5.449822586,0.983021164,64.33085038,129.8988461,302.1683651,10697,0.801513562,190.949234,188.5715637,146.4112396
37118,B-20-3-09_masks.tif,32,7655,621.6396103,224.7466866,45.2401992,4.967853602,0.979530834,-50.26733009,1243.749053,309.601437,502,0.065578054,221.4163361,205.2808838,208.7012024
37119,B-20-3-09_masks.tif,33,8756,682.1248917,249.7609492,46.20145993,5.405910324,0.982741773,-42.18710434,1293.769187,321.9065783,8459,0.966080402,206.0881958,197.9206696,153.4141083
37120,B-20-3-09_masks.tif,34,9961,829.0954544,307.7907749,45.55618481,6.756289539,0.988985829,-43.66352963,1331.588997,338.099488,9401,0.943780745,205.9191589,199.5446167,151.9464874
37121,B-20-3-09_masks.tif,35,16628,1137.012193,459.3580799,49.66730165,9.248702158,0.994137494,85.16213833,4759.909911,268.6701949,3465,0.20838345,206.2536774,198.9474792,171.5295868
37122,B-20-3-09_masks.tif,36,12037,770.2842712,320.5609256,53.67061445,5.972745587,0.985884444,87.88576244,4741.190994,309.4197059,8415,0.699094459,208.6065369,205.2488403,157.5662537
37123,B-20-3-09_masks.tif,37,11018,824.0243866,301.1133014,48.12175331,6.257321911,0.987147343,34.77336622,4459.615175,411.1019241,8228,0.746778,199.7092896,197.1468201,147.881012
37124,B-20-3-09_masks.tif,38,12892,1032.409163,370.4930533,50.14478606,7.388466128,0.990798383,55.46786297,4708.30802,392.2774589,7247,0.562131554,196.8460083,195.0884552,154.648407
37125,B-20-3-09_masks.tif,39,6609,538.9116882,199.1133475,45.43431662,4.382443983,0.973618219,-36.67957735,1371.999395,374.3905281,5784,0.875170222,205.7849274,196.8153534,155.4775238
37126,B-20-3-09_masks.tif,40,10089,852.7523087,307.5083726,46.16718671,6.660756146,0.988665793,-40.67229334,1390.152047,424.4436515,9237,0.915551591,204.4506836,196.1551361,155.4439697
37127,B-20-3-09_masks.tif,41,9190,622.1837662,233.963159,53.52197598,4.371347558,0.973482285,72.03065226,92.77127312,365.3371055,6675,0.726332971,187.5773773,186.1871185,143.2584229
37128,B-20-3-09_masks.tif,42,13601,801.4974747,309.205791,57.8912489,5.341149082,0.982316936,72.7308993,1680.583119,398.003088,9034,0.664215866,195.5200348,193.9947968,141.953064
37129,B-20-3-09_masks.tif,43,15018,1024.551299,372.4071884,55.84266534,6.668864856,0.988693497,45.53696389,1678.661473,502.9605806,9441,0.628645625,194.8963013,191.782547,140.4457092
37130,B-20-3-09_masks.tif,44,6788,489.5979797,180.2491418,49.02666777,3.676552987,0.962298974,63.52593657,4683.528874,425.5219505,3642,0.536535062,208.5939026,207.9621124,171.1370087
37131,B-20-3-09_masks.tif,45,21731,1182.367532,451.572083,64.01425341,7.05424275,0.989901249,19.35563255,387.64714,603.5305324,12539,0.577009802,196.6479034,188.6658478,144.0451355
37132,B-20-3-09_masks.tif,46,4534,403.0121933,134.3068493,45.51961981,2.950526605,0.940814278,-35.32851451,1425.86524,459.7838553,3975,0.876709307,199.9172363,190.0372314,135.5728302
37133,B-20-3-09_masks.tif,47,5319,361.5563492,132.2358726,53.70207356,2.46239789,0.913824995,7.33881866,1519.107915,476.5651438,4773,0.897349126,196.2160034,191.0968018,136.2715302
37134,B-20-3-09_masks.tif,48,10806,619.2132034,266.8480477,53.54287307,4.983820113,0.979663136,-88.94726558,115.0698686,465.9121784,7205,0.666759208,198.5993042,194.2240143,163.049408
37135,B-20-3-09_masks.tif,49,5683,578.2253967,213.6030944,35.83509188,5.96072406,0.985827041,-45.60747363,3318.433046,551.0225233,4895,0.861340841,211.7452545,204.2486267,157.4606781
37136,B-20-3-09_masks.tif,50,19380,1046.024387,384.9233907,71.11634122,5.412587095,0.982784698,22.27095818,344.1880805,644.8574819,13184,0.680288958,193.6959229,184.6614838,149.8153076
37137,B-20-3-09_masks.tif,51,9201,629.4558441,256.4588505,50.87350684,5.041108161,0.980127393,-83.83414029,103.8305619,510.3025758,6192,0.672970329,194.1413116,192.3053894,140.7973175
37138,B-20-3-09_masks.tif,52,8567,551.4558441,221.8668674,51.86897711,4.27744829,0.972288501,87.637262,2684.772849,507.3324384,8028,0.93708416,205.2973328,200.6033936,163.7105103
37139,B-20-3-09_masks.tif,53,3862,362.7695526,125.0396841,41.05612843,3.045579036,0.944557939,-47.4541307,1352.459606,541.9153288,3590,0.929570171,208.713089,200.8331451,138.0064087
37140,B-20-3-09_masks.tif,54,5886,446.3847763,177.7759234,44.75205828,3.97246362,0.967796735,-89.9964269,2682.681278,547.0671084,5281,0.897213727,205.2338562,200.7008209,160.4184875
37141,B-20-3-09_masks.tif,55,20279,1050.284271,450.0271324,60.69580017,7.41446906,0.990863108,-88.30180211,4989.042162,553.5369101,8708,0.429409734,203.140564,197.9353485,140.7479401
37142,B-20-3-09_masks.tif,56,7178,537.9411255,205.4257445,46.00632683,4.465162916,0.974599257,-75.63614413,2686.82934,597.5472276,7002,0.975480635,207.4143066,201.5652618,162.3943176
37143,B-20-3-09_masks.tif,57,17137,1013.254834,404.016166,71.06221956,5.68538625,0.984409909,89.0893913,4917.529556,609.5905935,4683,0.273268367,208.2477112,206.9455414,153.2660675
37144,B-20-3-09_masks.tif,58,9095,713.9827561,234.3259681,52.58063769,4.456506775,0.974499195,-56.46982946,5098.48939,646.206597,5990,0.658603628,209.2928162,202.292984,156.0076752
37145,B-20-3-09_masks.tif,59,3147,369.2132034,126.2690408,35.92965736,3.514340245,0.958661667,18.30484798,21.84874484,667.1747696,1482,0.47092469,172.9912262,162.4163361,119.8164673
37146,B-20-3-09_masks.tif,60,15707,864.5685425,328.3117884,74.66406377,4.397186167,0.973797196,-70.12663629,5115.30114,693.3357102,9236,0.588018081,209.0329132,199.758667,143.1470337
37147,B-20-3-09_masks.tif,61,7255,465.2132034,187.9944827,50.75385671,3.704043297,0.962867263,-85.34692698,2692.586768,646.5849759,6958,0.959062715,208.2591248,200.0603638,151.4958344
37148,B-20-3-09_masks.tif,62,10823,771.4974747,289.0269579,49.58453009,5.828974428,0.985174236,-17.1639742,5237.368475,772.9384644,6848,0.632726601,206.403183,203.6190186,154.5978394
37149,B-20-3-09_masks.tif,63,8778,747.882251,257.0942665,46.69494666,5.505826324,0.983367722,-31.57154355,536.6289588,781.3571429,5552,0.632490317,201.2076721,193.5153046,152.7662048
37150,B-20-3-09_masks.tif,64,7625,575.5563492,266.4558128,37.51504418,7.102638918,0.990039092,-86.33826304,2659.914754,687.2848525,4462,0.585180328,203.8942108,197.8202667,149.3865967
37151,B-20-3-09_masks.tif,65,9313,560.0416306,232.8331455,52.90628647,4.400859728,0.97384151,-86.59447975,2969.255127,713.689359,8186,0.878986363,193.7809601,189.5497131,126.5994415
37152,B-20-3-09_masks.tif,66,6715,579.3969696,207.3120518,42.46871308,4.881524228,0.978792531,-36.4220399,565.9387937,815.1133284,5362,0.798510797,202.3498688,194.4410706,147.6954498
37153,B-20-3-09_masks.tif,67,11765,672.0416306,281.916039,55.85524369,5.047261821,0.980176311,-88.27261857,2659.079898,751.5341266,10731,0.912112197,206.0189209,200.7966614,153.2169342
37154,B-20-3-09_masks.tif,68,8873,581.6984848,230.0000394,50.45993893,4.558072092,0.975637017,-83.45921911,2655.296292,800.1096585,8040,0.906119689,205.4478912,199.5799713,151.8655548
37155,B-20-3-09_masks.tif,69,8633,595.7401154,219.6158292,51.21546198,4.288076699,0.972427647,-58.2790415,2699.428935,861.8400324,7987,0.925170856,208.6445465,203.1153107,162.1954498
37156,B-20-3-09_masks.tif,70,7214,530.9116882,198.0262823,47.86615964,4.137083145,0.97034699,-54.29165965,2757.037843,878.042972,6724,0.932076518,208.5303345,199.2998199,148.446167
37157,B-20-3-09_masks.tif,71,10902,696.7106781,249.8833021,58.75986539,4.252618697,0.971959279,-51.07676102,2794.429554,907.1172262,9575,0.878279215,208.3638611,201.7085114,144.9658508
37158,B-20-3-09_masks.tif,72,10852,844.9116882,321.1311231,50.68939765,6.33527203,0.987463674,-16.75875152,3453.586896,1019.515481,9390,0.86527829,207.6766815,200.374115,151.1060638
37159,B-20-3-09_masks.tif,73,11972,688.1837662,261.2685328,59.85081375,4.365329666,0.973408123,-13.15116588,3405.461243,996.2432342,10482,0.875542934,210.6153412,204.5666809,162.0584869
37160,B-20-3-09_masks.tif,74,11152,790.3675324,287.6549321,55.97848196,5.138669754,0.98088211,-31.65799268,1137.458124,986.7200502,8420,0.755021521,207.717926,198.6672211,161.2730408
37161,B-20-3-09_masks.tif,75,10032,671.4974747,260.4339644,50.49519023,5.157599432,0.981023542,-24.12933264,3134.211423,1006.136364,7710,0.76854067,207.7003937,201.5316467,165.6498108
37162,B-20-3-09_masks.tif,76,10036,792.3675324,294.4373193,46.10720178,6.385929051,0.987663014,-32.15687335,1169.695695,1010.350339,7660,0.763252292,204.1758423,194.9037933,135.4580994
37163,B-20-3-09_masks.tif,77,5802,511.0121933,199.9235693,38.71369644,5.164156039,0.981072163,-25.04503349,2817.019131,978.9162358,5190,0.894519131,208.1951904,199.7007751,135.443924
37164,B-20-3-09_masks.tif,78,8386,815.0954544,280.6780113,39.29594052,7.142671929,0.99015099,38.91864321,944.4348915,1033.688767,6254,0.745766754,189.2564697,184.9467468,148.9758606
37165,B-20-3-09_masks.tif,79,5656,455.7989899,192.2789016,40.23993459,4.778310491,0.977855973,8.791254942,2928.543847,1019.396393,4737,0.83751768,204.2018127,197.6295166,154.9356079
37166,B-20-3-09_masks.tif,80,6198,547.3553391,218.6579163,39.05627467,5.598534889,0.983918469,21.23816283,2971.536463,1012.410616,5901,0.952081317,201.2230072,193.2101288,157.1662445
37167,B-20-3-09_masks.tif,81,4742,451.1126984,163.5059028,41.87368538,3.904741161,0.966650579,19.05738977,3002.870941,993.5744412,4440,0.936313792,199.6177979,195.8819885,154.6569824
37168,B-20-3-09_masks.tif,82,7861,662.1248917,242.3587917,42.1377086,5.751589247,0.984769499,-46.20459609,3205.817326,1015.674596,7273,0.925200356,210.9337311,204.2946472,153.7856445
37169,B-20-3-09_masks.tif,83,12352,884.509668,333.0324687,58.2519951,5.717099785,0.98458374,41.57934791,926.6522021,1067.550518,5226,0.423089378,198.8059692,190.6113586,157.7202454
37170,B-20-3-09_masks.tif,84,17007,955.5391052,358.3889513,65.50845455,5.470880878,0.983152738,23.62622427,689.1278297,1125.350562,9633,0.56641383,195.1604919,190.2430115,148.4456482
37171,B-20-3-09_masks.tif,85,7751,591.3969696,221.4421653,46.93959926,4.717598122,0.97727568,-39.82069727,3232.633209,1062.931106,6998,0.902851245,208.615036,201.0781708,142.1290436
37172,B-20-3-09_masks.tif,86,16033,1045.379726,378.1565486,58.89649665,6.420696817,0.987797084,42.17308194,830.7094742,1163.669681,9643,0.601447016,191.3535156,186.8964996,139.6217957
37173,B-20-3-09_masks.tif,87,5220,401.7989899,160.2421794,42.80523899,3.743517925,0.963660942,11.54929191,2706.346169,1094.952682,4882,0.935249042,193.4207306,188.406601,138.6241302
37174,B-20-3-09_masks.tif,88,8287,573.1543289,202.5252659,55.58441452,3.643562097,0.961599461,39.47769452,1469.395197,1142.075419,6494,0.783637022,189.6262665,182.8404694,136.0623627
37175,B-20-3-09_masks.tif,89,7836,506.2842712,202.9538512,50.07088907,4.053330287,0.969089173,-13.67787196,2565.97754,1162.429301,7373,0.940913731,207.3725739,201.5547333,146.5305786
37176,B-20-3-09_masks.tif,90,7165,507.4558441,212.2046441,44.7003868,4.747266396,0.977562076,-9.846749966,2519.735799,1176.888765,6092,0.850244243,204.2178192,195.1712036,153.6106415
37177,B-20-3-09_masks.tif,91,12490,744.7695526,296.1627321,58.25772973,5.083664151,0.980462015,-6.748958454,2749.544676,1252.595356,10845,0.868294636,207.2231445,198.8767242,142.2337494
37178,B-20-3-09_masks.tif,92,6911,619.0538239,241.0774967,38.44949964,6.269977475,0.987199511,37.82723818,1419.76863,1201.351179,6751,0.976848502,199.2457428,192.861496,152.7092285
37179,B-20-3-09_masks.tif,93,7089,602.2253967,221.7403922,45.12809394,4.913577615,0.979071268,39.36136859,1396.165609,1226.594301,6085,0.858372126,206.7114258,198.2711639,163.4746094
37180,B-20-3-09_masks.tif,94,7841,591.6984848,248.6076388,43.74109412,5.68361729,0.984400126,-3.224493625,2791.821961,1265.378906,25,0.003188369,233.6399994,214.8800049,218.6799927
37181,B-20-3-09_masks.tif,95,5448,502.9705627,223.4808478,32.95072665,6.78227373,0.989070528,-5.304708558,2922.172724,1245.856461,5090,0.934287812,203.6974487,196.9282837,139.4192505
37182,B-20-3-09_masks.tif,96,6942,522.9705627,229.994408,40.07933376,5.738478822,0.984699285,-3.091376795,2843.310861,1253.127197,5759,0.829588015,203.4316711,194.6900482,165.7999725
37183,B-20-3-09_masks.tif,97,6911,519.7989899,227.3016098,41.06562677,5.535081958,0.983544544,1.055298092,2886.121545,1266.969614,6455,0.934018232,206.8655243,198.4972839,157.933075
37184,B-20-3-09_masks.tif,98,11627,706.7106781,242.2985764,63.42165853,3.82043898,0.965135702,-47.06922128,3056.474069,1262.945902,7767,0.668014105,207.3838043,201.2773285,133.6984711
37185,B-20-3-09_masks.tif,99,21172,1108.124892,410.1791577,87.9370407,4.664463967,0.976748818,12.76698881,833.0267807,1447.578689,8380,0.395805781,198.5178986,189.3429565,153.5124054
37186,B-20-3-09_masks.tif,100,11148,687.5979797,266.9836858,55.04513525,4.850268503,0.978515313,14.45984274,3194.692949,1377.907427,8372,0.750986724,201.2319641,197.1240997,149.4983215
37187,B-20-3-09_masks.tif,101,12300,750.1837662,297.416371,54.39025818,5.468191933,0.983136023,11.86938823,875.4417886,1420.387236,2799,0.227560976,188.3297577,180.0432281,152.3026123
37188,B-20-3-09_masks.tif,102,10690,686.7695526,261.9511914,56.60574844,4.627642927,0.976372844,-3.065151609,1205.849298,1428.665014,5899,0.551824135,198.5144958,187.9888153,139.6819763
37189,B-20-3-09_masks.tif,103,16430,1008.610173,379.1820843,57.73492252,6.567638229,0.988340206,24.49882649,1498.943579,1466.901217,11360,0.691418138,195.0971832,185.6491241,146.5016785
37190,B-20-3-09_masks.tif,104,6936,422.2842712,139.3895077,64.66583645,2.155535525,0.885876137,-4.459911498,1266.230248,1412.79974,5113,0.737168397,203.244873,193.2687225,148.6900024
37191,B-20-3-09_masks.tif,105,13750,827.0538239,317.8533847,58.27815911,5.454073868,0.98304785,23.99966035,1415.288,1492.999345,10142,0.7376,192.9898376,185.8054657,150.8579102
37192,B-20-3-09_masks.tif,106,7291,486.0416306,200.7666743,47.80898721,4.199350081,0.971232778,-79.57731035,2400.919627,1405.947744,6787,0.93087368,202.480484,198.3642273,157.31987
37193,B-20-3-09_masks.tif,107,5593,416.1421356,179.075218,41.09940087,4.357124782,0.973306504,-1.484478469,1344.789916,1475.421956,4892,0.87466476,200.3724518,191.7383423,151.4333649
37194,B-20-3-09_masks.tif,108,14293,954.6101731,349.9174188,58.75935594,5.955092823,0.98580003,62.44197003,3096.875184,1474.642133,7803,0.545931575,193.0845795,189.6732025,150.3407593
37195,B-20-3-09_masks.tif,109,7716,569.6984848,229.7871385,46.35048401,4.957599547,0.979445182,-81.25627163,2402.21099,1448.540435,6745,0.874157595,204.2306824,200.5390625,154.7364044
37196,B-20-3-09_masks.tif,110,6010,448.7279221,195.7576758,40.08875881,4.883106427,0.978806421,-0.146230253,1309.447587,1513.974875,4357,0.724958403,205.9173737,196.2492523,149.6793671
37197,B-20-3-09_masks.tif,111,20969,1412.693434,514.0555132,70.03389943,7.340095545,0.990676135,-30.1326412,2075.170728,1693.610616,10015,0.477609805,201.7715454,195.033844,145.3640594
37198,B-20-3-09_masks.tif,112,12345,914.1665222,325.3116897,51.07814685,6.36890157,0.987596544,-52.50044659,3646.821628,1639.386391,5874,0.47582017,206.5636749,200.9633942,147.2640381
37199,B-20-3-09_masks.tif,113,15773,880.1665222,320.8562877,63.41277866,5.059804893,0.980275461,43.26434104,1020.207063,1656.942116,9112,0.577696063,191.571991,184.4528046,146.1658325
37200,B-20-3-09_masks.tif,114,9658,656.5685425,244.6658272,53.57541339,4.566755751,0.975730732,-59.61254601,3081.221371,1656.842307,8492,0.879271071,207.0273132,201.5522919,156.207489
37201,B-20-3-09_masks.tif,115,9770,750.1248917,281.5798261,47.34969942,5.94681338,0.985760177,-55.33800636,3081.690686,1709.057318,7736,0.791811668,208.9563141,201.7815399,158.2163849
37202,B-20-3-09_masks.tif,116,7161,604.9116882,224.6715129,42.17147464,5.327570705,0.982225867,26.13097189,1407.503701,1770.822511,5260,0.734534283,198.5207214,192.6950531,162.7773743
37203,B-20-3-09_masks.tif,117,9304,614.2842712,254.1930786,48.79186483,5.209743048,0.981405088,-1.699859348,1488.950989,1793.016337,7266,0.780954428,198.4702759,190.6040497,144.5824432
37204,B-20-3-09_masks.tif,118,10063,628.627417,263.2657222,50.86762843,5.175506118,0.981155887,-2.925965341,1534.773726,1818.351784,6274,0.623472126,197.4599915,189.8595734,148.4328918
37205,B-20-3-09_masks.tif,119,11685,669.3553391,259.8162209,63.89045563,4.066588951,0.969293595,7.384645998,5319.187762,1837.97347,8872,0.759264014,205.8866119,201.1182404,166.9720459
37206,B-20-3-09_masks.tif,120,15052,955.4974747,374.4865929,55.0835425,6.798520499,0.98912299,-76.31919568,5015.625432,1785.973226,9841,0.653800159,202.8601837,197.9708405,154.952652
37207,B-20-3-09_masks.tif,121,9221,738.8111832,269.3015747,46.70575431,5.765918539,0.984845687,27.60886751,1396.411561,1837.434009,5727,0.621082312,196.0038452,188.3789063,157.5496826
37208,B-20-3-09_masks.tif,122,22544,1329.421356,490.7193329,60.39991926,8.124503128,0.9923962,35.32678954,399.0124645,1945.742104,7446,0.330287438,191.3851776,181.1265106,133.2027893
37209,B-20-3-09_masks.tif,123,26836,1428.249783,531.447575,76.60234005,6.937745957,0.989557446,35.16574561,365.5440453,1987.275861,7942,0.295945745,192.8088684,181.5763092,134.6599121
37210,B-20-3-09_masks.tif,124,16575,991.5979797,407.678951,60.56681447,6.731061466,0.988902648,4.321860191,5271.965008,1949.580513,9405,0.567420814,197.5890503,193.0077667,155.184906
37211,B-20-3-09_masks.tif,125,13167,734.2842712,311.7905122,56.4104862,5.527172929,0.983497021,8.479115841,2522.194653,1893.46776,8996,0.68322321,197.6558533,192.5958252,135.4606476
37212,B-20-3-09_masks.tif,126,14363,922.3259018,368.7819498,54.97467645,6.708215012,0.988826502,75.33765002,3675.881501,1804.562905,6579,0.458051939,194.9965057,192.9641266,142.423172
37213,B-20-3-09_masks.tif,127,12186,946.1665222,308.1089672,53.10009776,5.802418078,0.985037185,-53.68671588,3322.41679,1888.178566,7978,0.654685705,203.4873352,197.4247894,139.6895142
37214,B-20-3-09_masks.tif,128,15004,998.3675324,367.113061,55.01584609,6.672860406,0.98870711,23.71455434,3567.503866,1952.419755,7535,0.502199413,187.3397522,183.5068359,142.7652283
37215,B-20-3-09_masks.tif,129,14054,738.0832611,280.664778,65.01453495,4.316954328,0.972800436,-19.00658502,4302.211826,1917.356909,10366,0.737583606,204.1856995,198.3505707,148.6083374
37216,B-20-3-09_masks.tif,130,8551,885.0954544,310.9526445,37.80067785,8.22611292,0.992583583,55.28456176,2697.269208,1906.133552,4365,0.510466612,199.8488007,196.539978,158.7773132
37217,B-20-3-09_masks.tif,131,11189,672.2842712,275.947288,53.20111703,5.186870191,0.981239157,-85.94139342,5092.523014,1838.610332,9016,0.805791402,201.5202942,196.0799713,146.681015
37218,B-20-3-09_masks.tif,132,8987,746.6101731,268.2901595,45.49764104,5.896792742,0.985515786,51.62469329,2994.007121,1917.587181,6033,0.671302993,202.4757233,194.3190765,157.0106049
37219,B-20-3-09_masks.tif,133,8910,756.6101731,270.7467246,42.87274646,6.315124339,0.987383043,51.78183064,3038.420539,1904.086869,6141,0.689225589,199.1980133,193.3077698,153.9457703
37220,B-20-3-09_masks.tif,134,18606,1174.124892,444.2125209,56.88587343,7.808837135,0.991766417,76.02259458,4997.682146,1898.716059,9391,0.504729657,196.2528992,191.1184082,154.8876648
37221,B-20-3-09_masks.tif,135,11993,863.3380951,316.5169151,49.38552344,6.409103176,0.987752622,51.82098941,4587.186525,1933.838656,5899,0.491870258,199.5350037,195.48703,156.7265625
37222,B-20-3-09_masks.tif,136,6711,707.9827561,214.9059228,43.46449981,4.944401148,0.97933414,55.38546611,2686.811504,1940.368499,4631,0.690061094,201.2032013,195.2055664,155.2250061
37223,B-20-3-09_masks.tif,137,10069,746.3259018,270.2008144,49.72472439,5.433932872,0.982920857,69.8554517,4540.386632,1975.327838,5342,0.530539279,197.0166626,194.8152313,151.3266602
37224,B-20-3-09_masks.tif,138,11475,727.882251,266.1837479,55.59747964,4.787694507,0.977943672,-58.92795388,4805.328453,2012.415861,5161,0.449760349,197.5467987,191.4423523,142.236969
37225,B-20-3-09_masks.tif,139,13599,872.4680374,317.8786488,56.3300718,5.643142973,0.984173744,-21.98728734,4896.92345,2138.637547,11291,0.830281638,205.4376068,197.9326935,157.9706879
37226,B-20-3-09_masks.tif,140,13147,964.9949494,378.474922,52.10625972,7.263521197,0.990477559,50.06939132,5176.153115,2124.4401,6971,0.530235035,198.0371552,194.0776062,153.3771362
37227,B-20-3-09_masks.tif,141,12824,918.9533188,318.2117236,59.34674659,5.361906792,0.982454806,-21.87338472,4941.113927,2173.293746,9854,0.768402994,203.2913513,196.9735107,154.7679138
37228,B-20-3-09_masks.tif,142,17819,1008.426407,417.1153048,65.28867117,6.388785334,0.987674112,-4.064352452,3878.472193,2235.106852,8424,0.472753802,198.2205658,190.8647919,137.5491486
37229,B-20-3-09_masks.tif,143,8557,715.5391052,261.6627599,42.81939041,6.110847383,0.986519553,54.68406618,5113.149351,2118.611429,6705,0.783569008,206.151535,201.2718811,161.2639771
37230,B-20-3-09_masks.tif,144,9458,634.7695526,258.575629,47.8167514,5.407636894,0.982752889,15.04353947,5044.815289,2181.920068,5803,0.613554663,201.0966797,196.3005371,157.5831451
37231,B-20-3-09_masks.tif,145,16075,934.3259018,361.7145785,59.74215795,6.054595129,0.986266149,-11.69134189,4563.956952,2278.640311,11562,0.719253499,200.8239899,194.4651489,134.8543549
37232,B-20-3-09_masks.tif,146,7128,528.3259018,195.1907015,47.46284475,4.112494784,0.969985841,-35.25120518,4755.66821,2168.44234,5537,0.776795735,201.1365356,196.3429718,149.2329712
37233,B-20-3-09_masks.tif,147,14863,874.0832611,341.8915679,61.48223939,5.560818397,0.983697768,-3.887851971,4652.493642,2276.218664,8160,0.549014331,203.3465729,196.6176453,142.2425232
37234,B-20-3-09_masks.tif,148,8336,626.5685425,221.1476496,50.5423742,4.375489935,0.973533154,-28.68099456,4780.979846,2208.15499,6927,0.830974088,206.2921906,199.2936401,154.4068146
37235,B-20-3-09_masks.tif,149,19452,1050.894444,357.3208384,71.80169427,4.976495917,0.979602606,36.42292087,649.7089245,2299.070584,8495,0.436716019,198.6618042,190.6184845,149.3735199
37236,B-20-3-09_masks.tif,150,5712,474.0416306,186.697709,41.62370072,4.485370253,0.974830559,-6.909396241,4605.221464,2291.042717,2889,0.505777311,206.4859772,201.3831787,168.5292511
37237,B-20-3-09_masks.tif,151,16548,1067.338095,395.4171338,73.10805539,5.408667098,0.982759516,62.80171587,1464.278886,2285.536198,4476,0.270485859,180.8659515,169.8784637,130.363266
37238,B-20-3-09_masks.tif,152,9603,625.6984848,234.6601667,53.89845184,4.353745956,0.973264486,-3.095223563,5007.598355,2337.466208,7981,0.83109445,196.0920868,191.1969604,147.8119354
37239,B-20-3-09_masks.tif,153,13696,848.1248917,291.0927373,63.25390678,4.601972465,0.976105283,61.98979372,1451.596671,2329.837398,1922,0.140332944,196.9308014,187.636322,140.6175842
37240,B-20-3-09_masks.tif,154,15688,990.7523087,353.4762385,61.41169933,5.755845261,0.984792188,57.3708131,1402.357279,2378.178162,10313,0.657381438,201.0227814,195.2610321,155.6963959
37241,B-20-3-09_masks.tif,155,11398,790.3675324,282.3999966,54.50641392,5.181041575,0.981196518,57.2213728,1380.924724,2418.927092,8047,0.706001053,199.1757202,190.1957245,160.2205811
37242,B-20-3-09_masks.tif,156,13283,848.0832611,352.1816496,55.82071798,6.309156571,0.987359011,13.69579776,1307.901754,2493.308364,7816,0.58842129,198.0650024,188.5805969,160.0312195
37243,B-20-3-09_masks.tif,157,4709,463.7989899,194.2735254,31.77653348,6.113741941,0.986532402,88.73033978,4353.301763,2504.123381,4552,0.966659588,194.415863,193.4553986,146.5336151
37244,B-20-3-09_masks.tif,158,4497,446.3847763,189.7853956,32.64790996,5.8130948,0.985092513,85.59669311,4350.365132,2544.065377,4321,0.960862797,195.8234253,192.2059784,143.1073761
37245,B-20-3-09_masks.tif,159,8876,817.4386002,288.8509242,45.0952483,6.405351675,0.987738182,39.89092276,3084.538869,2855.327963,5342,0.601847679,197.6568756,192.6312256,163.8775787
37246,B-20-3-09_masks.tif,160,7975,618.5269119,238.407288,46.08738986,5.172939684,0.981137005,-1.721028735,3240.393605,2871.73442,5090,0.638244514,200.7748566,191.2958679,165.6817322
37247,B-20-3-09_masks.tif,161,9489,669.7401154,248.038166,49.53615227,5.007215026,0.979854679,64.94176022,2840.406576,2826.826114,7509,0.791337338,190.7311249,184.8927917,151.5437469
37248,B-20-3-09_masks.tif,162,14414,1113.965512,402.0424505,60.99453782,6.591450069,0.988424789,43.4283614,3049.882198,2941.586444,10294,0.714166782,202.9242249,194.996994,162.4586182
37249,B-20-3-09_masks.tif,163,6439,510.627417,202.4849986,42.53330879,4.760621835,0.977689229,-0.627260803,3279.306569,2879.543563,5391,0.837241808,197.5138245,191.8592072,149.2717438
37250,B-20-3-09_masks.tif,164,12786,698.4264069,263.6882791,64.82970599,4.067398965,0.969306017,76.67314795,2617.63726,2816.885109,9148,0.715470045,193.962616,183.3886108,138.5026245
37251,B-20-3-09_masks.tif,165,8762,603.9827561,219.5535154,53.1363304,4.131890812,0.970271274,54.48818094,2826.662178,2877.529331,7251,0.827550787,195.4553833,186.7692719,157.7244568
37252,B-20-3-09_masks.tif,166,12865,943.4386002,333.0378376,52.02924959,6.400973302,0.987721297,-26.73333297,2371.276409,2974.475398,9972,0.775126312,198.736969,189.7198181,149.9200745
37253,B-20-3-09_masks.tif,167,19166,1360.450793,493.0348616,60.4323912,8.158453635,0.992459593,-27.12081826,3343.67458,3057.439894,7912,0.412814359,200.8206482,189.1490173,145.4268188
37254,B-20-3-09_masks.tif,168,17779,1291.137085,466.8917923,51.98012914,8.982120669,0.993783237,-27.50628772,3388.518758,3062.361775,6021,0.338657967,203.5435944,193.7759552,143.694397
37255,B-20-3-09_masks.tif,169,9667,702.1248917,255.96014,49.31412171,5.190402487,0.981264928,46.98568348,3102.833144,2940.804283,5997,0.620357919,206.9082947,198.5576172,183.5007477
37256,B-20-3-09_masks.tif,170,8648,601.9827561,217.952123,53.21573091,4.095633364,0.969734336,50.59716187,2798.321924,2974.046369,6598,0.762950971,192.1338348,187.6592865,146.2220306
37257,B-20-3-09_masks.tif,171,8697,678.2253967,253.5941118,44.86318678,5.652610303,0.984227137,-30.56397773,2281.431068,3028.298839,7096,0.815913533,197.5128174,189.8482208,145.0029602
37258,B-20-3-09_masks.tif,172,10399,675.2964646,245.9795352,56.97157885,4.317583262,0.972808471,50.2263963,2780.359361,3016.923166,7125,0.685162035,209.2669525,198.879303,171.1542511
37259,B-20-3-09_masks.tif,173,5888,611.0538239,233.6434877,33.46759703,6.981185038,0.98968767,-50.17754462,2409.623641,3037.848166,4936,0.838315217,193.1888123,186.5293732,149.5097198
37260,B-20-3-09_masks.tif,174,11327,671.1543289,232.8362732,63.89882455,3.643827173,0.96160516,64.35075696,3004.981284,3013.56511,7938,0.70080339,195.6597443,186.1965179,145.7588806
37261,B-20-3-09_masks.tif,175,12419,749.9827561,256.5063087,67.04567704,3.825844112,0.965235918,63.45673222,2994.230775,3074.479749,7228,0.582011434,199.7181854,188.5585175,143.3385468
37262,B-20-3-09_masks.tif,176,6834,616.9116882,231.8118095,38.91366259,5.957080216,0.985809572,-65.52167056,2468.289582,3106.843869,5157,0.754609306,193.0385895,185.670929,149.1803436
37263,B-20-3-09_masks.tif,177,13283,820.2670273,289.4169608,59.70416872,4.847516798,0.978490647,-51.45530405,3159.370172,3195.093127,8455,0.636527893,198.6089935,190.7873383,145.0506134
37264,B-20-3-09_masks.tif,178,14165,818.5269119,326.0994221,57.52370654,5.668957056,0.984318694,-86.86833296,2486.643558,3176.446029,8915,0.629368161,194.7268677,186.9649963,147.4785156
37265,B-20-3-09_masks.tif,179,7090,599.6984848,225.5184561,42.78714111,5.270706344,0.981836711,16.00978416,3558.418477,3549.117772,4673,0.65909732,193.24823,188.326767,154.5439758
37266,B-20-3-09_masks.tif,180,7926,539.4558441,214.2733851,51.6774653,4.146360196,0.970481548,8.049242623,3517.406636,3554.37131,4499,0.567625536,195.4683228,188.9064178,150.357193
37267,B-20-3-10_masks.tif,1,5096,421.6984848,145.9238816,48.05409288,3.036658749,0.944222102,-74.69817238,1778.941523,26.61970173,261,0.051216641,222.9808502,214.601532,206.8659058
37268,B-20-3-10_masks.tif,2,7832,559.0121933,171.1155085,66.18732203,2.585321527,0.922164014,-63.06686447,2450.562436,42.54724208,0,0,,,
37269,B-20-3-10_masks.tif,3,15724,908.8528137,336.6282207,61.50938518,5.472794432,0.983164618,-29.46078689,2532.82231,141.710379,6539,0.415861104,205.8686371,197.5496216,133.6894073
37270,B-20-3-10_masks.tif,4,12013,681.3553391,273.4473309,64.62700954,4.231161752,0.971670004,-1.465466564,2798.487139,106.9384833,4917,0.409306585,206.9387817,202.6951447,155.0567474
37271,B-20-3-10_masks.tif,5,7079,527.9411255,191.1787096,52.05557534,3.672588543,0.962215937,-23.00286603,2857.074163,70.36671846,4300,0.607430428,209.9976807,204.2788391,150.0560455
37272,B-20-3-10_masks.tif,6,7201,577.5979797,225.2327367,45.74891705,4.923236466,0.97915418,-68.41291481,1804.365227,55.64296625,4907,0.681433134,205.3615265,202.9932709,157.6231842
37273,B-20-3-10_masks.tif,7,13835,995.4386002,387.0627391,46.88745183,8.255145544,0.992635851,26.40896258,2161.834622,174.0026744,7418,0.536176364,196.0920715,193.4342194,152.1096039
37274,B-20-3-10_masks.tif,8,4032,384.5269119,135.7698033,42.22981855,3.215022179,0.950396872,35.71889334,4052.660714,49.45833333,2905,0.720486111,198.8647156,199.6330414,143.459549
37275,B-20-3-10_masks.tif,9,2255,259.7989899,86.25305555,38.56850402,2.236359894,0.894456376,36.28001924,4093.007982,33.08425721,949,0.420842572,189.6817627,189.6733398,135.0158081
37276,B-20-3-10_masks.tif,10,14636,1027.4386,401.8685006,48.00910671,8.370672319,0.992838447,26.12503414,2113.019131,184.7954359,3891,0.265851325,189.9444885,185.2014923,146.6437988
37277,B-20-3-10_masks.tif,11,6887,561.7401154,201.1705223,45.60850315,4.410811766,0.973960995,-33.26120008,1883.519965,110.3831857,6111,0.887323944,205.8111572,198.9198151,156.0618591
37278,B-20-3-10_masks.tif,12,12191,807.0538239,272.5213887,64.05720096,4.254344315,0.97198235,-27.40641522,4299.158314,201.2939874,7546,0.618981216,210.8494568,202.4479218,139.4204865
37279,B-20-3-10_masks.tif,13,14993,1002.994949,376.1556088,56.54336643,6.652515274,0.988637534,54.11016853,2293.783232,193.1515374,6490,0.432868672,192.3582458,190.1602478,146.5314331
37280,B-20-3-10_masks.tif,14,8132,606.9116882,233.2825889,45.51434924,5.125473456,0.980782574,-28.11647751,4259.122356,175.2664781,7795,0.95855878,209.3589478,202.2135925,154.4275818
37281,B-20-3-10_masks.tif,15,6764,492.1837662,185.2040893,49.65455308,3.729851098,0.96338908,-25.77756809,4187.884831,197.9961561,5963,0.881578947,209.8440399,204.318634,146.0729523
37282,B-20-3-10_masks.tif,16,17707,1118.450793,399.0369689,57.98778351,6.881397163,0.989384806,42.70517118,4491.365449,293.6918168,7456,0.42107641,196.2525482,191.1620178,129.1358643
37283,B-20-3-10_masks.tif,17,14981,905.5979797,370.7031088,63.09080814,5.875707091,0.985410872,4.711097461,2046.330686,361.1407116,7973,0.532207463,198.6096802,191.8257904,143.6039124
37284,B-20-3-10_masks.tif,18,14186,824.2842712,336.9753534,55.95222498,6.022555019,0.9861186,4.240831769,2089.80798,355.4581277,7334,0.51698858,205.3595581,199.7532043,155.6480713
37285,B-20-3-10_masks.tif,19,5710,414.7695526,141.6089886,53.73094261,2.635520274,0.92521974,-32.76121864,4109.189492,250.6444834,4295,0.752189142,208.6446991,201.3201447,139.4775391
37286,B-20-3-10_masks.tif,20,6169,511.8406204,171.8039403,49.36340921,3.480390497,0.957833426,-25.17824507,3966.794942,290.656022,5107,0.827848922,207.595459,200.9226532,148.926178
37287,B-20-3-10_masks.tif,21,13566,957.5807358,340.8872671,56.69249818,6.012916666,0.986073748,43.90454768,3468.175586,341.5342032,8114,0.598112929,205.2394562,200.1811676,169.0623627
37288,B-20-3-10_masks.tif,22,17566,1094.852814,425.6729531,56.81949552,7.491670759,0.991051295,23.01046456,3408.754697,429.0766253,10330,0.588067858,199.7613678,196.8842163,143.6492767
37289,B-20-3-10_masks.tif,23,13007,922.9949494,340.9356721,51.36096095,6.638031412,0.988587608,43.54486105,4474.414469,362.5294841,7052,0.542169601,201.268158,198.9810028,153.1453552
37290,B-20-3-10_masks.tif,24,4881,364.8700577,120.5258883,54.03149456,2.230659901,0.89388425,-24.97410421,4006.094858,323.2315099,4548,0.931776275,207.2612152,198.7682495,146.5393524
37291,B-20-3-10_masks.tif,25,4786,373.9411255,115.8213875,56.97680885,2.032781229,0.870630882,-37.18090301,4053.515671,338.7549102,0,0,,,
37292,B-20-3-10_masks.tif,26,14133,1109.622366,423.8328525,47.52270564,8.918533715,0.993693991,43.51280932,146.6221609,432.4917569,6117,0.432816812,198.3043976,192.2849426,153.286911
37293,B-20-3-10_masks.tif,27,6516,517.1543289,185.86964,45.90292636,4.049189337,0.969024907,-43.7099557,4218.982044,390.6740331,6394,0.981276857,210.4386902,203.3639374,147.401001
37294,B-20-3-10_masks.tif,28,15027,1037.722871,389.7217383,59.77346301,6.519979245,0.988168101,40.99775618,224.989419,461.5806881,8129,0.540959606,191.4369507,187.5087891,151.5159302
37295,B-20-3-10_masks.tif,29,16387,785.9411255,320.8104407,66.31899068,4.837384245,0.978399448,-81.20821872,3137.054189,383.8617197,8839,0.539390981,204.9557648,201.3582916,140.9659424
37296,B-20-3-10_masks.tif,30,5445,397.1126984,131.5600472,55.15024517,2.385484358,0.907892955,-25.43297079,3962.255831,418.040404,4367,0.802020202,213.2415771,207.7245178,151.4064636
37297,B-20-3-10_masks.tif,31,3221,280.0416306,88.8647299,47.72008419,1.862208154,0.843584218,-35.06327865,4094.682086,399.2111146,2959,0.918658802,203.5221405,194.9121399,134.8012848
37298,B-20-3-10_masks.tif,32,6221,516.9116882,189.7271484,44.86768521,4.228592305,0.971635062,-46.57459638,4233.518084,435.7252853,3166,0.508921395,206.8727112,198.9617767,152.3411255
37299,B-20-3-10_masks.tif,33,11641,854.1837662,341.5143435,46.23500256,7.386489124,0.990793434,10.89943423,3333.808951,546.0278327,236,0.020273172,230.0593262,216.7457581,194.0042419
37300,B-20-3-10_masks.tif,34,10655,740.4680374,266.6766561,55.40499431,4.813224141,0.97817963,55.39350235,90.4408259,456.9549507,4910,0.460816518,185.6751556,178.8362579,147.1199646
37301,B-20-3-10_masks.tif,35,14014,909.4974747,359.6374499,58.00249574,6.200378886,0.986908613,11.45059183,3298.983445,571.5677894,6458,0.460824889,202.3155823,194.4657745,155.2657166
37302,B-20-3-10_masks.tif,36,4973,370.7695526,125.0699434,51.97792092,2.406212892,0.909551684,-38.26965579,4125.648703,431.3752262,4183,0.841142168,208.4286346,201.3923035,150.7740784
37303,B-20-3-10_masks.tif,37,7137,531.4974747,192.2867532,48.48877329,3.965593273,0.96768319,-44.85424949,4266.742469,468.9593667,6543,0.916771753,211.1403046,204.5466919,152.6266174
37304,B-20-3-10_masks.tif,38,4449,393.0121933,137.3498432,42.69252342,3.217187277,0.950465353,-41.07163314,4032.679928,479.7293774,3966,0.891436278,214.2531586,207.4195709,155.3953552
37305,B-20-3-10_masks.tif,39,12902,933.2375901,349.7613598,48.10659623,7.270548889,0.990496047,39.94424047,4681.788792,557.5278251,7673,0.594713998,196.7375183,195.5424194,145.5961151
37306,B-20-3-10_masks.tif,40,4504,419.1126984,157.7031426,38.52168971,4.093879157,0.969707988,-65.702464,4337.19405,468.9680284,3984,0.884547069,205.0612488,198.4769135,147.1096954
37307,B-20-3-10_masks.tif,41,11570,716.3259018,280.4083636,56.89863606,4.928208882,0.979196671,63.04294296,101.0111495,518.1339672,3867,0.334226448,186.5440979,177.817688,145.0925751
37308,B-20-3-10_masks.tif,42,18289,985.4802307,354.6667093,66.93237316,5.298881432,0.982031115,45.38750794,913.0971622,569.2631637,8665,0.473782055,184.6867828,178.7641144,136.7291412
37309,B-20-3-10_masks.tif,43,3546,318.5269119,102.8197125,45.45413964,2.262053871,0.896977538,-34.85643155,4061.821771,506.7608573,2934,0.827411168,217.4993134,212.4188843,153.1990509
37310,B-20-3-10_masks.tif,44,20912,1158.852814,446.2146364,61.49538017,7.256067613,0.990457891,21.75319996,3839.752391,665.6091239,8130,0.388771997,197.9653168,192.3918762,136.1552277
37311,B-20-3-10_masks.tif,45,7179,608.6690476,224.2817617,44.07229537,5.088951229,0.980502994,-63.43597616,4349.797326,521.2061568,6210,0.865022984,208.1138458,204.2452545,153.3367157
37312,B-20-3-10_masks.tif,46,5830,537.6984848,205.5490728,39.24361464,5.237771156,0.981605424,72.87949279,80.33361921,555.871012,3674,0.630188679,196.3037567,193.4931946,167.1426239
37313,B-20-3-10_masks.tif,47,10226,676.4264069,259.8638032,55.34769716,4.695115001,0.977054962,-74.36621633,5341.91238,591.1557794,3826,0.374144338,207.5927887,205.1706696,145.3687897
37314,B-20-3-10_masks.tif,48,20437,1153.095454,426.730025,76.07215785,5.609542795,0.983982035,22.87117715,874.6608113,751.4962079,10397,0.508734159,203.4104004,195.1177216,158.2135162
37315,B-20-3-10_masks.tif,49,21077,1135.681241,417.5220478,66.56109842,6.272763787,0.987210954,23.22645746,926.9897519,739.5023485,6411,0.304170423,185.8625793,173.1141815,127.0383682
37316,B-20-3-10_masks.tif,50,7970,636.2842712,267.7465251,39.54802093,6.77016242,0.989031172,8.402633169,2762.438269,681.7156838,0,0,,,
37317,B-20-3-10_masks.tif,51,5807,423.7989899,171.8161363,43.75094546,3.927141106,0.967036403,84.28005358,4474.225073,565.7418633,5426,0.93438953,201.7325897,198.9100647,153.3844452
37318,B-20-3-10_masks.tif,52,6274,531.4558441,213.5947354,43.51974157,4.90799641,0.979023131,82.53242944,83.81271916,591.8002869,2783,0.443576666,194.286026,189.8199768,163.5242615
37319,B-20-3-10_masks.tif,53,16603,1088.468037,434.5626532,64.92432694,6.69337171,0.988776609,13.10485991,2745.436909,776.3875806,5833,0.35132205,201.7817535,197.4292755,155.1760712
37320,B-20-3-10_masks.tif,54,5960,411.5563492,170.8454495,45.69519896,3.738805245,0.963567542,-89.75019043,4469.770302,609.2478188,5249,0.880704698,208.197937,203.6193542,152.9060822
37321,B-20-3-10_masks.tif,55,14151,1016.308658,374.6082713,49.94872578,7.499856411,0.991070906,39.37487625,4703.911102,736.4957247,6653,0.470143453,196.529541,195.2622833,140.9505463
37322,B-20-3-10_masks.tif,56,9259,623.3553391,240.3858537,54.96382204,4.37352871,0.973509088,13.77121971,79.35403391,769.0114483,5160,0.557295604,190.8079529,184.7527161,150.4664764
37323,B-20-3-10_masks.tif,57,7480,743.1959595,266.8118283,40.86068049,6.52979405,0.988203854,46.92890095,4449.11123,750.2558824,5220,0.697860963,206.3139801,203.4256744,156.7712708
37324,B-20-3-10_masks.tif,58,12289,849.6396103,316.4278447,50.75762113,6.234095248,0.987050763,23.01707858,4890.766458,789.7530312,8671,0.705590365,201.586319,197.3930359,157.4887543
37325,B-20-3-10_masks.tif,59,6967,647.2964646,217.4677614,42.08711828,5.167086042,0.98109383,52.29939879,4466.977465,717.4317497,5798,0.832208985,198.9158325,195.2281799,160.868927
37326,B-20-3-10_masks.tif,60,8567,592.5269119,235.5541681,47.22219064,4.988209248,0.97969928,12.6002757,134.1092564,774.6940586,5002,0.583868332,187.85466,180.0345917,143.382843
37327,B-20-3-10_masks.tif,61,14053,953.8233765,347.2737467,54.39165909,6.384687514,0.987658186,41.3604791,4338.618516,811.5233046,7078,0.503664698,196.6268768,192.4813538,149.7701263
37328,B-20-3-10_masks.tif,62,9446,727.2964646,264.3586099,46.40719211,5.696500863,0.984471165,57.27719498,4378.512598,771.1817701,7130,0.754816854,196.2162628,192.9171143,150.4357605
37329,B-20-3-10_masks.tif,63,15624,922.7106781,344.9935931,59.55047968,5.793296627,0.984989671,22.82242023,874.671595,902.4447005,9015,0.576996928,195.7579651,186.5249023,143.3530731
37330,B-20-3-10_masks.tif,64,7444,587.8406204,228.0868773,43.70873141,5.218336703,0.981466861,24.95383323,4858.418458,825.5209565,3158,0.424234283,195.1095581,192.4062653,151.133316
37331,B-20-3-10_masks.tif,65,13806,1115.923882,415.6605824,55.6471605,7.469573984,0.990998031,-27.41011925,2343.779299,920.6324786,5508,0.398956975,206.5226898,199.389801,150.6161957
37332,B-20-3-10_masks.tif,66,20004,1236.936075,449.4458095,69.0021543,6.513504021,0.988144423,-44.69393522,211.805189,972.5290442,7248,0.362327534,195.9475708,190.0024872,134.5158691
37333,B-20-3-10_masks.tif,67,9528,764.8111832,292.7420708,43.28302863,6.763437773,0.989009228,-24.05358999,2361.190701,960.8929471,4514,0.473761545,209.0177155,200.3546753,147.1541901
37334,B-20-3-10_masks.tif,68,6300,519.4974747,192.9400988,42.41460878,4.548906717,0.97553751,-36.56903598,4951.28254,997.3142857,5098,0.809206349,205.628479,198.7920685,149.6498566
37335,B-20-3-10_masks.tif,69,10025,684.6690476,271.9279669,48.69464062,5.584351038,0.983836001,-73.11735632,4261.848479,1002.419252,5422,0.54084788,209.0639954,202.9040985,158.183136
37336,B-20-3-10_masks.tif,70,17320,1194.651804,435.7812966,59.37152666,7.339903842,0.990675646,-27.88807045,2334.02627,1171.015647,7889,0.455484988,206.8258362,200.8283691,146.0306702
37337,B-20-3-10_masks.tif,71,14571,849.9238816,313.1689702,61.33392923,5.105966211,0.980634001,-44.61056842,4754.801729,1072.194221,11763,0.80728845,209.6243286,202.6846008,152.3994751
37338,B-20-3-10_masks.tif,72,7943,570.5685425,211.4412199,49.26189402,4.292186164,0.972481166,-49.92188496,4961.053254,1059.347098,6861,0.863779428,209.5433655,203.7204437,162.1061096
37339,B-20-3-10_masks.tif,73,12382,868.3259018,353.3286039,47.79878423,7.391999809,0.990807219,-71.55596615,4215.881522,1061.416653,5748,0.464222258,215.0167084,210.7931519,171.9413757
37340,B-20-3-10_masks.tif,74,8836,699.0538239,246.8150724,47.2713163,5.221243911,0.981487688,-60.53959566,4307.596197,1076.213332,5727,0.648143957,209.6483307,202.054657,152.8535004
37341,B-20-3-10_masks.tif,75,7620,550.5685425,202.8247359,49.23483587,4.119537158,0.970089953,-42.73424485,4644.405249,1083.376378,6336,0.831496063,207.2473145,202.6622467,149.6976013
37342,B-20-3-10_masks.tif,76,11967,963.7817459,350.8934664,52.60602981,6.670213808,0.988698096,-28.88134923,4362.619871,1150.79034,0,0,,,
37343,B-20-3-10_masks.tif,77,12244,643.0538239,229.234114,68.76901466,3.333392447,0.953940874,-41.63051919,4793.05031,1115.278912,10046,0.820483502,209.6857452,200.2447815,138.8251038
37344,B-20-3-10_masks.tif,78,9428,731.2964646,256.0706178,48.50594845,5.279159072,0.981895365,-37.23914433,4412.222635,1150.702164,5099,0.540835808,206.3651733,199.4610748,143.2720184
37345,B-20-3-10_masks.tif,79,8548,558.1837662,213.8365137,51.51132419,4.151252507,0.970552138,-17.88233538,4483.417876,1188.802059,6359,0.743916706,203.7716675,199.9226227,139.4841919
37346,B-20-3-10_masks.tif,80,8845,566.6690476,211.4163786,56.60667296,3.734831382,0.963488503,-24.50795476,2275.007688,1184.505822,7207,0.814810627,205.3388367,198.0362091,148.3184357
37347,B-20-3-10_masks.tif,81,13436,741.0121933,285.3580471,63.29098692,4.508667995,0.975093318,-12.78242316,2176.780366,1258.314007,7487,0.557234296,202.5500183,192.7967072,143.4042969
37348,B-20-3-10_masks.tif,82,12089,719.5979797,285.6341939,59.45341517,4.804336187,0.978097916,-13.18913975,2128.385557,1253.684672,55,0.004549591,219.7272797,205.8363647,188.5454559
37349,B-20-3-10_masks.tif,83,18190,1176.166522,445.5900314,53.14456919,8.384488541,0.992862114,24.92784513,4978.802144,1348.132216,9478,0.521055525,195.7144928,190.3105011,150.3493347
37350,B-20-3-10_masks.tif,84,17393,1003.053824,395.274949,60.91122348,6.489361507,0.988055512,17.53331259,3797.51745,1355.356235,11180,0.642787328,204.4705658,198.5144043,151.7594757
37351,B-20-3-10_masks.tif,85,14845,1016.852814,381.496228,55.07090701,6.927364169,0.989525957,26.52567898,4933.556214,1367.71162,9982,0.672414955,204.7673798,198.7440338,158.7127838
37352,B-20-3-10_masks.tif,86,15906,1088.710678,436.1259147,53.73010257,8.116975286,0.992382036,18.66982509,3763.282912,1388.824783,5542,0.348421979,205.916275,198.4000397,161.982132
37353,B-20-3-10_masks.tif,87,23082,1348.409163,527.8439838,80.84908994,6.528756034,0.988200081,68.52514452,1056.613552,1284.206655,9609,0.416298414,193.4843445,189.9790802,140.7948761
37354,B-20-3-10_masks.tif,88,11314,844.6101731,306.0678029,53.72971218,5.696434812,0.984470802,-54.32325932,4644.660774,1289.118349,7611,0.672706381,208.494278,202.8674316,153.1792145
37355,B-20-3-10_masks.tif,89,19201,1076.450793,383.9363273,65.51493922,5.860286705,0.985333421,-41.57451584,706.8877142,1390.489506,9853,0.513150357,200.6367645,193.805542,141.1532593
37356,B-20-3-10_masks.tif,90,17579,1233.178716,454.6769873,58.36335667,7.790453003,0.991727349,42.00061877,994.2810171,1395.457762,9449,0.537516355,188.6531982,182.5186768,164.0604248
37357,B-20-3-10_masks.tif,91,15777,967.5979797,397.3880687,53.06559643,7.488619661,0.991043969,9.558455537,4220.305635,1470.867022,8625,0.546681879,206.7001801,202.227356,159.4393005
37358,B-20-3-10_masks.tif,92,11727,871.9238816,317.487296,49.43427559,6.422412228,0.987803642,37.87683545,4874.559052,1388.349962,8076,0.688667178,199.5196838,193.7701874,159.4815521
37359,B-20-3-10_masks.tif,93,18563,1124.811183,446.0983021,72.16893839,6.181306141,0.98682716,7.247155415,4264.341432,1481.670258,9804,0.52814739,202.5066376,195.3732147,160.5071411
37360,B-20-3-10_masks.tif,94,8960,605.7401154,225.0140318,51.38293608,4.379158705,0.973578083,-28.31018903,4434.667857,1390.278906,6873,0.767075893,206.8610535,200.2527313,142.6192322
37361,B-20-3-10_masks.tif,95,9159,661.9411255,262.6288494,45.80892092,5.733137654,0.984670541,-10.50708107,4494.123485,1416.317393,6504,0.710121192,197.0917969,189.6695862,141.2337036
37362,B-20-3-10_masks.tif,96,11756,895.6812409,328.7714664,46.9554768,7.001770376,0.989748532,56.92726795,4831.151582,1438.312181,7434,0.632357945,195.7273407,190.2481842,151.0979309
37363,B-20-3-10_masks.tif,97,7141,461.6984848,172.6505122,53.52942176,3.225338637,0.950721894,79.83360194,4705.495869,1449.19255,6411,0.897773421,203.6259613,198.7947235,159.8371582
37364,B-20-3-10_masks.tif,98,18631,1289.053824,532.330678,80.74458943,6.592772119,0.988429459,4.235258505,2218.90591,1693.452418,7806,0.418979121,201.5049896,194.6103058,160.7523651
37365,B-20-3-10_masks.tif,99,6776,471.6984848,187.0454993,47.53772958,3.934674647,0.967164651,74.27744558,4703.765201,1495.497934,5877,0.867325856,201.8885498,198.3249969,153.5708771
37366,B-20-3-10_masks.tif,100,14659,934.1248917,366.0355604,54.04254746,6.77309967,0.989040736,21.90294826,2299.336449,1642.531482,8384,0.57193533,196.8476868,188.6620941,151.9914093
37367,B-20-3-10_masks.tif,101,19600,1074.083261,432.5836733,65.07186201,6.647783849,0.988621261,6.441088516,614.0419388,1724.691531,7783,0.397091837,195.053833,184.7840118,143.8640594
37368,B-20-3-10_masks.tif,102,17926,986.0660172,354.4215801,70.94328451,4.99584397,0.97976192,46.12445388,4440.754602,1673.25622,7647,0.42658708,200.2117157,193.1885681,152.0589752
37369,B-20-3-10_masks.tif,103,14225,940.0660172,328.7379142,58.5444429,5.615185625,0.984014474,47.0936227,4476.605202,1637.697715,10142,0.712970123,204.3304138,197.1984863,164.9269409
37370,B-20-3-10_masks.tif,104,11886,783.4558441,338.6356363,47.75998098,7.090363718,0.990004398,2.3022489,2190.112065,1733.234646,5722,0.481406697,202.9290466,195.709549,156.4627686
37371,B-20-3-10_masks.tif,105,23623,1254.551299,482.7421673,89.99303932,5.364216732,0.982470048,34.14077175,2015.160141,1777.255006,5111,0.21635694,189.3136444,180.9418945,145.9800415
37372,B-20-3-10_masks.tif,106,14616,827.8406204,330.1928959,57.84623727,5.708113639,0.984534781,-82.85105398,3474.179735,1660.916051,10690,0.731390257,205.7927094,198.0785828,163.1638947
37373,B-20-3-10_masks.tif,107,17851,1078.752309,416.7719366,77.90072454,5.350039284,0.982376183,29.92242557,1922.878774,1831.118593,7809,0.437454484,203.0727386,194.1511078,164.6470795
37374,B-20-3-10_masks.tif,108,10433,834.3675324,309.499066,45.13722275,6.85684779,0.989308247,30.84176622,1945.980638,1798.097575,7110,0.681491421,203.1206818,196.7424774,172.3918457
37375,B-20-3-10_masks.tif,109,14102,991.9238816,370.968776,50.9782488,7.277001168,0.990512974,61.78766125,4017.597149,1749.367607,6252,0.44334137,199.5527802,193.6880951,150.4718475
37376,B-20-3-10_masks.tif,110,13393,940.8528137,344.5291877,56.7583368,6.070107179,0.986336738,60.52666723,4065.341746,1728.353916,7511,0.560815351,202.2088928,197.696579,157.5681
37377,B-20-3-10_masks.tif,111,14098,838.7695526,344.9006788,56.08801913,6.149275445,0.986688644,-82.65661957,3461.931905,1712.76408,9285,0.658604057,202.2715149,193.3419495,154.2367249
37378,B-20-3-10_masks.tif,112,11324,731.0538239,261.4179363,58.56687099,4.46358038,0.974581008,-25.07423643,3614.494613,1834.380519,7922,0.699576122,203.3409424,195.9072266,141.8499146
37379,B-20-3-10_masks.tif,113,22015,1296.468037,546.788022,67.81798281,8.062581623,0.9922785,8.78243465,1241.65469,1971.779241,8092,0.367567568,199.3781586,188.4167023,150.4128723
37380,B-20-3-10_masks.tif,114,20921,1086.083261,442.7374334,62.45519659,7.08888063,0.990000194,9.1742432,1196.585154,1975.854787,8319,0.397638736,202.8266602,192.5058289,146.6431122
37381,B-20-3-10_masks.tif,115,20070,1111.497475,457.6752379,67.35377313,6.795094271,0.989111958,-0.648753187,4396.366218,2011.102491,7109,0.354210264,205.9756622,200.8130493,160.552536
37382,B-20-3-10_masks.tif,116,14720,996.0243866,382.8221015,50.65199945,7.557887263,0.991208104,25.54196318,1343.459307,1987.008764,8464,0.575,198.9039459,191.4155273,159.3566895
37383,B-20-3-10_masks.tif,117,13197,898.5269119,336.2556644,53.37861169,6.299445673,0.987319757,-0.055039788,4351.031977,2028.746685,4873,0.369250587,201.9720917,193.3800507,140.621994
37384,B-20-3-10_masks.tif,118,10055,746.5685425,296.5618839,48.82518544,6.073953047,0.986354154,-22.54650469,2556.581402,1985.362307,5991,0.595822974,206.6598206,201.1971283,160.2605591
37385,B-20-3-10_masks.tif,119,22979,1366.350288,516.9950172,58.36057174,8.858635236,0.99360815,-58.02245856,2361.095435,1987.592193,7674,0.333957091,201.4949188,194.8679962,131.8894958
37386,B-20-3-10_masks.tif,120,8597,669.1543289,249.8906865,45.88764692,5.44570714,0.982995269,-28.45548115,2511.584041,1993.756078,5984,0.696056764,208.349762,202.7000275,164.3148346
37387,B-20-3-10_masks.tif,121,14924,816.7695526,338.1885202,57.36580606,5.895297973,0.985508386,-8.839169153,3878.918051,2073.45725,12038,0.806620209,207.3876953,197.5569,153.9961853
37388,B-20-3-10_masks.tif,122,14306,815.0121933,307.9808513,63.9727738,4.814248828,0.978189022,-12.00591933,3935.800294,2070.003495,105,0.007339578,229.0381012,211.5523834,207.3809509
37389,B-20-3-10_masks.tif,123,15444,908.5685425,341.4126933,71.6161872,4.767255933,0.977751987,-8.443304741,3829.62555,2074.368039,8763,0.567404817,207.9512787,199.5671539,154.6479492
37390,B-20-3-10_masks.tif,124,8754,679.3553391,263.0557487,56.11312869,4.687953691,0.97698398,-4.040752749,3987.108979,2047.482751,0,0,,,
37391,B-20-3-10_masks.tif,125,18812,1124.811183,444.3570243,63.35466734,7.013800924,0.989783851,12.84104517,2105.710344,2131.792473,6362,0.33818839,197.9438782,188.6064148,160.5152435
37392,B-20-3-10_masks.tif,126,14313,1078.509668,393.9271734,48.51583511,8.11955875,0.992386901,26.09947539,790.305736,2102.111437,7553,0.527702089,194.342514,186.9404144,153.1641693
37393,B-20-3-10_masks.tif,127,16604,1073.195959,385.6637067,58.7400194,6.565604007,0.988332938,20.60174819,745.6471332,2133.123223,3813,0.229643459,195.1041107,185.7946472,151.8838196
37394,B-20-3-10_masks.tif,128,15063,859.2964646,334.0595423,64.79604763,5.155554305,0.981008338,29.10253033,1347.109739,2094.02941,6036,0.400716989,199.9638824,190.6333618,155.007782
37395,B-20-3-10_masks.tif,129,15290,872.7695526,355.2247927,56.29872472,6.309641905,0.987360968,6.506791997,2060.758535,2164.283322,6246,0.408502289,204.4497223,196.9452515,161.0465851
37396,B-20-3-10_masks.tif,130,12184,615.4558441,254.0490976,61.65699251,4.120361491,0.970102104,-88.46305033,2303.938198,2155.346028,3839,0.315085358,201.1258087,193.8741913,163.8012543
37397,B-20-3-10_masks.tif,131,19414,1122.669048,440.9450628,58.28009389,7.565963494,0.991226947,3.30074107,2177.524621,2381.87303,9263,0.477129906,193.9458008,183.295578,134.8493958
37398,B-20-3-10_masks.tif,132,14782,1114.894444,388.306164,57.66415881,6.733925753,0.988912139,32.73141867,2638.605534,2347.305236,6301,0.42626167,194.7109985,186.4981689,154.5922852
37399,B-20-3-10_masks.tif,133,10866,653.5979797,250.9794217,57.58872821,4.358134474,0.973319041,-16.82044014,2511.822474,2286.146972,7602,0.699613473,203.7983398,197.8040009,157.2780914
37400,B-20-3-10_masks.tif,134,13205,858.9533188,326.0675742,59.19970709,5.507925465,0.983380504,30.00074355,1365.335252,2302.626278,5903,0.447027641,193.7347107,184.6776276,148.2923889
37401,B-20-3-10_masks.tif,135,9121,668.8111832,228.2805484,53.54416291,4.263406803,0.972103042,-35.44534073,2311.319044,2291.19625,5613,0.615393049,201.6602478,194.7555695,150.5816803
37402,B-20-3-10_masks.tif,136,7807,539.1126984,212.4697307,49.44706913,4.296912526,0.972542525,-12.18797455,2411.605867,2285.513898,6578,0.842577174,210.6839447,202.5390625,168.358017
37403,B-20-3-10_masks.tif,137,6989,431.4558441,157.8445422,57.55960573,2.742279767,0.931140706,-14.10644946,2454.127486,2300.759336,6191,0.885820575,206.2661896,196.8476868,156.2973633
37404,B-20-3-10_masks.tif,138,18431,1158.267027,439.7401505,55.38828236,7.939227066,0.992035722,-68.64672606,923.8105366,2321.118387,7335,0.39797081,194.8609467,189.9675598,132.7824097
37405,B-20-3-10_masks.tif,139,13983,868.9533188,335.2923288,55.81520775,6.007185896,0.986046976,28.92806777,1370.515698,2397.52621,4445,0.317886004,197.8278961,188.848587,152.8517456
37406,B-20-3-10_masks.tif,140,6730,511.8406204,179.9499488,48.74626935,3.691563502,0.962610892,-29.39055636,2340.029421,2332.326746,5521,0.820356612,205.4412231,198.9400482,158.1965179
37407,B-20-3-10_masks.tif,141,15451,932.3259018,379.9617435,59.83308846,6.350361536,0.987523556,12.80391566,1329.940845,2476.98026,5981,0.387094686,191.4720001,181.7727814,143.7774658
37408,B-20-3-10_masks.tif,142,21783,993.3553391,422.9313035,69.31841468,6.101283555,0.986476969,85.26495757,1933.948951,2384.981867,7514,0.344947895,194.76297,186.1776733,131.949295
37409,B-20-3-10_masks.tif,143,10485,852.0243866,299.4341267,46.17347312,6.484981667,0.988039274,55.79094174,2036.125513,2518.845017,2103,0.200572246,191.6295776,180.7807922,151.3490295
37410,B-20-3-10_masks.tif,144,15229,1022.752309,364.6020258,74.05221786,4.923580095,0.979157121,55.49807696,2031.833279,2563.409088,1375,0.090288266,195.554184,183.8669128,141.9665527
37411,B-20-3-10_masks.tif,145,8854,633.0121933,239.1349309,48.63882225,4.916544435,0.979096788,-18.26687851,3465.351141,2805.971425,6648,0.750847075,202.7859497,195.3671722,160.314682
37412,B-20-3-10_masks.tif,146,7648,597.8406204,210.4219536,51.28969904,4.102616268,0.969838878,-23.36898756,3518.571783,2799.041841,7029,0.919063808,200.2422791,191.7638397,145.0597534
37413,B-20-3-10_masks.tif,147,14564,846.4264069,324.6128111,62.38469852,5.203404342,0.981359326,-84.07373606,1291.194452,2891.084386,11073,0.760299368,199.673172,192.7702484,153.2319183
37414,B-20-3-10_masks.tif,148,9824,628.6690476,231.7246133,54.97430179,4.215144272,0.971451118,-23.82234595,4009.167854,2983.267406,8255,0.840289088,200.8169556,193.4746246,144.1582031
37415,B-20-3-10_masks.tif,149,14525,1013.882251,368.1262723,53.91000419,6.82853355,0.989218914,-18.07028801,1941.399174,3094.376799,5890,0.405507745,198.7232666,191.9567108,156.9679108
37416,B-20-3-10_masks.tif,150,13582,819.3553391,319.549754,55.55287749,5.752172856,0.984772613,-81.84356379,1301.707112,2945.782506,8188,0.602856722,193.8109436,184.7371826,145.5848846
37417,B-20-3-10_masks.tif,151,13645,997.4802307,344.3498929,55.4848548,6.206196163,0.986933306,46.80934448,1714.807255,3136.268816,5917,0.433638695,191.4585114,181.0932922,154.1294556
37418,B-20-3-10_masks.tif,152,7967,565.0121933,217.6965402,47.20937125,4.611299292,0.976203021,-20.76952201,3990.441446,3151.174846,7841,0.984184762,196.1751099,190.244873,141.7423859
37419,B-20-3-10_masks.tif,153,7770,566.1837662,221.5396215,46.79733267,4.734022407,0.977434904,-73.36917157,1300.140541,3215.116088,5875,0.756113256,194.861618,187.6669006,144.6401672
37420,B-20-3-10_masks.tif,154,10136,760.7106781,274.49636,49.8909814,5.50192344,0.983343917,-28.01370012,1545.109609,3309.231156,7068,0.697316496,202.8170624,196.0884247,159.3357391
37421,B-20-3-10_masks.tif,155,11322,853.3969696,310.0263484,53.92601697,5.749105272,0.984756233,-18.43261102,1667.205352,3363.064741,564,0.04981452,218.4911346,211.5265961,172.5585175
37422,B-20-3-10_masks.tif,156,6289,527.7401154,192.3389972,42.57534736,4.51761428,0.97519312,50.0360797,4152.306567,3250.161552,5092,0.809667674,189.0555725,183.9452057,147.3864899
37423,B-20-3-10_masks.tif,157,9032,639.254834,241.2979576,48.77894339,4.946764747,0.979354092,-71.47807278,1287.50775,3262.324291,4871,0.539304694,202.4738312,192.2184296,149.0628204
37424,B-20-3-10_masks.tif,158,4932,537.9827561,193.9645011,33.56095192,5.779469591,0.984917212,40.64826046,3896.646188,3294.966951,4222,0.856042174,187.8536224,183.7804413,150.2686005
37425,B-20-3-10_masks.tif,159,5850,508.9116882,187.0952096,40.65466473,4.602060078,0.976106204,42.71909099,3835.211453,3314.595214,5185,0.886324786,188.9685669,183.9947968,148.0977783
37426,B-20-3-10_masks.tif,160,7276,600.4264069,242.9510455,39.7776398,6.107729034,0.986505691,-20.58144801,1627.102804,3363.197774,0,0,,,
37427,B-20-3-10_masks.tif,161,7222,503.0121933,182.7147848,51.57168455,3.54292838,0.959340184,57.95098921,4120.197314,3310.220714,5277,0.730684021,191.8294525,184.5630035,142.6408997
37428,B-20-3-10_masks.tif,162,8706,652.4264069,259.1465326,43.77002808,5.92063894,0.985633074,-18.88933922,1558.005858,3392.855157,6776,0.778313807,196.129715,188.1394653,149.0116577
37429,B-20-3-10_masks.tif,163,7849,593.3969696,211.8363759,48.14466007,4.399997333,0.973831117,43.81331188,4121.934514,3377.617913,7279,0.927379284,193.5634003,187.6498108,142.298111
37430,B-20-3-10_masks.tif,164,8421,604.2253967,215.8313545,50.90386852,4.239979411,0.971789423,40.7316326,4072.00285,3407.891343,7605,0.903099394,192.6883698,184.1602936,141.1351776
37431,B-20-3-10_masks.tif,165,6208,536.7695526,212.5597067,42.24211241,5.031938379,0.980054161,69.24933285,3826.881927,3383.645135,3644,0.586984536,192.5065918,183.986557,152.3600464
37432,B-20-3-10_masks.tif,166,7470,661.882251,229.1311611,42.73472579,5.361708935,0.982453499,-54.32957143,1708.31004,3439.007229,6113,0.818340027,202.3646393,194.3600464,160.2075958
37433,B-20-3-10_masks.tif,167,9636,768.0243866,272.4144298,46.81172982,5.819362601,0.985124851,-50.33387396,1732.751142,3471.484537,6490,0.673515982,200.8351288,192.2488403,162.4519196
37434,B-20-3-10_masks.tif,168,6311,481.9411255,183.7601025,44.41566151,4.137281676,0.970349879,69.13460813,3816.37601,3424.89859,4771,0.755981619,201.5225372,193.4848022,158.6139221
37435,B-20-3-10_masks.tif,169,8273,565.5979797,215.3207484,49.65032074,4.33674436,0.973051542,-66.26306876,3810.814819,3572.818687,4233,0.511664451,187.3645172,177.0387421,131.3848267
37436,B-20-3-10_masks.tif,170,3141,395.3553391,151.7713731,27.88765148,5.442242895,0.982973426,-57.79141455,3880.523719,3604.018465,2843,0.905125756,183.3862152,173.7383118,133.3383789
37437,B-20-3-10_masks.tif,171,1546,217.5563492,78.1497815,28.65323782,2.72743283,0.930360865,35.74998664,4111.003234,3615.3674,1435,0.928201811,192.7721252,187.545639,141.8160248
37438,B-20-3-11_masks.tif,1,2695,309.6568542,144.0857426,24.31149158,5.926651687,0.985662423,-89.97193807,814.6122449,10.55510204,0,0,,,
37439,B-20-3-11_masks.tif,2,10000,588.4264069,213.0136873,60.70232094,3.50915227,0.958536701,67.09301073,1174.3886,49.0363,7306,0.7306,198.5974579,197.0365448,135.4148712
37440,B-20-3-11_masks.tif,3,7748,442.2842712,156.1208131,64.21262955,2.431310075,0.911499631,67.56699251,1293.942179,42.18082086,7099,0.916236448,196.7637634,192.0099945,128.55867
37441,B-20-3-11_masks.tif,4,10055,582.1837662,220.4007169,58.98701138,3.736427932,0.963520289,73.98980632,1428.902536,38.82456489,4656,0.463053207,188.9113007,186.6797638,129.7162781
37442,B-20-3-11_masks.tif,5,5826,458.0416306,169.6912002,50.38664265,3.367781446,0.954898819,-9.963241656,3166.472022,64.97270855,4355,0.747511157,210.2417908,204.3724518,149.7301941
37443,B-20-3-11_masks.tif,6,1596,199.3137085,67.37875613,32.94812692,2.04499504,0.87228449,-5.667598407,4034.586466,29.60275689,0,0,,,
37444,B-20-3-11_masks.tif,7,4500,415.5979797,148.8903689,40.70478359,3.65781011,0.96190395,-35.02928535,4252.899778,57.28955556,3809,0.846444444,210.2076721,199.6802368,144.6502991
37445,B-20-3-11_masks.tif,8,6176,510.9116882,185.0783871,45.18923414,4.09563009,0.969734287,-38.4602247,4292.815738,64.03999352,5104,0.82642487,213.1541901,205.6526184,151.3890991
37446,B-20-3-11_masks.tif,9,5300,444.2842712,165.9265639,44.38927404,3.73798778,0.963551304,-73.62348023,5063.651321,25.89679245,115,0.021698113,227.982605,205.6347809,209.1565247
37447,B-20-3-11_masks.tif,10,5946,446.6690476,140.5830304,56.42596891,2.49145975,0.91591551,-42.83207818,4372.503364,62.69071645,4964,0.834846956,209.3257446,201.5936737,143.037262
37448,B-20-3-11_masks.tif,11,16734,799.1126984,349.4911081,64.40034651,5.42685136,0.982875866,4.72975446,4511.440301,154.1880602,8062,0.481773635,205.4973907,197.1419067,148.7767334
37449,B-20-3-11_masks.tif,12,16503,859.254834,320.6138684,72.41529689,4.427432906,0.974158724,0.488741776,4635.27492,167.8586924,7050,0.427195055,204.4256744,197.9565887,136.978302
37450,B-20-3-11_masks.tif,13,14294,781.7401154,297.5105012,64.80800866,4.590644078,0.975985755,-74.25996196,5093.96593,63.15230167,7231,0.505876592,209.1529541,203.1954041,150.7177429
37451,B-20-3-11_masks.tif,14,13581,851.0538239,312.9161352,59.38850133,5.268968372,0.981824616,21.90403405,122.9888815,162.4322951,9772,0.719534644,194.3844604,188.8376007,145.0245667
37452,B-20-3-11_masks.tif,15,16611,820.7695526,341.6580503,65.25958428,5.235369702,0.981588387,6.655804781,4459.977786,176.2128108,6600,0.397327072,202.3971252,196.078186,128.4321136
37453,B-20-3-11_masks.tif,16,17438,854.5269119,343.9188077,68.592088,5.013971987,0.979909495,-0.839844882,4578.097259,187.308579,8424,0.483082922,206.4489594,197.106369,135.3101807
37454,B-20-3-11_masks.tif,17,2579,271.7989899,91.13842279,37.55973624,2.42649262,0.911130721,-17.98131363,19.22179139,63.69057774,176,0.068243505,208.9659119,196.9318237,177.0397797
37455,B-20-3-11_masks.tif,18,3032,271.2132034,87.56928837,45.52242806,1.92365153,0.854260801,-26.40658852,4087.417876,63.76583113,0,0,,,
37456,B-20-3-11_masks.tif,19,2871,261.7989899,87.50036317,42.49371629,2.059136522,0.874158651,-26.69558338,4142.098572,63.80320446,2805,0.977011494,205.3297729,199.7030334,143.6442108
37457,B-20-3-11_masks.tif,20,690,113.6568542,35.85005189,25.66627453,1.396776608,0.698167866,-31.78447135,4204.030435,43.43913043,0,0,,,
37458,B-20-3-11_masks.tif,21,14974,752.1837662,296.1754737,65.44629087,4.525473786,0.975280302,-80.83772382,5284.388139,79.84920529,7459,0.498130092,201.52005,197.4846497,135.667511
37459,B-20-3-11_masks.tif,22,6742,452.2842712,169.2189294,51.67046751,3.274964163,0.952241198,-19.88367633,33.76905963,128.6650845,6214,0.92168496,195.0307312,185.7829132,138.4164734
37460,B-20-3-11_masks.tif,23,8834,599.5979797,227.5748294,51.21328779,4.443667635,0.97434968,-17.23765248,902.543242,194.0451664,7454,0.843785375,204.5152893,195.8690643,155.221756
37461,B-20-3-11_masks.tif,24,4725,364.5269119,117.9592145,54.26970206,2.17357402,0.887881741,-54.80090666,4291.143915,129.3007407,4180,0.884656085,212.4686584,205.4667511,139.1717682
37462,B-20-3-11_masks.tif,25,2219,227.5563492,75.35391098,38.96898064,1.933689559,0.855897143,-22.99774793,4049.390266,125.7052726,0,0,,,
37463,B-20-3-11_masks.tif,26,2747,271.7989899,96.87399199,37.04853352,2.614786141,0.92398014,-32.05345538,4084.062614,135.6068438,2264,0.824171824,211.6166077,201.148407,151.6819763
37464,B-20-3-11_masks.tif,27,9048,621.5979797,243.8596201,48.70843169,5.006517591,0.979849008,-13.72549217,942.2622679,213.4739169,8672,0.958443855,203.6637421,197.2059479,160.072525
37465,B-20-3-11_masks.tif,28,18815,917.0538239,313.1349941,85.70417077,3.653672759,0.961815909,74.68872244,5137.475472,155.5307467,9590,0.509699708,207.1557922,198.2498474,149.3332672
37466,B-20-3-11_masks.tif,29,10725,665.8406204,263.4334724,54.55267661,4.828974283,0.978323311,-16.55851632,1031.90331,232.7701632,9832,0.916736597,202.852417,195.9982758,150.0052948
37467,B-20-3-11_masks.tif,30,7759,520.0832611,191.1281868,52.5064145,3.640092142,0.96152475,35.45102906,1582.764532,188.0692099,7103,0.915453022,195.8930054,192.1209412,139.9356537
37468,B-20-3-11_masks.tif,31,12170,943.5807358,330.2740504,51.0341208,6.471632022,0.987989578,51.50864563,2187.531142,213.6481512,9269,0.761626952,200.2780304,198.3102875,154.3795471
37469,B-20-3-11_masks.tif,32,7289,466.627417,184.7197777,51.40499782,3.593420592,0.960498148,-80.90752311,1350.438469,148.6113321,6887,0.944848402,201.7626038,195.6641541,152.6994324
37470,B-20-3-11_masks.tif,33,9155,683.4974747,274.0012568,44.26852007,6.189528277,0.986862367,-19.58628415,979.5155653,256.2004369,8275,0.903877662,208.8018188,198.9273682,163.0222321
37471,B-20-3-11_masks.tif,34,10242,758.1248917,263.7730945,51.53897017,5.117934907,0.980725362,54.9955721,2118.632201,221.3028705,7991,0.780218707,198.4475098,195.4259796,145.5879059
37472,B-20-3-11_masks.tif,35,10665,637.7401154,231.3218261,60.13753153,3.846546744,0.965615767,62.90294987,5330.716737,190.310361,5347,0.501359587,194.4819489,194.8890991,140.9474487
37473,B-20-3-11_masks.tif,36,19231,1056.710678,397.8831387,64.96243639,6.1248186,0.986581401,73.24453578,5152.17191,222.2268213,8063,0.419270969,201.0337372,197.3911743,139.5065155
37474,B-20-3-11_masks.tif,37,4758,420.2842712,168.0349747,38.63193648,4.349638926,0.973213279,-72.25811523,1369.067675,187.1246322,4159,0.874106768,201.2147217,195.2543945,139.4364014
37475,B-20-3-11_masks.tif,38,8646,584.9116882,211.8861293,52.99591232,3.998159859,0.96821612,-31.51268869,1085.855309,259.7671756,8319,0.962179042,205.6262817,199.1781464,156.3008728
37476,B-20-3-11_masks.tif,39,7239,596.0832611,236.2651475,40.63617404,5.814158273,0.985098007,-26.75609331,1123.660865,282.7557674,6162,0.851222545,205.3719635,198.4965973,141.2232971
37477,B-20-3-11_masks.tif,40,10886,658.3259018,234.4047551,62.69729396,3.738674197,0.96356494,61.59780589,4362.87461,242.9065773,8699,0.799099761,202.4987946,197.769165,150.0128784
37478,B-20-3-11_masks.tif,41,8149,593.1543289,220.7363208,47.66524039,4.630970472,0.976407197,58.27736314,1560.547306,261.2592956,6317,0.77518714,189.9091339,189.5945892,142.3085327
37479,B-20-3-11_masks.tif,42,2909,282.627417,96.29367042,40.15662297,2.3979524,0.908896183,-32.13919548,3902.629426,248.7978687,2280,0.783774493,206.2399139,199.8035126,162.6184235
37480,B-20-3-11_masks.tif,43,4216,366.0416306,135.0044256,41.02950077,3.290423308,0.952700024,-14.18906563,22.15868121,276.7820209,2768,0.65654649,191.6972504,176.4490662,133.5408173
37481,B-20-3-11_masks.tif,44,26761,1364.149278,483.5756191,72.22131564,6.695746468,0.988784613,47.37952343,5219.015582,400.3832443,12436,0.464706102,203.8448792,197.7072144,161.8567047
37482,B-20-3-11_masks.tif,45,20939,1334.107648,482.2719556,82.94184691,5.814579414,0.985100182,45.30026148,5161.052534,418.4188834,11529,0.55059936,202.6316223,201.6017914,156.181015
37483,B-20-3-11_masks.tif,46,8596,708.4680374,261.6853723,45.40796422,5.762984023,0.984830131,-28.94110675,3925.396231,348.0308283,7909,0.920079107,210.5579681,203.8320923,153.252243
37484,B-20-3-11_masks.tif,47,4343,383.5979797,129.5762122,44.18261856,2.932741797,0.940071329,-43.47769979,4063.064932,278.5728759,3536,0.814183744,208.404129,197.4188385,137.4326935
37485,B-20-3-11_masks.tif,48,10113,720.2253967,252.2502303,52.52509968,4.802470284,0.978080703,62.67868982,4354.054287,293.1920301,8130,0.803915752,204.6246033,200.1842499,149.4423065
37486,B-20-3-11_masks.tif,49,10457,644.4264069,242.4691202,56.43549042,4.296394314,0.972535807,-18.65041283,43.26766759,347.8348475,8097,0.774313857,194.3040619,186.1887054,132.5550232
37487,B-20-3-11_masks.tif,50,8872,573.4558441,234.8414682,50.79278027,4.623520646,0.976330183,-79.68343735,1273.618012,294.7820108,8342,0.940261497,201.0847473,196.8736572,155.2509003
37488,B-20-3-11_masks.tif,51,7235,588.4264069,234.2540972,43.03564148,5.44325794,0.982979831,68.34652649,1537.308362,319.9296475,6691,0.924809952,196.4054718,195.9337921,143.2932281
37489,B-20-3-11_masks.tif,52,7471,567.5979797,215.3300934,46.27495407,4.653275141,0.97663553,-19.04639757,3845.277607,365.6432874,5965,0.798420559,211.9986572,205.2553253,152.0935516
37490,B-20-3-11_masks.tif,53,3367,320.8700577,115.5783676,38.36289889,3.01276418,0.943307152,-24.43129144,3902.138699,320.974755,226,0.067122067,227.4159241,214.7345123,175.8849487
37491,B-20-3-11_masks.tif,54,9393,588.4264069,221.5814466,55.20714689,4.013636986,0.968464757,-21.59553763,4099.632492,371.2663686,8006,0.852336847,211.0684509,204.1031799,142.1512604
37492,B-20-3-11_masks.tif,55,3895,363.1126984,126.7249278,41.5473573,3.050132091,0.944728176,-28.0307278,4063.741463,339.9863928,3653,0.937869063,210.0325775,198.2417145,145.9657745
37493,B-20-3-11_masks.tif,56,9231,599.5979797,228.0000716,53.56072227,4.256852071,0.972015826,16.03344142,4191.92796,408.8698949,6882,0.745531362,203.7371368,199.5951691,150.2207184
37494,B-20-3-11_masks.tif,57,7131,523.9411255,198.7647193,49.73961499,3.996104903,0.968182886,14.42210561,4245.71056,385.5700463,5158,0.723320712,202.8885193,200.1721649,147.2768555
37495,B-20-3-11_masks.tif,58,10370,664.7106781,237.1919057,57.61930548,4.116535313,0.970045642,45.89229646,1865.167599,379.9218901,8974,0.865380906,197.304657,192.4564362,137.1437531
37496,B-20-3-11_masks.tif,59,14037,1087.379726,399.8543541,50.40264546,7.933201729,0.99202357,46.59999134,4396.402365,429.5683551,6523,0.464700435,206.0004578,203.8456268,163.3486176
37497,B-20-3-11_masks.tif,60,4543,345.7989899,127.8420519,47.14057776,2.711932225,0.929532269,-82.02195125,1273.678626,335.5133172,4216,0.928021131,201.1952057,195.9369049,142.5713959
37498,B-20-3-11_masks.tif,61,4018,331.6984848,112.5245756,47.16243045,2.385894335,0.907926211,-49.33760536,3990.467148,354.7122947,3383,0.841961175,213.6511993,205.2140045,138.2290802
37499,B-20-3-11_masks.tif,62,6905,631.2964646,227.2206622,42.35228988,5.365014805,0.982475309,47.75074621,1821.986676,395.120782,418,0.060535844,196.3062134,188.3564606,181.5741577
37500,B-20-3-11_masks.tif,63,16602,1029.23759,372.5266019,68.38946227,5.447134537,0.983004257,41.40888869,4473.949283,440.2343091,7203,0.43386339,200.0913544,196.2644806,151.7174835
37501,B-20-3-11_masks.tif,64,5553,384.5269119,134.8882583,53.23007862,2.534060851,0.918842904,37.3850961,1765.232487,404.1950297,5347,0.962902935,200.8069916,194.0626526,141.5339508
37502,B-20-3-11_masks.tif,65,24815,1275.63961,503.620189,69.88668419,7.20623957,0.990324829,-12.41693658,107.5270602,609.3850494,11138,0.448841427,196.9142609,188.6969757,133.8907318
37503,B-20-3-11_masks.tif,66,2981,282.9705627,103.9525378,37.54959329,2.768406491,0.932481153,-75.83873579,1279.654143,377.3690037,2533,0.849714861,200.8570862,197.5274353,145.4883575
37504,B-20-3-11_masks.tif,67,5572,410.8700577,154.2363332,46.73983081,3.299890704,0.952977729,68.10076249,1672.539483,401.5509691,5572,1,196.6945496,193.1390839,153.2290039
37505,B-20-3-11_masks.tif,68,15123,1071.722871,400.8626103,57.31581013,6.99392732,0.989725407,48.34039505,4404.983866,501.5440058,7776,0.514183694,197.9764709,195.0922089,143.0735626
37506,B-20-3-11_masks.tif,69,4046,404.7695526,147.5786065,36.11691334,4.086135633,0.969591266,-30.50904106,4002.731587,445.609738,3712,0.917449333,212.1616364,205.1341553,142.0158997
37507,B-20-3-11_masks.tif,70,5583,482.1837662,186.7267174,40.87041825,4.568749855,0.975752176,62.43317361,1649.497403,435.6351424,5379,0.963460505,200.5694427,197.4432068,152.4445038
37508,B-20-3-11_masks.tif,71,8760,488.627417,183.4599021,63.77499688,2.876674419,0.937634157,-84.40440552,1153.85742,433.4127854,7783,0.88847032,199.650528,195.7714233,136.3237762
37509,B-20-3-11_masks.tif,72,9940,575.2132034,234.4578227,57.09639031,4.106351058,0.969894568,86.51364064,1330.38662,472.3575453,9415,0.947183099,201.0289917,195.9324493,153.5732269
37510,B-20-3-11_masks.tif,73,6443,473.1126984,183.6927381,46.80180681,3.924906978,0.966998225,70.83638337,1653.59522,486.7127115,6267,0.972683533,200.9779816,196.2454071,153.3556671
37511,B-20-3-11_masks.tif,74,12586,776.7695526,318.7702144,54.53876882,5.844837008,0.985255201,-8.66709053,919.9447799,591.0004767,7552,0.600031781,199.663269,190.8959198,145.0033112
37512,B-20-3-11_masks.tif,75,6323,520.0832611,192.3288065,42.83552174,4.489937293,0.974882396,59.38124746,1585.133165,506.8744267,5910,0.934682904,200.3915405,197.5578613,151.6113434
37513,B-20-3-11_masks.tif,76,3779,332.8700577,118.776407,41.75384766,2.844681717,0.936175425,63.0251205,1873.884361,498.4800212,3337,0.883037841,195.5172272,192.16362,146.0536346
37514,B-20-3-11_masks.tif,77,13985,784.4680374,282.7707085,64.31197565,4.396859304,0.973793248,60.97203978,1130.082445,536.7116911,10272,0.734501251,190.5530548,186.0609436,136.5970612
37515,B-20-3-11_masks.tif,78,20896,1303.279221,473.1748475,62.29168177,7.596116112,0.991296763,32.81887752,2765.04776,674.6609399,9703,0.464347243,196.5963135,191.3877106,144.275589
37516,B-20-3-11_masks.tif,79,11723,822.0243866,288.5553886,53.29861291,5.413938052,0.982793364,35.17386449,2660.471552,603.376013,7789,0.66442037,201.7726288,197.3638458,155.6342316
37517,B-20-3-11_masks.tif,80,9452,659.6984848,270.9444497,50.2313675,5.393929396,0.982664344,89.27852489,1314.202497,523.4664621,9065,0.959056284,201.1589661,197.2632141,155.0157776
37518,B-20-3-11_masks.tif,81,22645,1136.225397,469.0805991,66.51949174,7.051776657,0.989894148,14.15246836,4345.702583,739.0136896,8548,0.377478472,198.9522705,195.7049561,132.7813568
37519,B-20-3-11_masks.tif,82,7143,521.7989899,217.0302137,43.11290911,5.033996039,0.98007063,-86.48155753,1431.896682,555.5374493,721,0.100937981,220.0984802,201.1539459,190.7267609
37520,B-20-3-11_masks.tif,83,9290,786.2670273,285.0562736,46.0924732,6.184443007,0.986840609,50.79361465,2222.866738,623.9700753,7091,0.763293864,193.2326965,192.4951324,152.6104889
37521,B-20-3-11_masks.tif,84,10048,747.7817459,246.1247674,53.85621058,4.570035002,0.975765981,42.83796054,2179.142914,653.6882962,8309,0.826930732,203.8498077,198.7092285,156.7269287
37522,B-20-3-11_masks.tif,85,6230,411.7989899,151.4613532,56.4486226,2.683171815,0.927954605,-81.7723808,1422.908989,599.7276083,6084,0.976565008,204.3339844,195.2856598,149.6673279
37523,B-20-3-11_masks.tif,86,6358,477.8406204,174.3444494,49.08315577,3.552022006,0.959552489,58.02568975,2084.843347,640.7593583,6146,0.966656181,198.0431213,193.8935852,150.812561
37524,B-20-3-11_masks.tif,87,11956,658.2842712,266.5701857,58.93608153,4.523038837,0.975253342,-86.58214225,1450.446638,651.1855972,9618,0.804449649,202.039505,197.1828918,145.9679718
37525,B-20-3-11_masks.tif,88,9350,615.9827561,226.2639525,55.41948334,4.082751027,0.969540035,33.11015111,1906.994332,706.6901604,7446,0.796363636,199.6332245,194.7729034,147.5380096
37526,B-20-3-11_masks.tif,89,9520,623.3969696,230.947804,53.33563152,4.330084736,0.972967433,36.565257,1857.228466,718.7558824,9233,0.969852941,208.0872955,200.8407898,161.0542603
37527,B-20-3-11_masks.tif,90,6268,479.8406204,178.2736021,46.67616238,3.819371452,0.965115858,53.3631192,2070.147415,684.5387683,6020,0.96043395,201.4038239,197.4699402,150.4528198
37528,B-20-3-11_masks.tif,91,10579,766.6101731,279.7111058,50.9473441,5.490199946,0.983272102,39.33094824,1819.608375,753.9886568,10469,0.989602042,203.1861725,196.7417145,156.7543182
37529,B-20-3-11_masks.tif,92,4933,364.2842712,127.0948809,52.26875174,2.43156526,0.911519107,36.71489497,1618.641395,693.1747415,3757,0.761605514,199.9334564,196.1908417,133.699234
37530,B-20-3-11_masks.tif,93,7826,595.4974747,223.7836816,46.0924868,4.855101062,0.97855853,25.41018766,2033.479172,744.1042678,7228,0.92358804,193.890564,188.6476135,145.1834564
37531,B-20-3-11_masks.tif,94,8960,650.9116882,250.5912186,47.20754226,5.308287756,0.982095321,21.78403512,1990.04933,761.1152902,0,0,,,
37532,B-20-3-11_masks.tif,95,4791,333.4558441,107.3105226,57.70377261,1.859679493,0.843118972,31.40527259,1573.427259,722.0922563,4269,0.891045711,200.1468658,194.6840057,141.2972565
37533,B-20-3-11_masks.tif,96,14866,760.1248917,274.180858,70.13162174,3.909518291,0.966733432,-32.8202539,1130.708664,806.3484461,11601,0.780371317,205.7804565,198.6295166,146.3238525
37534,B-20-3-11_masks.tif,97,11964,751.5979797,300.6562465,51.77372378,5.807120381,0.985061591,14.21061563,1308.080491,834.9258609,11035,0.922350384,202.4238281,196.2779388,157.4165802
37535,B-20-3-11_masks.tif,98,16013,1187.622366,454.8679315,69.24383342,6.569074949,0.988345336,48.39558934,3019.350902,874.6429151,4726,0.295135203,204.7691498,203.0789185,158.8882751
37536,B-20-3-11_masks.tif,99,10272,862.7523087,309.8384828,44.18526849,7.012257554,0.98977933,46.51516575,3003.123929,819.1596573,6471,0.629964953,200.8735962,196.690155,163.095047
37537,B-20-3-11_masks.tif,100,11124,637.6984848,259.689602,55.92910088,4.643192862,0.976532731,10.05165774,1249.021036,826.4339266,10014,0.90021575,201.8815613,196.0982666,151.7021179
37538,B-20-3-11_masks.tif,101,10123,687.2964646,251.1494431,53.55834875,4.689267854,0.976997031,39.36598255,1798.13662,801.1696138,7116,0.70295367,195.948288,186.4338074,150.7733307
37539,B-20-3-11_masks.tif,102,8331,590.2253967,213.7595466,50.61744629,4.223040914,0.971559347,-48.11316113,3794.71288,777.9743128,6581,0.789941184,211.2555847,203.8829956,143.5400391
37540,B-20-3-11_masks.tif,103,2605,263.3137085,108.1008475,32.39097844,3.337375178,0.954053386,-87.05221425,2599.016123,742.6944338,2319,0.890211132,195.2966766,194.0258789,137.6998749
37541,B-20-3-11_masks.tif,104,4692,316.3847763,106.8558858,57.17010673,1.869086695,0.844838974,69.29404806,1536.382566,777.4426684,3924,0.836317136,196.2489777,189.4508209,137.0168152
37542,B-20-3-11_masks.tif,105,3423,279.7989899,80.66728995,55.82658199,1.444962007,0.72184025,64.02915102,2531.770085,774.258253,731,0.213555361,200.911087,196.8946686,157.8153229
37543,B-20-3-11_masks.tif,106,22507,1172.568542,472.2649464,71.99612372,6.559588516,0.988311403,-7.621567574,4459.50291,968.4071622,13481,0.59896921,205.5794067,198.9195099,144.9102478
37544,B-20-3-11_masks.tif,107,4577,366.2842712,124.0424384,49.79983699,2.490820169,0.915870339,-65.59263785,2612.030806,801.0380162,3771,0.823902119,212.0045013,208.0405731,173.5290375
37545,B-20-3-11_masks.tif,108,20386,1313.03658,474.4457307,71.93022984,6.595915678,0.988440549,31.16581605,4315.691798,961.7157853,9235,0.453006966,202.0043335,201.4230652,152.4049835
37546,B-20-3-11_masks.tif,109,21603,1337.03658,499.0927655,71.02072479,7.027424276,0.989823626,31.7663076,4246.843957,1000.863908,11225,0.519603759,195.8590698,191.5849457,149.3257904
37547,B-20-3-11_masks.tif,110,7461,698.7695526,271.3291088,38.13147247,7.115621066,0.990075588,-12.35281427,4517.35183,951.548854,4950,0.66344994,202.3476715,197.789093,159.1890869
37548,B-20-3-11_masks.tif,111,2722,279.4558441,88.97603043,40.82766827,2.179307176,0.888507845,-34.69273479,2428.368112,836.38795,2133,0.783614989,212.1940918,207.6197815,162.1233063
37549,B-20-3-11_masks.tif,112,7265,460.7695526,148.9806773,68.9891868,2.15947867,0.88631924,-43.4311877,3822.216518,844.1783895,3574,0.491947694,212.6421356,206.7288818,142.4367676
37550,B-20-3-11_masks.tif,113,14087,757.7817459,272.3272624,68.07917294,4.00015527,0.968248342,-46.76078867,2317.716618,904.7102293,11633,0.825796834,208.5341644,200.9213409,142.6509094
37551,B-20-3-11_masks.tif,114,9816,788.2670273,283.1251914,47.81678714,5.921041716,0.985635043,-47.43703891,2231.503566,910.4607783,8577,0.873777506,210.6745911,203.6628265,165.7356873
37552,B-20-3-11_masks.tif,115,5351,431.6984848,156.1879841,50.69672979,3.080829567,0.945855536,-65.04949004,2639.998879,845.2053822,4752,0.888058307,204.9509735,200.1090088,161.034729
37553,B-20-3-11_masks.tif,116,5064,336.3847763,121.4568067,54.48315376,2.229254335,0.893742438,-85.27407412,1533.639613,840.2170221,3270,0.645734597,200.3694153,193.8599396,133.3208008
37554,B-20-3-11_masks.tif,117,5482,461.9411255,177.2956316,45.01770951,3.938353007,0.967226997,-66.13411522,2509.909887,860.1807734,4464,0.81430135,209.497757,205.3682861,158.7410431
37555,B-20-3-11_masks.tif,118,20509,1000.409163,339.9553822,80.31989481,4.232517772,0.971688418,-47.41263978,2616.335999,953.8598176,13046,0.636110976,209.6605835,203.2667542,152.6235657
37556,B-20-3-11_masks.tif,119,8348,611.6396103,226.6354438,49.07840421,4.617824224,0.97627104,-43.28461896,2179.745688,901.1536895,7774,0.931241016,209.782486,202.9472656,162.0070801
37557,B-20-3-11_masks.tif,120,4821,416.1837662,152.0699634,41.73289364,3.643887354,0.961606453,55.17791862,1793.39079,903.0304916,4384,0.909354906,195.3047485,191.8238983,149.3462524
37558,B-20-3-11_masks.tif,121,19774,1197.338095,453.4095962,61.21955363,7.406287195,0.990842816,-23.33537065,2884.136037,1085.842925,8783,0.444169111,208.341568,199.9532013,141.2076721
37559,B-20-3-11_masks.tif,122,8562,590.1837662,231.7629731,48.82479363,4.746829548,0.977557899,-71.58240271,2518.476291,927.7209764,7534,0.879934595,209.6369781,204.4920349,154.2333374
37560,B-20-3-11_masks.tif,123,8164,510.627417,205.2679874,51.40273078,3.993328453,0.968137899,-6.245091138,1447.408868,990.4410828,7049,0.863424792,200.9994354,194.4543915,144.2651367
37561,B-20-3-11_masks.tif,124,4601,415.5979797,156.4404416,39.80189769,3.930476954,0.967093285,57.23001628,1775.304499,933.5459683,4008,0.871114975,198.2462616,193.0905762,155.5491486
37562,B-20-3-11_masks.tif,125,6400,440.627417,178.1293335,48.40665864,3.679851874,0.962367861,-82.52831644,292.2348438,928.480625,5836,0.911875,193.5723114,189.8519592,139.3481903
37563,B-20-3-11_masks.tif,126,8684,577.254834,220.1064164,51.21332218,4.297835154,0.972554479,-23.93609339,1563.955205,996.0910871,3268,0.376324275,201.719101,193.6820679,137.4329834
37564,B-20-3-11_masks.tif,127,6770,576.4264069,232.9353832,38.96034679,5.978781052,0.985913132,-21.64088278,1515.450074,1010.192762,25,0.003692762,217.4799957,210.9199982,214
37565,B-20-3-11_masks.tif,128,3523,288.4852814,115.2070293,39.9478113,2.883938457,0.937958314,-2.831763776,1650.288107,994.6392279,3438,0.975872836,199.9933167,193.3749237,137.0418854
37566,B-20-3-11_masks.tif,129,6538,509.4974747,181.1999588,47.84933364,3.786885731,0.964503728,54.32768592,1970.545121,995.1393392,5863,0.896757418,196.5046844,193.8354034,144.6307373
37567,B-20-3-11_masks.tif,130,10451,739.2964646,268.0357521,51.06790204,5.24861491,0.981682061,-59.07196577,203.5334418,1028.6408,9231,0.883264759,202.8259125,198.1089783,166.1892548
37568,B-20-3-11_masks.tif,131,9423,601.9411255,238.345728,50.79907824,4.691930175,0.977023435,-14.87434955,440.7172875,1081.258729,7575,0.803884113,196.7580261,187.2888489,139.0089722
37569,B-20-3-11_masks.tif,132,10909,667.0538239,240.1224674,59.66671653,4.024395532,0.968635867,32.96649535,1788.095609,1058.818132,9121,0.836098634,199.7664795,196.6864319,140.1261902
37570,B-20-3-11_masks.tif,133,10556,663.5979797,252.1786148,55.76314594,4.522316855,0.975245339,-14.6437939,385.674119,1081.72357,7786,0.737589996,198.1776276,190.913559,142.7932129
37571,B-20-3-11_masks.tif,134,8543,700.2253967,263.5926181,41.95298504,6.283047985,0.987253056,-61.24976209,223.5296734,1068.035936,7388,0.864801592,202.7047882,197.3908997,153.0694427
37572,B-20-3-11_masks.tif,135,9075,505.1126984,186.7651883,62.85453914,2.971387442,0.941668056,-19.50644251,1583.054545,1099.504904,7978,0.879118457,203.7635956,194.746933,133.2006836
37573,B-20-3-11_masks.tif,136,4928,448.7695526,164.9477006,40.61791482,4.060959341,0.969207047,56.93518865,1977.110593,1056.786526,4873,0.988839286,195.2164917,188.9866638,140.3217773
37574,B-20-3-11_masks.tif,137,8049,515.3553391,194.8272857,53.52370629,3.640018586,0.961523164,-21.34314783,783.9956516,1114.015281,6435,0.799478196,202.8419647,195.1247864,153.0579681
37575,B-20-3-11_masks.tif,138,6434,482.7695526,181.7338229,46.84086824,3.879813286,0.966213146,-21.14125228,827.5617035,1123.033261,6010,0.934100093,202.1928406,193.5409393,144.7752075
37576,B-20-3-11_masks.tif,139,4718,369.7989899,132.0337659,48.10989658,2.744420074,0.931252031,2.339018926,1656.455066,1106.360322,3928,0.832556168,203.2538147,196.3559113,140.1015778
37577,B-20-3-11_masks.tif,140,5365,505.7401154,189.9666041,37.34165677,5.087256982,0.980489876,49.35776578,1933.423113,1110.912954,5205,0.970177074,198.3469696,192.4030762,152.7035522
37578,B-20-3-11_masks.tif,141,4841,394.7695526,138.6577383,47.09999163,2.943901549,0.940539162,52.78722469,1984.072506,1105.364181,952,0.196653584,219.364502,199.9138641,174.3539886
37579,B-20-3-11_masks.tif,142,8538,509.2132034,214.0367246,51.26889889,4.174786844,0.970888177,89.61397325,4747.21785,1082.023425,7099,0.831459358,202.690094,197.6569977,154.9509735
37580,B-20-3-11_masks.tif,143,16609,1185.622366,408.6276208,63.14555119,6.471202058,0.987987972,38.3222615,1103.646938,1237.103619,9346,0.562706966,194.113205,187.5758667,146.1034698
37581,B-20-3-11_masks.tif,144,3355,275.3137085,104.562381,42.44340784,2.463571762,0.913910966,7.2227174,1699.855738,1158.393145,2696,0.803576751,201.4299011,194.6416931,150.4688416
37582,B-20-3-11_masks.tif,145,7016,435.5563492,178.4791193,51.88373186,3.439982301,0.956814503,-86.23277328,4745.15935,1127.848917,5528,0.787913341,206.3516693,202.5273132,146.0334625
37583,B-20-3-11_masks.tif,146,5909,470.4264069,174.9861618,47.93268274,3.650664887,0.96175171,48.23503035,1924.449822,1173.312405,5648,0.95583009,196.2057343,191.0970306,138.6793518
37584,B-20-3-11_masks.tif,147,9651,563.7401154,195.3607994,65.09134439,3.001332991,0.94286137,-30.69217028,2288.421822,1198.649881,8616,0.892757227,204.4487,193.8041992,138.4382477
37585,B-20-3-11_masks.tif,148,11654,659.6984848,271.2354265,58.31169388,4.651475689,0.976617232,5.46873527,2169.312682,1250.404582,9695,0.831903209,200.0495148,190.9984589,148.7355347
37586,B-20-3-11_masks.tif,149,11848,711.1126984,296.8641569,55.15646572,5.382218622,0.982588154,8.950300177,4509.510972,1274.425135,9497,0.801569885,205.9771576,199.8278351,156.4869995
37587,B-20-3-11_masks.tif,150,10443,600.1837662,232.9130487,60.07746227,3.876878948,0.966161086,-74.54640995,4835.471225,1160.647994,6220,0.595614287,207.6196136,197.1810303,149.1040192
37588,B-20-3-11_masks.tif,151,11079,667.6984848,273.9402724,52.51320531,5.216597822,0.981454386,6.613240561,4554.020489,1263.787345,8479,0.76532178,203.8256836,197.1793823,150.7660065
37589,B-20-3-11_masks.tif,152,7231,528.8700577,218.5585565,42.90830835,5.093618576,0.980539063,8.594589306,1762.025308,1236.367861,6460,0.893375743,199.9743042,193.1673431,151.6953583
37590,B-20-3-11_masks.tif,153,12217,874.2253967,354.2555975,45.32221829,7.816378165,0.991782362,21.00089851,1022.788983,1311.52738,8405,0.687975771,202.1658478,194.5697784,154.2982788
37591,B-20-3-11_masks.tif,154,12845,794.4264069,296.6970888,58.23032622,5.095233155,0.980551517,-80.20457255,4873.640249,1205.010121,9196,0.715920592,207.7829437,199.7508698,151.1881256
37592,B-20-3-11_masks.tif,155,11700,787.3553391,293.2542586,56.37590425,5.20176594,0.98134747,11.39928302,961.8206838,1303.318974,8190,0.7,201.2771606,191.4299164,150.276062
37593,B-20-3-11_masks.tif,156,11634,843.6812409,309.3801722,50.4089146,6.137409912,0.986636775,36.34649699,1088.88568,1297.457968,7933,0.681880695,197.7033844,189.8675079,149.9732819
37594,B-20-3-11_masks.tif,157,11494,721.6984848,299.8801136,50.89404406,5.892243762,0.985493248,-8.015012019,3119.638942,1353.380111,5818,0.506177136,205.2136536,199.7454376,145.9432831
37595,B-20-3-11_masks.tif,158,4756,313.7989899,103.9403612,58.9391465,1.763519959,0.823684931,81.47314329,1854.578638,1239.054247,3955,0.831581161,198.8270569,192.9304657,142.6619415
37596,B-20-3-11_masks.tif,159,6765,495.1126984,198.3701593,44.1749352,4.490559146,0.974889442,-16.21633733,2293.434885,1318.039172,5980,0.883961567,207.4546814,199.8707428,139.0525055
37597,B-20-3-11_masks.tif,160,19697,958.1837662,386.482921,67.69749618,5.708969205,0.984539453,-88.01809312,4896.30299,1267.619434,10090,0.51226075,205.818634,197.7082214,146.2929688
37598,B-20-3-11_masks.tif,161,4618,307.5563492,105.556961,56.55701079,1.866381542,0.844347388,-1.059028292,1989.535513,1285.663491,3887,0.841706366,201.1312103,193.9737549,140.0746002
37599,B-20-3-11_masks.tif,162,8149,598.4264069,227.0416716,50.17618919,4.524888702,0.975273828,18.41866878,1737.019512,1331.897288,3517,0.431586698,197.7537689,189.9041748,163.1578064
37600,B-20-3-11_masks.tif,163,16586,863.0121933,330.2796594,66.06799766,4.999086866,0.979788439,6.400876118,3495.967804,1407.821536,8255,0.497708911,207.0955811,205.7639008,166.380249
37601,B-20-3-11_masks.tif,164,10352,668.5269119,281.2768139,48.28763405,5.825027866,0.985153989,11.74040885,891.9542117,1374.87442,8459,0.817136785,206.8441925,198.7224274,163.2828979
37602,B-20-3-11_masks.tif,165,4761,324.0416306,101.8719161,60.13078786,1.694172315,0.807214117,24.47187727,1934.203949,1299.381432,4189,0.879857173,204.0085907,195.5282898,146.4270782
37603,B-20-3-11_masks.tif,166,10651,689.3553391,285.064731,49.6069398,5.746468784,0.984742134,10.23818326,850.73533,1410.048634,8614,0.808750352,198.7825623,187.5664063,152.9098053
37604,B-20-3-11_masks.tif,167,4876,330.627417,110.2581449,57.09014525,1.931299079,0.855510057,84.79694628,1850.210829,1304.371411,4431,0.908736669,207.1606903,200.8952789,152.7287292
37605,B-20-3-11_masks.tif,168,20811,1436.752309,609.20991,46.42685865,13.12192829,0.997091918,-18.70633081,2992.083081,1549.896257,7488,0.359809716,206.7695007,202.0555573,161.0008087
37606,B-20-3-11_masks.tif,169,18789,954.6690476,374.7308638,71.15267397,5.266574577,0.981807937,-86.49619236,4868.414391,1324.205599,10096,0.537335675,208.3467712,203.3935242,152.2272186
37607,B-20-3-11_masks.tif,170,5448,455.7989899,190.8866912,38.4084652,4.969911976,0.979547963,8.272650162,929.8847283,1371.055617,822,0.150881057,222.2043762,222.0960999,161.0827179
37608,B-20-3-11_masks.tif,171,9834,601.9411255,232.5416501,57.77117634,4.025219233,0.96864891,5.704092293,4672.482815,1399.0542,4269,0.434106162,201.2354126,196.7919922,154.4075928
37609,B-20-3-11_masks.tif,172,17991,939.9411255,407.402912,60.10968043,6.777658925,0.989055557,-6.690205586,5138.337891,1505.028681,7398,0.411205603,202.8845673,199.9959412,144.6766663
37610,B-20-3-11_masks.tif,173,13560,834.3259018,327.858573,62.57107403,5.239778573,0.981619648,14.90687117,4634.818658,1451.16615,6672,0.492035398,204.6543732,199.848465,139.8735046
37611,B-20-3-11_masks.tif,174,21900,1205.03658,433.1237022,70.25638288,6.164901814,0.986756492,-36.80344316,3288.844384,1478.585936,9457,0.431826484,212.8243561,203.9825592,158.766098
37612,B-20-3-11_masks.tif,175,22189,1224.350288,445.1796676,71.43115712,6.232289739,0.98704321,-39.2877092,3322.713912,1524.045788,10213,0.460273108,210.5893402,201.5457764,141.6342926
37613,B-20-3-11_masks.tif,176,5939,436.9705627,183.6484866,42.04723299,4.367671154,0.973437016,-1.744294449,2035.485267,1458.744738,5666,0.954032665,202.6761322,195.2200775,144.8863373
37614,B-20-3-11_masks.tif,177,14478,814.6101731,272.6682526,69.30984447,3.934047965,0.967154012,-47.94849909,3200.185868,1476.356127,8793,0.607335267,208.9626923,202.0307007,145.9189148
37615,B-20-3-11_masks.tif,178,7349,510.6690476,187.9383375,51.86740498,3.623438219,0.961163099,-40.11006112,2177.364675,1466.847054,6259,0.851680501,206.9595795,198.7148132,147.3848877
37616,B-20-3-11_masks.tif,179,18746,826.6690476,323.6099165,83.8084746,3.861303025,0.965882702,-0.058378856,4545.164408,1569.238131,7060,0.376613678,204.5548096,199.1865387,141.4290314
37617,B-20-3-11_masks.tif,180,9712,582.627417,253.89849,51.18701001,4.960213342,0.979467066,4.674081976,1390.224362,1534.384164,6554,0.674835255,202.3211823,193.8535309,139.8843384
37618,B-20-3-11_masks.tif,181,15062,806.7695526,316.4968018,65.41261931,4.838467029,0.978409222,6.198067449,1250.032665,1565.085978,12724,0.84477493,204.4188995,194.7254028,148.4326477
37619,B-20-3-11_masks.tif,182,14367,954.3259018,398.4826828,63.05062,6.320043845,0.987402803,11.04675817,3447.892671,1617.81019,5987,0.41671887,205.0733185,200.5937805,153.1710358
37620,B-20-3-11_masks.tif,183,5328,427.3137085,191.3044901,37.97220051,5.038014325,0.980102731,1.009880893,1352.959459,1524.926614,4984,0.935435435,203.6701508,191.1294098,148.7247162
37621,B-20-3-11_masks.tif,184,7955,619.8406204,234.4932946,46.36573553,5.057469528,0.980257058,-18.22638253,3043.393589,1554.953991,6478,0.81433061,202.381134,194.294693,144.801178
37622,B-20-3-11_masks.tif,185,7827,453.1126984,161.5521808,63.53862307,2.542582337,0.919409799,-26.10352464,1890.69273,1542.090073,7797,0.996167114,206.2190552,195.6298523,137.0171814
37623,B-20-3-11_masks.tif,186,7134,610.1837662,244.9549891,41.59008605,5.889744707,0.985480844,16.48365434,839.3657135,1586.911971,6321,0.886038688,196.5122681,188.8849792,153.9351349
37624,B-20-3-11_masks.tif,187,7098,518.9116882,188.3819038,48.67580029,3.8701347,0.96604097,-43.59537025,1739.878698,1540.951677,6806,0.958861651,206.1207733,200.1964417,155.6403198
37625,B-20-3-11_masks.tif,188,4826,458.9705627,193.3582206,33.88303421,5.706638296,0.984526721,7.434381666,1292.319105,1586.946125,4210,0.872358061,203.0971527,197.0971527,159.5011902
37626,B-20-3-11_masks.tif,189,12892,761.5391052,268.6451545,62.54490686,4.295236302,0.972520787,-33.48185491,2127.624496,1601.595951,9438,0.732081911,211.3828125,204.5402679,158.9774323
37627,B-20-3-11_masks.tif,190,10333,652.4264069,252.9333623,52.69121437,4.8002948,0.978060608,-20.06093344,2192.94503,1606.479919,8950,0.866156973,208.2738495,198.219223,156.5218964
37628,B-20-3-11_masks.tif,191,9022,637.7401154,225.78011,55.68111446,4.054877711,0.969113137,-34.40691286,1783.795611,1575.171581,8584,0.951452006,209.0971527,200.7396393,152.7225037
37629,B-20-3-11_masks.tif,192,8924,628.2842712,254.1534876,46.5980648,5.454164002,0.983048416,7.069084445,3480.585948,1604.714926,5560,0.623038996,207.3449707,200.9172668,168.9181671
37630,B-20-3-11_masks.tif,193,7518,544.7695526,215.6167324,45.11801281,4.778950113,0.977861967,18.17482177,806.2774674,1600.181298,6778,0.901569566,208.2929993,198.9576569,166.9521942
37631,B-20-3-11_masks.tif,194,15807,809.6984848,336.1133338,65.72023711,5.114304947,0.980697722,2.233106262,2255.598532,1666.00291,13080,0.827481496,203.7010651,195.9769135,148.3486938
37632,B-20-3-11_masks.tif,195,9227,637.7401154,239.9931784,50.73423109,4.730399441,0.977399926,-29.34335607,1905.524548,1621.633467,8307,0.900292619,205.0795746,197.4736938,150.1330261
37633,B-20-3-11_masks.tif,196,18219,1181.480231,445.5215575,58.69786028,7.59008174,0.991282858,28.08096723,2398.837862,1704.00752,7335,0.40260168,190.0891571,183.5308838,139.0684357
37634,B-20-3-11_masks.tif,197,6705,493.3137085,223.9593169,38.77991951,5.775136197,0.984894395,-0.19153121,2014.25399,1656.913647,5849,0.872334079,198.9603424,191.7722626,139.6134338
37635,B-20-3-11_masks.tif,198,7470,505.1126984,192.5631719,50.43695322,3.817898578,0.965088451,75.18837207,586.6176707,1628.479518,5451,0.729718876,197.4032288,194.354248,151.532196
37636,B-20-3-11_masks.tif,199,7860,540.2842712,220.1827527,47.62479644,4.62327966,0.976327686,12.9894465,1057.576463,1723.084478,6771,0.861450382,197.8918915,189.6010895,148.138382
37637,B-20-3-11_masks.tif,200,25013,1325.882251,546.0397684,67.54889747,8.083622219,0.992318799,77.93709625,4123.620517,1666.360413,9445,0.377603646,198.0844879,191.2747498,135.9287415
37638,B-20-3-11_masks.tif,201,8709,622.5269119,256.9743195,45.38156614,5.662526469,0.984282772,11.13273534,924.3559536,1751.060053,8181,0.939373062,199.8947601,189.3795319,146.5707092
37639,B-20-3-11_masks.tif,202,16750,999.7401154,398.9554711,65.08695883,6.129576159,0.986602364,-13.09274925,2648.725313,1807.388,6416,0.383044776,207.7015228,198.7699432,164.2545166
37640,B-20-3-11_masks.tif,203,9529,633.5979797,252.439211,48.88916373,5.163500288,0.981067309,74.41284769,559.8397523,1671.383356,7123,0.747507608,190.4419556,183.8667755,145.9526825
37641,B-20-3-11_masks.tif,204,8854,623.5979797,242.504662,47.92576811,5.060005747,0.980277043,15.8115467,1016.877795,1735.276598,7173,0.810142309,208.1279755,199.1212921,168.8035736
37642,B-20-3-11_masks.tif,205,18292,1085.254834,445.4470149,57.4118909,7.758793656,0.991659415,80.90008144,4050.373114,1726.766619,9315,0.509239012,197.5929108,190.600647,153.0298462
37643,B-20-3-11_masks.tif,206,17158,1040.568542,412.4277734,68.60566904,6.011569877,0.986067463,80.13347474,4023.433675,1768.663189,8531,0.497202471,204.9675293,200.9083405,157.4947815
37644,B-20-3-11_masks.tif,207,8048,647.3969696,249.4041402,51.42699364,4.849673733,0.978509985,-53.88158839,1829.08002,1762.868787,36,0.004473161,240.5555573,236.6111145,220.5833282
37645,B-20-3-11_masks.tif,208,16048,1035.338095,397.4096493,70.76286557,5.616076259,0.984019585,55.85803871,5125.593657,1792.941301,0,0,,,
37646,B-20-3-11_masks.tif,209,7831,549.7401154,204.6197978,49.66049638,4.120373592,0.970102282,-53.19200187,1542.831567,1765.435832,6498,0.829779083,204.2611542,199.746994,149.4419861
37647,B-20-3-11_masks.tif,210,20560,1090.852814,413.6099615,69.17995297,5.978754592,0.985913006,-24.02841085,3778.415418,1907.722179,8729,0.424562257,206.1809998,199.6448669,133.3159637
37648,B-20-3-11_masks.tif,211,8222,573.1543289,210.730524,50.42205107,4.179332645,0.970952418,-37.39647298,396.0430552,1822.729263,7424,0.902943323,201.271286,194.9283447,155.8135834
37649,B-20-3-11_masks.tif,212,14876,878.3259018,336.9901518,63.3838036,5.316660293,0.98215218,16.61531471,817.4339204,1935.84317,9100,0.611723582,201.2772522,194.6799927,149.3414307
37650,B-20-3-11_masks.tif,213,10990,673.4558441,277.5328254,53.30084118,5.206912673,0.981384675,1.465818246,592.6836215,1899.504914,8591,0.781710646,196.4092712,186.3007813,146.4106598
37651,B-20-3-11_masks.tif,214,11106,635.4558441,262.3260458,55.44880084,4.730959765,0.977405341,-4.115335488,524.8259499,1901.84882,8476,0.763191068,199.7267609,191.7122498,149.2212067
37652,B-20-3-11_masks.tif,215,9412,591.1543289,203.6580426,60.58631804,3.361452703,0.954724801,-46.81764158,1818.728219,1842.367828,8128,0.863578411,208.6733551,198.9142456,152.0516663
37653,B-20-3-11_masks.tif,216,6801,490.0832611,175.3908911,50.12962675,3.498747197,0.95828434,-37.02027799,439.7937068,1842.015439,6615,0.972651081,201.0142059,192.5717316,145.2728577
37654,B-20-3-11_masks.tif,217,9712,563.4974747,196.4970933,64.43882,3.049358962,0.944699325,-42.72924433,1892.222508,1853.118925,7996,0.823311367,208.0316467,200.5303955,148.4592285
37655,B-20-3-11_masks.tif,218,11741,913.882251,349.9777863,63.48221481,5.513005294,0.983411375,65.95601255,5060.253556,1884.48139,4583,0.390341538,194.8832703,188.6572113,135.9976044
37656,B-20-3-11_masks.tif,219,20366,1086.367532,432.6150618,61.66236511,7.015868773,0.989789903,-18.07898812,4861.310174,2005.356182,8502,0.417460473,196.2184143,191.3040466,131.8740234
37657,B-20-3-11_masks.tif,220,11546,794.4264069,321.4439374,47.92500398,6.707228183,0.988823195,14.28338514,1693.859518,1991.894336,5462,0.473064265,191.8974762,182.6351166,143.0547485
37658,B-20-3-11_masks.tif,221,17773,1262.409163,479.3133272,56.68559108,8.455646629,0.992982168,22.19074077,4332.007877,2031.41805,5766,0.324424689,204.6080475,198.9915009,153.9105072
37659,B-20-3-11_masks.tif,222,8784,623.0538239,231.5177704,49.87330072,4.642118468,0.976521737,-48.64165904,214.2400956,1894.793602,7254,0.825819672,200.0434265,195.0613403,140.3555298
37660,B-20-3-11_masks.tif,223,15809,1273.580736,438.315688,51.55145396,8.502489345,0.993059552,22.2261036,4302.556518,2063.945664,6983,0.441710418,201.1516571,195.1559448,157.2829742
37661,B-20-3-11_masks.tif,224,20498,1268.166522,465.9204769,87.01572148,5.354440198,0.982405401,22.54385862,4260.472973,2073.973754,2378,0.116011318,204.7308655,197.4104309,159.58284
37662,B-20-3-11_masks.tif,225,7566,516.5269119,191.8646852,51.18909432,3.748155496,0.963752501,-14.02847844,1914.32276,1953.912635,6501,0.859238699,204.3784027,198.3671722,152.1239777
37663,B-20-3-11_masks.tif,226,7363,515.6984848,209.3611826,45.5412491,4.597176993,0.976054795,-14.75664302,1968.036534,1978.477115,6252,0.849110417,200.1493988,192.039505,150.4056244
37664,B-20-3-11_masks.tif,227,11536,761.1959595,253.0049844,60.38534849,4.189840594,0.971100101,45.71465147,1018.473128,2006.437673,9136,0.791955617,198.0652313,189.5627136,147.8549652
37665,B-20-3-11_masks.tif,228,10437,616.0832611,227.8847141,59.03724308,3.86001619,0.965859548,23.75930209,733.5386605,2012.038996,8673,0.830985915,197.2496185,188.870285,152.0653687
37666,B-20-3-11_masks.tif,229,19410,1101.681241,405.2169614,62.75781224,6.456836956,0.987934138,22.91202091,2651.701391,2178.244152,9065,0.467027306,204.8145599,198.0843964,149.1737518
37667,B-20-3-11_masks.tif,230,6781,523.5979797,200.9898937,44.13022138,4.554472818,0.975598013,23.09065659,950.1945141,2076.935113,5992,0.88364548,200.3387909,193.0575714,155.6472015
37668,B-20-3-11_masks.tif,231,9428,613.7401154,227.7373642,54.9287723,4.146048686,0.970477045,-60.51841407,93.53330505,2061.350339,8819,0.935405176,201.4914398,197.6652679,149.0198364
37669,B-20-3-11_masks.tif,232,20146,1240.710678,501.8200052,62.25230414,8.06106717,0.992275587,76.29189535,4003.063437,2067.856845,8213,0.40767398,205.4714508,199.8975983,163.8307495
37670,B-20-3-11_masks.tif,233,12269,760.0416306,318.7672193,50.19408307,6.350693144,0.987524867,6.571627799,417.2312332,2183.723286,9379,0.76444698,196.9029694,187.6642456,156.5065613
37671,B-20-3-11_masks.tif,234,4164,423.254834,154.5625126,35.39644069,4.366611714,0.973423949,40.07976839,512.0864553,2083.548751,3952,0.949087416,192.7879486,183.066803,154.730011
37672,B-20-3-11_masks.tif,235,13854,841.0954544,307.8413889,60.66596611,5.074367205,0.98038964,-41.58366644,2417.135051,2148.290746,8952,0.646167172,207.4636993,197.9651489,148.5355225
37673,B-20-3-11_masks.tif,236,17961,1267.053824,537.5278714,44.89844799,11.97208134,0.996505459,77.54759124,3972.661489,2102.585157,8555,0.476309782,208.1908875,201.5805969,167.8930511
37674,B-20-3-11_masks.tif,237,10262,659.4974747,255.5221009,52.69456636,4.849116684,0.978504994,-64.97860002,125.1560125,2099.743325,9716,0.946793997,201.2688293,197.221283,151.048584
37675,B-20-3-11_masks.tif,238,8279,600.8111832,216.9612257,50.0220074,4.337315454,0.973058736,39.29750022,495.6098563,2135.924387,7912,0.955670975,203.0740662,194.8838501,161.4687805
37676,B-20-3-11_masks.tif,239,16570,897.4386002,337.5625466,64.81022318,5.208476843,0.981395961,-31.58473169,3563.960109,2198.244357,5547,0.334761617,204.6197968,197.7283173,131.4454651
37677,B-20-3-11_masks.tif,240,7687,496.2842712,190.5182428,53.65224579,3.550983562,0.95952833,-9.598921277,344.0740211,2174.727072,5754,0.74853649,197.204895,190.2493896,151.7535553
37678,B-20-3-11_masks.tif,241,8567,630.7106781,234.9016642,47.12640847,4.984501724,0.979668755,-43.18794763,2474.005836,2158.911521,7178,0.837866231,207.2988281,201.6104736,160.0140686
37679,B-20-3-11_masks.tif,242,17069,1073.154329,435.283594,58.83145186,7.398824612,0.990824249,79.50476224,3892.71375,2133.513621,4489,0.262991388,206.4528809,201.7596283,160.2036133
37680,B-20-3-11_masks.tif,243,4930,405.5979797,145.3095931,44.40068206,3.272688308,0.952173083,-46.58238595,206.8649087,2162.740365,4374,0.887221095,196.3959808,191.5098267,146.2478333
37681,B-20-3-11_masks.tif,244,11839,765.3553391,316.201636,50.4799231,6.263908829,0.987174535,79.37922683,3836.310668,2165.386181,8204,0.692963933,205.409317,197.643219,155.6578522
37682,B-20-3-11_masks.tif,245,14630,881.882251,313.0942875,63.24070624,4.950834772,0.97938838,24.90542047,2628.410116,2273.361449,8018,0.548051948,194.6233521,184.7418365,146.8431091
37683,B-20-3-11_masks.tif,246,6916,613.4974747,210.3434838,44.35212506,4.742579605,0.977517196,64.36735596,3829.152834,2214.255639,5282,0.763736264,204.1268463,195.0124969,162.7506561
37684,B-20-3-11_masks.tif,247,3826,343.4558441,126.4665438,39.35550231,3.213439962,0.950346737,-21.44395851,257.7208573,2227.370622,3448,0.9012023,193.8422241,183.9269104,138.3503418
37685,B-20-3-11_masks.tif,248,19909,1308.551299,442.2292397,78.7818876,5.61333643,0.984003855,31.7085117,4869.745542,2334.372846,10054,0.50499774,202.7824707,196.243988,150.4998932
37686,B-20-3-11_masks.tif,249,7828,604.8700577,263.0540668,39.9262773,6.58849471,0.988414342,10.4392316,942.093255,2301.012647,7288,0.931016863,203.3850098,194.2398529,166.0773926
37687,B-20-3-11_masks.tif,250,15729,855.4974747,333.5706355,63.04091265,5.291335761,0.981979359,12.09389181,4952.787653,2343.53449,7824,0.497425138,191.7160034,185.5071564,137.5001221
37688,B-20-3-11_masks.tif,251,20463,1235.480231,455.3537901,73.07585582,6.231248133,0.98703885,29.35940605,4803.931046,2396.156722,11089,0.541904902,201.1221008,192.7418213,148.8808746
37689,B-20-3-11_masks.tif,252,7158,547.9411255,213.1638552,44.37978021,4.803175098,0.978087207,16.82403334,854.3005029,2299.557698,413,0.057697681,227.9539948,231.1622314,183.1598053
37690,B-20-3-11_masks.tif,253,17547,1150.066017,453.2045237,72.75376722,6.229292874,0.987030658,62.39322648,4173.551034,2282.728216,6242,0.355730324,195.1257629,188.5459747,158.0821838
37691,B-20-3-11_masks.tif,254,5320,411.7989899,171.3382435,41.93545774,4.08576066,0.969585597,12.59276399,902.9330827,2322.780827,4943,0.929135338,201.4339447,193.271698,163.6194611
37692,B-20-3-11_masks.tif,255,6463,552.3259018,204.7518919,41.1797345,4.97215182,0.979566577,-56.75724735,94.98514622,2310.993966,6099,0.943679406,196.3256226,191.4497528,147.3295593
37693,B-20-3-11_masks.tif,256,12165,782.7106781,290.974233,54.33914198,5.354781515,0.982407664,-60.35950426,2330.07053,2326.302096,8846,0.727168105,204.4504852,200.6718292,155.8857117
37694,B-20-3-11_masks.tif,257,12893,796.1837662,322.1569561,54.54764086,5.905974135,0.985561115,81.13531768,3752.812611,2288.377569,5876,0.455751183,203.320282,193.1659241,159.2278748
37695,B-20-3-11_masks.tif,258,11436,812.9533188,297.0465719,51.98349472,5.71424783,0.984568227,28.88697879,4856.415792,2392.756208,9801,0.85703043,208.1276398,199.4831085,156.4194489
37696,B-20-3-11_masks.tif,259,14339,1050.267027,411.1812091,47.37805254,8.678727534,0.993339503,65.54856799,4138.64879,2344.509519,9688,0.675639863,207.552536,198.7763214,163.8141022
37697,B-20-3-11_masks.tif,260,9549,753.6396103,277.0629843,46.01212864,6.021520683,0.986113797,63.81485029,4182.879254,2323.484449,6988,0.731804377,202.8450165,194.5718384,156.0506592
37698,B-20-3-11_masks.tif,261,10252,748.2842712,316.9062016,44.60284781,7.10506654,0.990045932,-4.132533647,2530.112076,2411.322766,7194,0.701716738,203.1611023,196.3477936,161.9655304
37699,B-20-3-11_masks.tif,262,14495,973.6812409,348.2790331,54.21008475,6.424617019,0.987812063,27.50268142,2653.060504,2433.901276,7655,0.528113142,200.9358521,192.6617889,160.7802734
37700,B-20-3-11_masks.tif,263,4948,415.6984848,158.031896,41.66340093,3.793062796,0.964621365,17.40003578,830.7641471,2352.405416,3143,0.635206144,201.8316956,191.9793243,150.1008606
37701,B-20-3-11_masks.tif,264,11076,769.1126984,327.1607242,51.66316393,6.332572364,0.987452915,-1.149593741,2483.888769,2413.141116,7235,0.653214157,205.6294403,200.3813477,161.7426453
37702,B-20-3-11_masks.tif,265,9946,760.0832611,305.7724803,45.35615623,6.741587156,0.988937467,75.67751453,3770.869596,2335.299216,5919,0.595113614,203.8695679,198.6076965,162.3993988
37703,B-20-3-11_masks.tif,266,12437,995.1959595,368.9476018,56.01214268,6.586921766,0.988408775,66.40818228,4117.53574,2377.279167,368,0.029589129,237.845108,220.7663116,203.2418518
37704,B-20-3-11_masks.tif,267,5760,537.3969696,209.9482967,36.28271035,5.786455715,0.984953887,-44.00792371,110.6699653,2359.711458,5397,0.936979167,196.1217346,189.2784882,140.2229004
37705,B-20-3-11_masks.tif,268,11587,790.0243866,284.4041309,53.47458109,5.318491984,0.982164583,38.6084758,395.5076379,2479.115561,9958,0.859411409,195.7828827,190.6581573,152.5736084
37706,B-20-3-11_masks.tif,269,13550,794.4264069,320.9567504,56.85528307,5.645152624,0.9841851,-12.65827021,3694.554391,2532.830258,5726,0.422583026,205.2462463,197.1404114,141.086792
37707,B-20-3-11_masks.tif,270,16781,1136.894444,405.2146621,55.870476,7.252751204,0.990449121,57.582331,4212.439306,2489.692152,7937,0.472975389,191.8843384,182.5217285,143.7369232
37708,B-20-3-11_masks.tif,271,10652,699.0538239,258.0901208,54.47289252,4.737955134,0.97747278,-31.31289735,74.55182125,2504.52516,9555,0.897014645,203.8533783,195.9381409,143.4230194
37709,B-20-3-11_masks.tif,272,9132,757.7817459,293.5941344,41.03507857,7.154711156,0.990184272,34.81025884,357.8443933,2501.4712,8519,0.932873412,201.3283234,191.4288025,157.9458923
37710,B-20-3-11_masks.tif,273,15092,936.1248917,335.9192073,62.54331524,5.370984989,0.982514594,22.69855647,3573.905049,2556.502849,10554,0.699310893,199.7965698,192.1887512,151.048233
37711,B-20-3-11_masks.tif,274,12277,744.1837662,301.2281077,54.88321292,5.488529036,0.983261828,-10.04492548,3737.66425,2550.352773,7160,0.583204366,205.6424561,200.3819885,148.6565704
37712,B-20-3-11_masks.tif,275,11765,753.9827561,285.6055306,53.80795899,5.307867756,0.982092461,22.88393821,4024.98215,2536.711347,5688,0.483467913,199.9440918,194.7665253,147.8299866
37713,B-20-3-11_masks.tif,276,9865,646.8700577,271.8220218,49.60567174,5.479656101,0.983207115,-2.102968713,171.8106437,2589.010542,9202,0.932792701,203.6471405,194.9538116,157.6647491
37714,B-20-3-11_masks.tif,277,5823,420.2842712,160.9955465,47.19159729,3.411529929,0.956074549,19.81804835,3968.228233,2517.085695,5314,0.912588013,199.6906281,190.7713623,149.9055328
37715,B-20-3-11_masks.tif,278,13772,846.3675324,308.8868732,61.18783382,5.048174677,0.980183552,-29.05914065,2359.086335,2602.856956,6936,0.503630555,204.2041473,194.7404785,132.3060913
37716,B-20-3-11_masks.tif,279,7273,501.5979797,177.1032829,54.05116716,3.276585729,0.952289642,-20.92867073,2292.60209,2568.576103,6513,0.895503919,205.2627106,196.9757385,153.0763092
37717,B-20-3-11_masks.tif,280,12346,994.8944443,362.2220905,44.92160467,8.063427235,0.992280125,48.59270292,4190.463551,2594.217884,3546,0.287218532,201.6864014,192.0609131,152.9063721
37718,B-20-3-11_masks.tif,281,8638,559.3553391,218.8455267,50.99401591,4.291592314,0.972473441,-19.35529245,97.70016207,2579.407849,7632,0.883537856,198.8668823,190.2315216,139.0131073
37719,B-20-3-11_masks.tif,282,10995,713.7401154,268.2798874,56.13639987,4.779071832,0.977863108,-21.02772097,2228.277035,2605.384902,151,0.013733515,237.6225128,237.7549744,210.6622467
37720,B-20-3-11_masks.tif,283,6331,482.1421356,212.0545688,40.28286556,5.264138135,0.981790937,4.087181832,220.244827,2586.597536,6017,0.95040278,206.9032745,198.7771301,161.0471954
37721,B-20-3-11_masks.tif,284,17757,1025.053824,387.5950403,62.452787,6.206208864,0.98693336,-71.60344277,2873.98074,2584.143324,10644,0.599425579,203.9368591,195.9347076,146.5754395
37722,B-20-3-11_masks.tif,285,8189,583.4558441,239.3839866,44.68428264,5.357230159,0.982423886,-7.553529762,2160.938088,2656.076566,7867,0.96067896,206.1996918,197.9172516,163.0817413
37723,B-20-3-11_masks.tif,286,16838,1072.124892,407.8343153,59.88144266,6.810696222,0.989162058,-72.35500264,2865.767312,2636.387813,10604,0.629766005,206.2857361,197.7488708,160.4528503
37724,B-20-3-11_masks.tif,287,6934,422.0416306,150.263188,59.85378174,2.510504494,0.917243778,-10.81855997,300.4056821,2633.488751,5978,0.862128641,200.5541992,191.4663696,142.5899963
37725,B-20-3-11_masks.tif,288,5512,447.9411255,171.0725198,41.88863946,4.083983678,0.969558708,25.23432062,3865.776125,2687.093795,4778,0.866835994,198.7314758,190.3972321,151.7478027
37726,B-20-3-11_masks.tif,289,11226,691.1126984,277.3776025,55.48408069,4.999228591,0.979789597,88.94826159,3075.80073,2651.328523,9021,0.803580973,201.4733429,194.0112,160.7957001
37727,B-20-3-11_masks.tif,290,5431,455.6984848,171.6295265,41.45859448,4.139781598,0.970386225,16.22851436,3913.735408,2703.286503,4312,0.793960597,202.6242981,197.8768616,156.3736115
37728,B-20-3-11_masks.tif,291,13421,852.8528137,316.8162381,54.58781231,5.803790713,0.985044315,-57.31024849,4070.111169,2724.077863,5790,0.431413457,197.7884216,188.5519867,131.665451
37729,B-20-3-11_masks.tif,292,6850,580.5685425,199.8049427,47.27711117,4.22625109,0.971603167,37.11925935,695.6950365,2736.975182,4554,0.664817518,192.4253387,182.1985016,146.0371094
37730,B-20-3-11_masks.tif,293,6827,434.9705627,180.9002938,48.83480292,3.704331399,0.96287315,1.080672442,3753.720961,2738.967629,5256,0.769884283,195.2802582,186.0270233,148.4071503
37731,B-20-3-11_masks.tif,294,12707,730.4264069,283.1182205,59.55249971,4.754094653,0.977627222,14.54716016,429.0137719,2790.353663,3869,0.304477847,197.322052,185.0883942,138.4631653
37732,B-20-3-11_masks.tif,295,6551,472.8700577,192.9331885,44.80128123,4.306421228,0.972665347,-4.325321784,3796.233857,2751.488628,5347,0.816211265,207.0267487,199.2176971,153.2883911
37733,B-20-3-11_masks.tif,296,10316,547.3553391,194.5100585,69.03507888,2.81755394,0.934897517,16.03492002,368.658007,2787.223052,5888,0.570763862,202.7374268,194.2749634,141.7335205
37734,B-20-3-11_masks.tif,297,18844,1039.982756,400.0964734,77.18629101,5.183517282,0.981214647,79.73743136,3058.078752,2783.822596,11475,0.608947145,196.0720673,183.5712433,142.9686279
37735,B-20-3-11_masks.tif,298,9850,546.1837662,201.3070891,63.25362491,3.182538382,0.949351984,22.83879982,514.3604061,2841.775939,7368,0.748020305,195.0822449,184.0202179,131.7217712
37736,B-20-3-11_masks.tif,299,6031,464.8700577,177.1373564,48.11223822,3.681752564,0.962407465,74.33562747,5368.295308,2781.537059,0,0,,,
37737,B-20-3-11_masks.tif,300,5289,436.1837662,164.6467921,41.65620605,3.952515309,0.967465377,34.9514831,1909.445264,2821.266591,5099,0.964076385,198.1141357,191.0594177,158.5636444
37738,B-20-3-11_masks.tif,301,5907,466.6690476,168.2053027,45.36319137,3.707968898,0.962947358,43.33862015,1875.183003,2844.740647,4401,0.745048248,196.6496277,186.462616,155.9313812
37739,B-20-3-11_masks.tif,302,8702,615.7401154,233.8854319,48.48041561,4.824328112,0.978281075,28.51200425,641.3194668,2914.242013,6711,0.771202023,191.3537445,181.2281342,145.4224396
37740,B-20-3-11_masks.tif,303,7016,445.5563492,181.1725362,52.88389022,3.425854933,0.956449472,-84.89682905,1706.441705,2934.53207,5668,0.807867731,199.3121033,193.113266,152.4160156
37741,B-20-3-11_masks.tif,304,6615,421.2132034,156.9109347,56.37827527,2.783180826,0.933221679,82.44708684,1843.50839,2936.387302,4967,0.750869237,196.3952026,186.0559692,149.3521271
37742,B-20-3-11_masks.tif,305,8812,788.8528137,271.6248383,46.95685742,5.784561685,0.984943957,-47.66286131,4249.064231,3020.422946,5548,0.629596005,198.218277,193.2353973,143.8165131
37743,B-20-3-11_masks.tif,306,3905,302.9705627,104.2360099,49.95183713,2.086730257,0.877695569,-3.094703775,4449.851729,3007.519078,2729,0.698847631,191.3722992,183.3774261,136.049469
37744,B-20-3-11_masks.tif,307,4903,505.5979797,188.5490628,35.10657462,5.370762167,0.98251313,-65.28713402,1727.727922,3000.616561,4878,0.994901081,198.6025085,191.2919159,162.4758148
37745,B-20-3-11_masks.tif,308,6207,450.5269119,168.8591922,48.14060331,3.507625176,0.958499808,24.64427314,449.6959884,3045.182536,5456,0.879007572,196.3509827,188.9913788,150.118042
37746,B-20-3-11_masks.tif,309,6956,490.7695526,185.453537,48.8141927,3.799172469,0.964737141,-68.33165543,1562.22858,3010.463629,6629,0.952990224,199.2059174,192.2365417,149.269577
37747,B-20-3-11_masks.tif,310,4640,384.1837662,129.84645,47.36990506,2.741116956,0.93108011,-38.52798064,4359.142457,3024.312931,3644,0.785344828,200.913559,191.7818298,127.8633347
37748,B-20-3-11_masks.tif,311,7254,523.0121933,195.6229966,48.60874965,4.024440003,0.968636571,24.81347824,422.152054,3087.916322,4555,0.627929418,199.9018707,189.7857361,149.1220703
37749,B-20-3-11_masks.tif,312,5961,378.9705627,140.0462573,57.28950113,2.444536163,0.912500513,-76.65886357,1856.617849,3027.86311,5041,0.845663479,199.1392517,191.6768494,148.1194153
37750,B-20-3-11_masks.tif,313,6461,446.1837662,159.0432998,54.91338916,2.89625722,0.93850222,-32.68090564,4374.35397,3074.887324,3547,0.548986225,208.2182159,196.6845245,145.8009644
37751,B-20-3-11_masks.tif,314,6389,424.3847763,170.3752164,49.08745319,3.470850601,0.957596173,2.701071114,674.5969635,3096.954296,6147,0.962122398,200.5809326,194.6940002,153.7486572
37752,B-20-3-11_masks.tif,315,13581,876.5685425,338.3056758,55.25541904,6.122579136,0.986571516,73.02227667,3433.954422,3073.123997,8700,0.640600839,195.5270081,186.8179321,145.7516022
37753,B-20-3-11_masks.tif,316,7253,484.8700577,184.626514,51.07714792,3.614659815,0.9609704,13.61150128,4526.762167,3123.192472,5280,0.727974631,193.7772675,189.5327606,145.5846558
37754,B-20-3-11_masks.tif,317,8361,512.4264069,172.9737832,62.82535402,2.753248046,0.931708324,-23.30829409,4412.070805,3118.791771,4401,0.526372443,201.7857361,192.9793243,135.9713745
37755,B-20-3-11_masks.tif,318,4830,421.2132034,176.1852664,37.45756314,4.703596594,0.977138604,7.941612138,638.2915114,3117.87764,4014,0.831055901,199.2239685,191.2401581,161.825119
37756,B-20-3-11_masks.tif,319,5020,450.2842712,180.427469,36.31278942,4.96870309,0.979537906,15.31441035,532.1312749,3136.29502,4250,0.846613546,189.5192871,179.1122284,153.4908295
37757,B-20-3-11_masks.tif,320,4847,400.627417,164.3981945,39.13336859,4.200972224,0.971255318,15.01459452,584.8731174,3142.613988,4715,0.97276666,196.935318,188.7493134,160.1942749
37758,B-20-3-11_masks.tif,321,7400,465.4558441,172.4642797,56.14660592,3.071677742,0.94552311,-84.3642186,1779.847973,3096.320946,7208,0.974054054,201.3786011,191.2832947,150.7108765
37759,B-20-3-11_masks.tif,322,6700,463.6984848,174.4676234,50.81801785,3.433184347,0.956639433,78.05737761,3361.323284,3110.183284,5017,0.74880597,199.0067749,188.5056763,150.5662689
37760,B-20-3-11_masks.tif,323,12280,987.2375901,353.1535379,51.41719684,6.868393448,0.989344356,51.10667092,2098.592997,3200.212134,10486,0.853908795,192.3023987,182.1180573,148.9286652
37761,B-20-3-11_masks.tif,324,6246,388.627417,147.0172683,54.78687395,2.683439622,0.927969542,80.61773957,3378.873839,3161.070445,4619,0.739513289,199.3399048,188.9458771,140.9815979
37762,B-20-3-11_masks.tif,325,4581,413.0121933,151.9315558,39.26430422,3.869457483,0.966028873,-39.45990082,1810.813796,3194.588081,4551,0.993451212,197.2575226,188.7554321,143.7945557
37763,B-20-3-11_masks.tif,326,5870,390.3847763,155.5334305,48.91667353,3.179558611,0.94925447,79.93431761,3193.569165,3167.787564,5594,0.952981261,196.6946716,190.2468719,149.4767609
37764,B-20-3-11_masks.tif,327,4909,415.5979797,148.7209373,42.57967646,3.492768138,0.958138274,-41.76263277,1840.424323,3232.67305,4576,0.93216541,200.8356628,192.0778046,143.6407318
37765,B-20-3-11_masks.tif,328,5401,508.3259018,195.8969218,36.54264986,5.360774946,0.98244733,-50.90949056,274.5673024,3242.105166,4942,0.915015738,192.0370331,184.1566162,141.8937683
37766,B-20-3-11_masks.tif,329,8664,634.2253967,238.8260039,47.14102645,5.066202878,0.980325749,53.59763546,2064.261542,3250.673707,6270,0.723684211,201.101593,193.4199371,166.3127594
37767,B-20-3-11_masks.tif,330,6364,446.3847763,191.2076868,44.25343002,4.320742748,0.972848778,81.97124142,3203.843338,3211.250943,5588,0.878064111,198.5590515,189.7294159,155.3117371
37768,B-20-3-11_masks.tif,331,8049,507.1126984,196.8089849,53.11729218,3.705177294,0.962890427,74.54967549,3583.08647,3244.078271,5423,0.673748292,188.6133118,176.9465179,138.9550018
37769,B-20-3-11_masks.tif,332,9295,667.3969696,252.0367145,48.74133012,5.170903499,0.981122003,59.49544825,2061.456052,3300.605164,3581,0.385260893,204.2789764,194.4521027,166.9142761
37770,B-20-3-11_masks.tif,333,7642,525.9411255,208.9677218,47.33280822,4.414860002,0.974009363,70.60863741,3399.716566,3295.504842,3402,0.445171421,191.120224,182.660202,142.9359131
37771,B-20-3-11_masks.tif,334,11466,884.8528137,340.9682973,46.89534893,7.270833998,0.990496796,56.96470945,3293.656114,3358.045875,6555,0.571690215,196.100235,188.3820038,156.0483551
37772,B-20-3-11_masks.tif,335,7689,705.1959595,267.5249705,39.0772031,6.846062392,0.98927435,-49.60657654,100.5818702,3353.497854,7229,0.940174275,194.8276367,186.990448,141.746994
37773,B-20-3-11_masks.tif,336,8990,552.627417,230.5080698,50.27389494,4.585044984,0.975926344,83.1281015,3594.769633,3300.035373,6914,0.769076752,195.0075226,185.9356384,145.5646515
37774,B-20-3-11_masks.tif,337,13207,787.9827561,266.1884227,68.74393879,3.872172985,0.96607734,66.9139651,3388.732415,3348.933899,5492,0.415840085,203.1349182,196.4242554,134.714859
37775,B-20-3-11_masks.tif,338,13665,975.2375901,373.4785729,49.39594447,7.560915716,0.991215177,48.99685538,3254.060154,3397.098719,5702,0.417270399,196.8384705,188.9442291,160.2628937
37776,B-20-3-11_masks.tif,339,12306,810.5685425,313.924016,52.99822877,5.923292594,0.985646038,-68.66149388,4206.287096,3340.782139,7699,0.625629774,200.517334,194.0803986,156.0623474
37777,B-20-3-11_masks.tif,340,7798,510.0832611,179.5041131,56.86596064,3.156617967,0.948494115,-58.57411399,168.4039497,3378.505642,7339,0.941138754,195.8084259,187.5404053,138.1020508
37778,B-20-3-11_masks.tif,341,13826,1059.137085,373.4012041,54.06384632,6.906671084,0.989462766,48.27362212,3205.881528,3428.665485,7677,0.555258209,200.1642609,190.0768585,160.9593658
37779,B-20-3-11_masks.tif,342,10227,866.4680374,307.7498531,44.90346209,6.853588538,0.989298021,-67.69332212,4223.609172,3380.314951,7734,0.7562335,203.1128845,193.158783,156.2929993
37780,B-20-3-11_masks.tif,343,7898,511.254834,187.9623901,54.65534745,3.439048489,0.956790517,59.79566736,404.9068119,3402.643074,6089,0.770954672,191.305954,182.1489563,153.8661499
37781,B-20-3-11_masks.tif,344,8974,603.9411255,231.8632432,50.62013705,4.58045467,0.975877472,-76.15015367,1955.231112,3392.090484,7519,0.837864943,197.725235,190.3790436,155.5756073
37782,B-20-3-11_masks.tif,345,14948,961.7228714,340.6893377,57.12629046,5.963792413,0.985841725,44.90743666,3180.211333,3473.235282,7460,0.49906342,203.6938324,193.7225189,163.3841858
37783,B-20-3-11_masks.tif,346,14894,912.3675324,330.3997801,59.62014223,5.5417476,0.983584435,-64.02644168,4248.38492,3425.417551,6250,0.419632067,202.2068787,193.5732727,157.917923
37784,B-20-3-11_masks.tif,347,10035,610.7695526,243.0337021,53.49566036,4.543054529,0.975473654,-15.34696886,3546.380468,3502.574489,7797,0.776980568,203.7047577,197.7161713,158.1240234
37785,B-20-3-11_masks.tif,348,9912,656.7695526,261.8733353,49.79587999,5.258935787,0.981754558,-14.86666928,3496.087571,3514.629843,8290,0.836359968,203.4107361,197.2926483,167.3044586
37786,B-20-3-11_masks.tif,349,15451,983.4386002,351.21226,58.98892601,5.953867678,0.985794144,-64.14433196,4255.149246,3481.937933,10632,0.688110802,200.8953094,192.364563,154.550415
37787,B-20-3-11_masks.tif,350,9283,566.5269119,220.4234674,54.401321,4.051803584,0.969065502,-82.01537523,1976.552946,3438.986104,2066,0.222557363,192.252655,181.0551758,151.7768707
37788,B-20-3-11_masks.tif,351,6801,461.9411255,172.5181778,51.0328699,3.380530591,0.955246317,66.90943856,366.7259227,3459.254963,5458,0.80252904,191.5368195,186.010437,150.3136749
37789,B-20-3-11_masks.tif,352,5833,458.4264069,165.3848671,45.67582499,3.620840284,0.961106221,-52.68548683,2075.483113,3488.080747,5264,0.902451569,197.8316803,189.7942657,148.7731781
37790,B-20-3-11_masks.tif,353,4280,387.6984848,142.204741,40.98891413,3.469346383,0.95755858,-56.20741808,49.40116822,3497.133645,3559,0.831542056,198.697113,196.4411316,164.9317169
37791,B-20-3-11_masks.tif,354,6453,501.5979797,196.5066526,45.77700221,4.292693778,0.972487766,-62.28200424,2082.851852,3532.245777,3388,0.525027119,200.8538971,193.3615723,152.99646
37792,B-20-3-11_masks.tif,355,5408,468.4264069,164.2840924,44.39707082,3.700336293,0.962791388,-54.32149644,57.50055473,3549.737611,850,0.157174556,208.8505859,204.2647095,166.6482391
37793,B-20-3-11_masks.tif,356,5209,444.6690476,164.1583235,41.34383858,3.970563187,0.967765387,-44.54784262,1936.26435,3554.755999,4619,0.886734498,192.911026,185.0655975,145.4128571
37794,B-20-3-11_masks.tif,357,6202,410.3847763,156.7619474,53.70985699,2.918681155,0.939473891,4.140660676,1512.785876,3582.538536,5412,0.872621735,197.189209,187.7847443,144.2001038
37795,B-20-3-11_masks.tif,358,3741,520.9116882,202.573215,26.93505448,7.520802129,0.991120795,-51.59876144,69.49665865,3582.921946,3595,0.960973002,187.2981873,177.0695343,148.7624512
37796,B-20-3-11_masks.tif,359,4986,346.3847763,123.1542102,54.7185754,2.250683781,0.895873396,-3.549022958,1456.361813,3595.849378,4398,0.882069795,201.8910828,192.4176941,151.5216064
37797,B-20-3-11_masks.tif,360,4463,385.1126984,133.3610685,47.20333713,2.825246616,0.935263816,-40.7680927,4198.990813,3606.348644,3336,0.747479274,189.2080383,181.8786011,132.2736816
37798,B-20-3-11_masks.tif,361,10473,557.9411255,210.0908274,65.86376633,3.189778524,0.949587741,79.37805241,710.3827939,3594.994557,7655,0.730927146,193.1542816,183.8875275,146.5252838
37799,B-20-3-11_masks.tif,362,2648,300.8700577,102.6678985,35.67513814,2.877855668,0.937687045,-53.94630244,96.42069486,3617.986027,2140,0.8081571,197.031311,192.2827148,157.7266388
37800,B-20-3-11_masks.tif,363,4664,512.9705627,221.3781199,29.19179409,7.583573631,0.991267823,89.86101659,585.1127787,3630.912736,1969,0.422169811,187.7877045,179.9177246,154.9045258
37801,B-20-3-12_masks.tif,1,3400,324.3847763,114.9618043,42.22629491,2.722516967,0.930099695,15.73827398,4336.385294,46.43352941,80,0.023529412,220.8500061,212.1875,222.8500061
37802,B-20-3-12_masks.tif,2,1268,187.8994949,63.30784425,32.56436636,1.944083405,0.857561635,-67.71617766,3349.231861,18.95662461,0,0,,,
37803,B-20-3-12_masks.tif,3,12518,749.882251,263.7431067,62.59678774,4.213364873,0.971426645,27.76235538,3788.099617,135.5405017,10000,0.798849656,207.3668976,200.975296,154.264801
37804,B-20-3-12_masks.tif,4,3779,301.7989899,94.67531223,53.53659167,1.76842248,0.824764933,15.23685379,3790.922996,44.2154009,1758,0.465202435,204.1495972,195.8504028,142.5517578
37805,B-20-3-12_masks.tif,5,7865,624.5685425,209.296229,51.49855009,4.064118865,0.969255666,43.77259581,4228.343929,68.04869676,5349,0.680101716,200.248642,199.9886017,151.399704
37806,B-20-3-12_masks.tif,6,4933,490.4264069,180.4175152,40.52629235,4.451863339,0.974445273,31.69252151,4308.451652,64.94040138,1028,0.208392459,189.9367676,192.8054504,138.2966919
37807,B-20-3-12_masks.tif,7,19487,1146.308658,435.1506698,64.16955989,6.781263118,0.989067252,58.91955438,4562.642941,110.3358649,6536,0.335403089,190.4231873,190.0642548,144.1578979
37808,B-20-3-12_masks.tif,8,13187,804.7106781,287.7657799,65.39612584,4.400349046,0.973835356,32.11467924,3738.319633,159.3796921,7509,0.569424433,194.7723999,192.3056335,136.8013
37809,B-20-3-12_masks.tif,9,10550,706.3675324,250.503751,54.2576195,4.616932207,0.976261759,-38.50349083,3564.791374,120.0719431,7528,0.713554502,209.2940979,202.2271576,145.2268829
37810,B-20-3-12_masks.tif,10,12759,936.7106781,360.9283618,50.94660385,7.084443997,0.989987602,19.20332125,3984.735324,181.6618074,9407,0.737283486,213.0340118,208.3277283,171.5114288
37811,B-20-3-12_masks.tif,11,10891,716.6690476,284.5750746,50.25182784,5.662979574,0.984285307,17.65054771,4023.116426,169.6751446,9589,0.880451749,207.9201202,202.0430756,161.0498505
37812,B-20-3-12_masks.tif,12,11425,657.9411255,265.3176726,56.15399216,4.724822981,0.977345929,11.85299726,3928.774442,178.4731729,10382,0.908708972,208.0414124,202.6332092,159.9479828
37813,B-20-3-12_masks.tif,13,9417,613.6984848,262.1363031,49.07395253,5.341658652,0.98232034,9.399511551,3881.583201,184.5412552,6691,0.710523521,196.3936615,190.1206055,137.0878754
37814,B-20-3-12_masks.tif,14,15565,864.8528137,307.0887783,71.39080309,4.301517352,0.972602108,45.29162191,4247.986508,179.5927401,12296,0.789977514,209.052124,203.2908325,170.9729919
37815,B-20-3-12_masks.tif,15,10396,646.8700577,276.7770227,52.4310124,5.27888,0.981893433,-3.997473131,482.0565602,222.8710081,4630,0.445363601,193.9025879,182.439743,116.9835815
37816,B-20-3-12_masks.tif,16,12942,819.0954544,301.0104706,56.3959592,5.337447485,0.98229218,44.93917078,4208.883712,214.0720136,7835,0.605393293,198.3572388,195.3694916,152.3221436
37817,B-20-3-12_masks.tif,17,10180,831.6812409,309.483699,46.78004607,6.61572027,0.988510055,-40.28667887,1723.198625,226.7715128,5838,0.573477407,207.3814697,197.1605072,155.6620483
37818,B-20-3-12_masks.tif,18,12916,798.2842712,304.9187529,55.96600643,5.448284992,0.983011496,-2.558016873,1892.177996,279.5188913,5441,0.421260452,210.252533,206.33284,156.4681091
37819,B-20-3-12_masks.tif,19,8580,687.2964646,242.9785575,47.862056,5.076642705,0.980407391,-38.14249727,1770.248951,239.3997669,358,0.041724942,226.8407745,220.3966522,171.8798828
37820,B-20-3-12_masks.tif,20,10919,808.2670273,295.8403057,51.02138449,5.798359034,0.985016069,45.40688459,4189.159996,266.8784687,5796,0.53081784,208.5343323,199.125946,160.2229156
37821,B-20-3-12_masks.tif,21,9813,604.9116882,216.5651856,58.69535623,3.689647692,0.962571299,-29.82358722,584.0902884,251.2675023,7253,0.739121573,199.8028412,190.5120697,122.3303452
37822,B-20-3-12_masks.tif,22,13391,886.0243866,323.3505894,68.67733666,4.708257557,0.977184373,42.68101429,4153.347472,290.2258233,6352,0.474348443,206.4748077,202.658844,150.6760101
37823,B-20-3-12_masks.tif,23,16464,847.8406204,330.4929118,66.40779472,4.97671867,0.979604451,78.99818276,3271.143525,218.985119,10022,0.60872206,200.983429,197.2428589,148.3958282
37824,B-20-3-12_masks.tif,24,13203,938.8111832,359.4583749,53.06178211,6.774336643,0.98904476,21.43434305,5239.032947,360.9216087,3969,0.300613497,195.1609955,191.2446442,154.4681244
37825,B-20-3-12_masks.tif,25,14639,1062.894444,407.9244411,53.97346928,7.557869572,0.991208063,36.29379633,3210.975681,356.0071043,10042,0.685975818,205.0514832,200.5478973,165.4698334
37826,B-20-3-12_masks.tif,26,16003,1026.551299,363.6470371,57.24445755,6.352528309,0.98753212,42.7708236,3161.943636,370.072174,9429,0.589202025,201.2914429,194.1862335,150.8034821
37827,B-20-3-12_masks.tif,27,16395,883.0538239,336.1509382,64.11962367,5.242559437,0.981639324,-67.97133474,4524.450869,321.3776151,6307,0.384690454,207.2199097,203.0827637,137.678299
37828,B-20-3-12_masks.tif,28,17565,1121.03658,393.0970063,59.60419492,6.595123159,0.988437755,-47.15201987,4856.586792,394.0993453,7341,0.41793339,211.7150269,204.6866913,163.0704193
37829,B-20-3-12_masks.tif,29,17239,1027.722871,377.5252649,62.54452054,6.036104549,0.986181287,44.96802477,3322.201114,399.6257324,8653,0.501943268,195.150589,190.9266205,144.4081879
37830,B-20-3-12_masks.tif,30,14902,919.9827561,350.2019712,58.48781654,5.987605487,0.985954919,74.43173279,3694.159106,316.0699906,8050,0.540195947,202.5209961,196.9822388,156.7453461
37831,B-20-3-12_masks.tif,31,14195,858.3675324,296.5076241,65.22203055,4.546126847,0.975507209,58.68255987,3883.358859,346.1463191,8138,0.573300458,201.2774658,194.5458374,139.2957764
37832,B-20-3-12_masks.tif,32,13410,891.5807358,333.4900003,54.55982365,6.112373135,0.986526328,52.24706166,3436.748844,369.8321402,8973,0.669127517,202.0891571,195.6743622,148.0143738
37833,B-20-3-12_masks.tif,33,8248,547.1126984,203.4117623,55.63928354,3.655901898,0.961863382,-4.373176183,1076.569471,399.9232541,6568,0.796314258,198.1379395,191.5391235,138.8544464
37834,B-20-3-12_masks.tif,34,11033,647.7401154,230.0462573,62.51226216,3.680018117,0.962371328,63.89397275,3557.5818,362.2897671,8199,0.743134234,198.0596466,194.2575989,137.6722717
37835,B-20-3-12_masks.tif,35,13216,1017.480231,360.2196426,50.99751413,7.06347454,0.989927763,-53.75580521,4914.142327,415.875454,8860,0.670399516,211.9564362,205.9337463,161.1844177
37836,B-20-3-12_masks.tif,36,10567,787.7817459,259.5888029,59.17641432,4.386693684,0.973670001,54.38449857,3406.839784,402.5382795,7668,0.725655342,204.9391022,201.992569,156.5458984
37837,B-20-3-12_masks.tif,37,8958,621.3553391,257.1948124,45.25171679,5.68364762,0.984400293,15.41509939,5224.408908,435.3554365,5838,0.651707971,204.335556,204.7197723,152.5152435
37838,B-20-3-12_masks.tif,38,9128,574.4264069,221.8865788,53.69827009,4.132099199,0.970274318,70.89049204,3716.036372,378.772787,7327,0.802695004,203.4261017,199.2707825,151.5553436
37839,B-20-3-12_masks.tif,39,16796,981.0954544,348.7043333,68.48240436,5.091882164,0.980525656,-57.36419963,5003.239343,434.9853537,9539,0.567932841,210.3935394,203.4562378,141.9911957
37840,B-20-3-12_masks.tif,40,14024,1058.811183,414.6724627,47.06479071,8.810672615,0.993538143,-13.6288509,4265.854036,525.7267541,5135,0.366158015,209.3883209,206.1094513,153.3088531
37841,B-20-3-12_masks.tif,41,19817,1205.865007,417.2216729,72.45179876,5.758610277,0.984806901,52.32065971,3177.581218,476.9974769,8399,0.423828026,203.0841827,199.7041321,151.7455597
37842,B-20-3-12_masks.tif,42,18019,967.8233765,342.6461148,68.72601896,4.985682569,0.979678485,44.58520386,2049.027416,486.2385815,9409,0.522171042,197.2243652,191.0319977,134.2634735
37843,B-20-3-12_masks.tif,43,11449,674.3847763,298.0085158,50.72634408,5.874827394,0.98540647,-1.117570033,4061.448685,568.7191894,9229,0.806096602,204.6625824,198.2706757,150.4927979
37844,B-20-3-12_masks.tif,44,14621,769.7401154,293.0444093,64.31193024,4.556610386,0.975621188,-71.09329119,3605.162848,496.7828466,11181,0.764721975,209.6688995,203.2171478,155.3370972
37845,B-20-3-12_masks.tif,45,9224,542.9705627,233.3929073,51.47023948,4.534521495,0.975380094,-1.058714032,4014.02732,557.0570252,8914,0.966392021,208.2060852,201.1355133,152.7609406
37846,B-20-3-12_masks.tif,46,9747,590.7695526,228.0024649,55.66358079,4.096079729,0.969741035,12.85825984,3958.665948,591.6215246,6504,0.667282241,206.9591064,201.7959747,154.7921295
37847,B-20-3-12_masks.tif,47,8256,515.3553391,183.4077633,59.35778409,3.089868771,0.946180863,-64.72197843,3653.383479,544.7554506,5967,0.722747093,209.4223175,204.825882,155.5002441
37848,B-20-3-12_masks.tif,48,20571,1302.450793,468.7553774,65.5686134,7.14908175,0.990168731,-57.93861152,2660.825823,667.0315493,9721,0.472558456,211.4600372,204.781601,159.5586853
37849,B-20-3-12_masks.tif,49,6967,521.8406204,192.8947412,47.20052162,4.086707827,0.969599915,-61.53609234,2641.513133,571.7140807,5906,0.847710636,206.7627869,201.7223206,160.5570679
37850,B-20-3-12_masks.tif,50,21261,1087.59798,457.0500411,69.9751583,6.531604246,0.988210431,-89.43702653,5043.594939,572.4575044,7754,0.364705329,198.3267975,192.818161,134.2176971
37851,B-20-3-12_masks.tif,51,10251,710.7695526,277.692475,51.28274177,5.414930354,0.982799725,-8.14341034,2032.057946,735.6898839,4455,0.434591747,203.306839,197.2700348,151.3162689
37852,B-20-3-12_masks.tif,52,20342,1037.112698,440.8902182,62.41048785,7.064361029,0.989930304,-89.79181816,5047.576246,622.2604955,7995,0.393029201,203.8300171,198.8006287,134.650528
37853,B-20-3-12_masks.tif,53,16484,1072.852814,407.5760804,62.06436647,6.566990103,0.988337891,66.12608556,3036.51826,675.8958991,8059,0.488898326,194.2345276,191.0167542,144.3957062
37854,B-20-3-12_masks.tif,54,19139,1244.894444,424.7888782,67.63438831,6.280664153,0.987243316,-31.4902776,4060.602592,813.6754271,9027,0.471654736,208.441452,202.793396,137.8238678
37855,B-20-3-12_masks.tif,55,11649,937.0954544,333.0902472,48.75422515,6.832028325,0.989230001,-57.41429061,2652.366469,745.0098721,7942,0.68177526,208.8792419,201.4759521,142.5830994
37856,B-20-3-12_masks.tif,56,10751,846.7106781,302.3534001,47.5702874,6.35592965,0.987545544,-25.37229017,2824.723933,818.8690354,8360,0.777602084,209.9212952,202.1979675,154.4082489
37857,B-20-3-12_masks.tif,57,20262,1041.497475,446.6278528,59.634535,7.489416206,0.991045882,10.4229627,4298.340983,869.8160596,8045,0.397048663,194.8786774,189.2115631,132.9082642
37858,B-20-3-12_masks.tif,58,13462,858.9116882,352.6404917,59.75699379,5.901242169,0.98553778,-14.04480415,4994.636532,830.62643,5222,0.3879067,198.5143585,193.2868652,152.6185303
37859,B-20-3-12_masks.tif,59,14884,870.1837662,344.9700267,60.14991408,5.735170731,0.984681492,-7.032689269,2754.384776,846.7571889,8987,0.603802741,207.9263306,198.8928528,160.0133514
37860,B-20-3-12_masks.tif,60,7937,582.2842712,230.9195009,45.16119546,5.113228259,0.980689513,-7.261682156,4959.570115,801.3017513,4472,0.563437067,205.9742889,203.1042023,156.3732147
37861,B-20-3-12_masks.tif,61,10575,708.7695526,307.4297099,47.98901944,6.406251128,0.987741646,-9.428212874,3908.074326,864.4256265,3198,0.302411348,214.5153198,207.3089447,149.7798615
37862,B-20-3-12_masks.tif,62,5525,517.6984848,216.2182193,34.48725111,6.269511555,0.987197596,-15.12987281,2873.08,847.4106787,4631,0.838190045,209.3815613,200.288269,165.8473358
37863,B-20-3-12_masks.tif,63,8372,615.1126984,258.84802,41.99631654,6.163588651,0.986750811,-13.40728243,2902.464644,865.7799809,6816,0.814142379,207.5927277,199.6732635,159.8917236
37864,B-20-3-12_masks.tif,64,7998,561.1126984,223.8310045,50.22202925,4.456829161,0.974502932,-11.97647124,3841.366967,860.6284071,4533,0.566766692,212.4142914,204.2128906,168.1281738
37865,B-20-3-12_masks.tif,65,14160,910.6101731,335.7203577,57.45056553,5.843638868,0.985249109,-27.41429834,2935.684675,947.6207627,10981,0.77549435,210.021225,202.6453857,148.7884521
37866,B-20-3-12_masks.tif,66,8679,655.0121933,260.0524344,45.65661416,5.695832666,0.984467493,-71.76987317,3634.816338,847.0485079,6389,0.736144717,206.9477234,200.8851166,155.3315125
37867,B-20-3-12_masks.tif,67,8710,738.9533188,267.6525321,44.09030944,6.070552362,0.986338755,-54.05305237,3657.993685,897.9071183,5324,0.611251435,209.1271667,201.2578888,141.2081146
37868,B-20-3-12_masks.tif,68,6733,615.9827561,230.4017968,39.40456382,5.847084057,0.985266617,34.22876181,68.51180752,943.8263775,5938,0.881924848,193.3843079,185.1018829,143.1657104
37869,B-20-3-12_masks.tif,69,4136,415.3553391,151.2726296,37.71830768,4.010588994,0.968416025,36.10680236,45.3737911,1000.722437,3991,0.964941973,193.384613,187.9481354,146.0172882
37870,B-20-3-12_masks.tif,70,17056,1090.894444,402.4057097,59.11984598,6.806609576,0.989148969,51.07404709,5247.153788,1106.689493,5905,0.346212477,195.4176178,191.7204132,146.3505554
37871,B-20-3-12_masks.tif,71,11417,706.9533188,250.1507724,61.43400375,4.071861789,0.969374325,-41.83015545,1578.146886,1093.489796,5285,0.462906193,203.0955505,193.3443756,151.5608368
37872,B-20-3-12_masks.tif,72,12209,859.5807358,302.6727732,52.68588948,5.744854574,0.984733492,-44.25095485,1620.275125,1119.335081,4188,0.343025637,204.9582214,198.0105133,152.7485657
37873,B-20-3-12_masks.tif,73,6318,518.9116882,195.0938387,42.6071593,4.578898051,0.975860866,-32.52969024,220.5099715,1136.450459,5876,0.930041152,196.163208,188.3333893,136.0357361
37874,B-20-3-12_masks.tif,74,12516,900.7106781,333.6723851,50.81657265,6.56621192,0.988335111,-22.61476046,2566.383909,1242.891898,8732,0.697666986,203.5923004,195.1024933,139.097229
37875,B-20-3-12_masks.tif,75,5601,514.1837662,209.8163521,36.69770415,5.71742448,0.984585505,-19.07018091,267.6838065,1177.552758,5309,0.947866452,196.4784393,187.4349213,129.7214203
37876,B-20-3-12_masks.tif,76,13570,885.5979797,376.7832078,48.99046909,7.690949174,0.991510983,-9.541344262,5060.441783,1287.708622,5334,0.393072955,210.5597992,202.8901367,158.7877808
37877,B-20-3-12_masks.tif,77,14651,905.254834,382.783722,51.29687216,7.46212597,0.990979971,-9.014207136,5106.072964,1309.375128,4979,0.339840284,211.7154083,202.3211517,169.6093597
37878,B-20-3-12_masks.tif,78,10479,711.3553391,283.6334419,51.06392953,5.554477388,0.983660216,-8.219849049,5149.534593,1297.585934,6658,0.63536597,206.5780945,200.6079865,146.7937775
37879,B-20-3-12_masks.tif,79,15688,913.9238816,311.074991,66.77175667,4.658780996,0.976691381,51.47676041,5300.192568,1254.734001,7628,0.486231515,191.2578583,186.1194305,130.660202
37880,B-20-3-12_masks.tif,80,12685,839.0954544,296.7952168,56.25036564,5.276325112,0.981875732,-50.77598411,2643.701537,1324.107923,6820,0.537642885,209.1429596,203.0431061,152.0799103
37881,B-20-3-12_masks.tif,81,14952,971.9238816,344.9912068,64.45921531,5.352085115,0.982389774,-49.03527803,2690.049024,1355.011102,11153,0.745920278,210.4166565,203.1593323,154.4174652
37882,B-20-3-12_masks.tif,82,3146,251.5563492,77.26882477,52.731442,1.465327362,0.730940345,-10.19666469,187.1900826,1278.164336,0,0,,,
37883,B-20-3-12_masks.tif,83,14101,770.1248917,256.8280471,74.56972458,3.444132972,0.956920871,46.84183183,5356.703922,1371.564995,6315,0.447840579,198.1217804,195.7219391,124.4774323
37884,B-20-3-12_masks.tif,84,14237,654.0832611,202.7381841,98.7726218,2.052574695,0.873294333,44.82797577,5246.681042,1348.752546,146,0.010254969,203.3835602,185.6712341,183.4520569
37885,B-20-3-12_masks.tif,85,13511,779.1543289,297.2802413,61.5680426,4.828482907,0.97831885,-69.88659148,3271.372807,1325.114647,4157,0.307675228,212.9439545,205.2475281,160.6928101
37886,B-20-3-12_masks.tif,86,21339,1238.450793,449.4167753,69.25965236,6.488868483,0.988053685,-34.45518126,4840.971226,1444.128731,12915,0.605229861,208.9033661,201.3475037,149.5538483
37887,B-20-3-12_masks.tif,87,19334,1006.284271,428.1097052,59.37560925,7.210194735,0.990335493,-87.88830192,1998.738233,1312.852488,7593,0.392727837,197.7792664,192.4157715,136.2768402
37888,B-20-3-12_masks.tif,88,20284,1130.551299,408.4884346,68.15458716,5.993557465,0.985982998,-35.48418499,4884.643759,1471.761142,10957,0.540179452,208.6638641,200.3634186,151.5771637
37889,B-20-3-12_masks.tif,89,8318,566.6690476,195.380901,57.35792071,3.406345602,0.955937658,-70.09905414,3328.61433,1358.043039,6600,0.793459966,212.6927338,206.5759125,169.4642487
37890,B-20-3-12_masks.tif,90,6877,471.3553391,170.2516002,52.83164426,3.222530788,0.950633753,-20.99832065,2161.299549,1429.197179,5224,0.759633561,205.1037445,197.7641602,154.4980927
37891,B-20-3-12_masks.tif,91,21264,1070.325902,425.6756709,71.43857517,5.958624874,0.985816981,-8.319015732,2772.564381,1567.293266,11386,0.535458992,206.9625854,198.8974152,148.5641174
37892,B-20-3-12_masks.tif,92,11791,736.6690476,289.6026013,54.55135692,5.308806556,0.982098852,-72.92380992,3327.697396,1420.081842,9629,0.81663981,204.986908,199.3136292,156.5964203
37893,B-20-3-12_masks.tif,93,6956,476.0832611,156.8852184,58.26645283,2.692547955,0.92847479,-45.04710449,1698.542984,1437.126509,6070,0.872627947,204.6693573,197.9314728,157.4973602
37894,B-20-3-12_masks.tif,94,12573,817.254834,330.4458382,56.20536688,5.879257739,0.985428619,-7.876116541,2098.7979,1523.379782,6937,0.551737851,206.1336365,196.5361176,149.3893585
37895,B-20-3-12_masks.tif,95,18883,1031.497475,414.6599492,67.73883989,6.12145041,0.98656653,-6.706002438,2696.572949,1582.959858,11326,0.599798761,204.5835266,195.9649506,152.410202
37896,B-20-3-12_masks.tif,96,11830,724.5685425,269.0715532,57.65748787,4.666723493,0.976771596,65.24070464,5325.936602,1455.866526,6871,0.580811496,202.9564819,197.6900024,155.8630524
37897,B-20-3-12_masks.tif,97,13990,847.2964646,322.0295272,60.71748434,5.303736323,0.982064297,64.36917001,5296.932237,1494.989064,5668,0.405146533,194.9481354,192.7148895,146.1457367
37898,B-20-3-12_masks.tif,98,12298,775.7817459,271.5808267,59.10374618,4.594984993,0.976031663,-39.6645506,1697.513905,1522.48764,9149,0.743942104,208.4029999,201.6102295,149.1090851
37899,B-20-3-12_masks.tif,99,21301,1106.651804,397.3493623,70.91755227,5.602976267,0.983944162,-30.39603241,5057.529224,1601.099103,7272,0.341392423,201.3125763,192.9939423,124.1676331
37900,B-20-3-12_masks.tif,100,12387,776.8528137,285.0850483,57.96308676,4.918389691,0.979112637,-41.21075627,1480.116977,1560.255671,8876,0.716557681,204.6769867,197.0470886,153.5775146
37901,B-20-3-12_masks.tif,101,12601,821.6812409,292.6652489,59.66736174,4.904947033,0.978996761,-40.81439364,1524.334497,1580.90961,7850,0.622966431,205.6663666,196.0940094,148.3089142
37902,B-20-3-12_masks.tif,102,25966,1245.39697,510.8255679,72.11842332,7.083149413,0.989983924,-7.901366203,4927.826234,1737.977201,7992,0.307787106,202.8868866,198.5385437,129.7163391
37903,B-20-3-12_masks.tif,103,12129,717.5391052,259.4733218,60.96942062,4.255794449,0.972001715,-43.05747624,5140.559073,1604.402919,6385,0.526424272,200.9614716,194.7041473,139.8689117
37904,B-20-3-12_masks.tif,104,10062,629.254834,246.1829968,53.98558311,4.560161855,0.97565962,-65.99254321,1842.7097,1573.769926,8403,0.835122242,204.6125183,200.6611938,162.0047607
37905,B-20-3-12_masks.tif,105,8796,682.9533188,244.1482538,46.96824177,5.198156129,0.981321308,-40.36189718,3568.095612,1630.511255,6929,0.787744429,207.4026489,199.9054718,148.017746
37906,B-20-3-12_masks.tif,106,13776,802.9116882,315.044211,61.17183151,5.150151682,0.980968085,16.03696798,3843.070195,1696.269309,9648,0.700348432,202.0860291,194.4133453,146.0429077
37907,B-20-3-12_masks.tif,107,9051,650.9116882,254.5889975,46.2054087,5.509939305,0.983392753,-64.45836091,1868.287151,1609.801348,7254,0.801458402,206.8598022,202.5410767,161.3701477
37908,B-20-3-12_masks.tif,108,16011,914.1248917,350.5082012,58.9791207,5.942920089,0.985741379,24.09461951,3784.293798,1718.052526,11292,0.70526513,208.2842712,199.2980042,163.7953491
37909,B-20-3-12_masks.tif,109,12968,912.1665222,316.8158883,54.37006524,5.827027922,0.985164255,-37.99775665,3572.59909,1697.198411,8942,0.689543492,209.1792603,201.8170471,146.2895355
37910,B-20-3-12_masks.tif,110,11752,790.5685425,301.9748536,57.28348228,5.271586879,0.981842834,23.19330189,3747.412866,1750.819265,7423,0.631637168,199.4174805,189.2828979,148.6820679
37911,B-20-3-12_masks.tif,111,17610,851.3553391,343.1079509,66.80502643,5.13596011,0.980861735,5.484671214,1968.053322,1777.610221,11192,0.635547984,201.8865204,191.9965973,141.5445862
37912,B-20-3-12_masks.tif,112,20772,1086.468037,427.9968388,81.45307416,5.254520387,0.981723596,14.55220053,4025.922203,1803.883978,7720,0.37165415,199.976944,192.5566101,150.3155365
37913,B-20-3-12_masks.tif,113,18597,1096.911688,451.9936314,71.23293549,6.345289974,0.987503478,-4.088474274,4112.439372,1854.93585,9521,0.511964295,205.8175659,199.0553589,153.4272614
37914,B-20-3-12_masks.tif,114,17445,1094.852814,434.0399084,80.9585967,5.361257805,0.98245052,24.09168764,5259.842706,1830.924162,7233,0.414617369,206.315506,201.2391815,157.863266
37915,B-20-3-12_masks.tif,115,13802,769.7817459,279.5235044,66.05105207,4.231931144,0.971680454,38.04286758,5362.470439,1763.292204,3579,0.259310245,190.2785645,187.926239,129.8259277
37916,B-20-3-12_masks.tif,116,15543,941.1126984,393.1450586,54.69607355,7.187811355,0.990274911,0.820627747,3914.007528,1863.121019,4980,0.320401467,196.8369446,186.971283,154.1004028
37917,B-20-3-12_masks.tif,117,10860,834.6101731,307.5611487,46.33116394,6.638321218,0.988588611,57.45347389,1701.476703,1764.446961,358,0.032965009,235.5,214.5949707,204.6033478
37918,B-20-3-12_masks.tif,118,14606,857.1959595,312.5305644,60.99915176,5.123523121,0.980767797,59.61770937,129.6445296,1773.564083,5982,0.409557716,187.810257,179.6573029,126.0255737
37919,B-20-3-12_masks.tif,119,12499,770.0243866,285.0040873,57.70961483,4.938589317,0.979284956,50.7235863,1555.402352,1778.841667,8724,0.697975838,195.9668732,190.0114594,152.7309723
37920,B-20-3-12_masks.tif,120,8886,658.6690476,254.2122028,46.57294652,5.458366321,0.983074732,23.65059515,5288.234189,1819.002251,5320,0.598694576,202.318985,199.1146545,159.9125977
37921,B-20-3-12_masks.tif,121,13476,812.0243866,286.5362621,65.55867572,4.370684107,0.973474125,50.56236512,1522.413624,1816.084817,9399,0.697462155,200.0308533,191.2374725,157.4859009
37922,B-20-3-12_masks.tif,122,7229,549.1126984,217.5497131,43.98808116,4.945651353,0.979344697,13.56466307,1916.572555,1811.518744,6456,0.893069581,207.4146576,197.3785553,167.7538757
37923,B-20-3-12_masks.tif,123,13312,856.9116882,345.2937329,59.43615981,5.809489273,0.985073863,16.97528914,3978.988957,1872.029672,2316,0.173978365,210.1437836,207.4732361,148.986618
37924,B-20-3-12_masks.tif,124,8517,537.3553391,209.5595563,54.49251829,3.845657402,0.965599578,18.96472637,1872.965011,1812.142304,4142,0.486321475,194.4587097,181.3160248,160.1163635
37925,B-20-3-12_masks.tif,125,16533,831.1126984,356.5653189,59.81634756,5.961001189,0.985828368,-1.588555753,5004.532148,1913.270187,6733,0.407246114,196.0579224,190.2377777,142.3332825
37926,B-20-3-12_masks.tif,126,13867,907.6984848,376.8302436,50.83490411,7.412824914,0.990859036,3.406183415,1429.12591,1934.113074,6602,0.476094325,198.4615326,191.4825745,145.0525665
37927,B-20-3-12_masks.tif,127,11023,758.9533188,278.9302247,53.55838305,5.207965754,0.981392274,50.89744029,1796.897396,1878.649823,7047,0.639299646,206.6818542,198.4311066,162.1101227
37928,B-20-3-12_masks.tif,128,12201,739.5391052,258.8043148,62.28822195,4.154947865,0.970605289,-37.99692457,2067.896812,1912.778297,8075,0.661830997,205.6895294,197.570282,145.8120117
37929,B-20-3-12_masks.tif,129,13395,786.2253967,284.7045006,67.38606334,4.224976003,0.971585774,63.66038654,1562.292796,1906.735797,8567,0.639567003,201.947937,194.0445862,159.6158447
37930,B-20-3-12_masks.tif,130,12423,756.6101731,273.1185661,59.25706436,4.609046518,0.976179469,49.26423615,1770.997666,1918.675038,4590,0.369475972,201.2477112,187.5037079,149.3533783
37931,B-20-3-12_masks.tif,131,8563,604.2842712,241.4533025,48.03772233,5.026327036,0.980009147,76.21548447,130.2697653,1869.932734,5924,0.691813617,192.7148895,187.3462219,149.5314026
37932,B-20-3-12_masks.tif,132,16475,1023.923882,371.6831741,59.27746555,6.270227153,0.987200537,-60.83896362,3478.736813,1931.398665,8580,0.520789074,205.3850861,197.4031525,141.5420685
37933,B-20-3-12_masks.tif,133,13245,751.2964646,257.0937048,68.83814421,3.734756474,0.963487011,-49.8362827,2146.80604,1928.891204,10051,0.758852397,206.9820862,198.0127411,147.756546
37934,B-20-3-12_masks.tif,134,12303,809.0538239,295.3478903,56.3145502,5.24461066,0.981653818,63.84060842,113.3051288,1929.738763,6456,0.524750061,197.258667,190.2081757,155.8331757
37935,B-20-3-12_masks.tif,135,15584,830.8528137,296.5771828,70.54663772,4.203987494,0.971297146,-47.85898282,2187.720483,1975.241273,7083,0.45450462,206.9848938,196.8840942,137.8331146
37936,B-20-3-12_masks.tif,136,7493,482.5269119,184.9397481,52.40323937,3.529166332,0.95901567,-70.6474105,3646.476578,1927.534365,6889,0.919391432,206.243866,200.1604004,158.8561401
37937,B-20-3-12_masks.tif,137,10453,682.9116882,244.714945,57.18754965,4.279164722,0.972311044,64.87210629,93.41385248,1978.668899,6450,0.617047737,193.7023315,184.5845032,146.1869812
37938,B-20-3-12_masks.tif,138,7500,507.9411255,191.8430386,51.25216644,3.743120573,0.963653081,-72.72298266,3655.833333,1972.3936,7233,0.9644,208.5449982,202.2780304,159.2554932
37939,B-20-3-12_masks.tif,139,11159,677.3969696,238.9254534,62.91674459,3.797485947,0.964705239,-60.51372695,3674.377543,2022.536428,8175,0.732592526,205.8543091,196.7568207,147.1710052
37940,B-20-3-12_masks.tif,140,19164,998.0832611,423.6438459,64.63475931,6.554427531,0.988292879,-2.485884201,3887.638332,2169.92512,5970,0.311521603,196.0413666,187.7572937,121.6619797
37941,B-20-3-12_masks.tif,141,8874,602.8111832,210.2139716,58.73026018,3.579312793,0.960179674,51.01706895,67.77473518,2053.108294,4766,0.5370746,188.6691132,179.4068451,137.8837585
37942,B-20-3-12_masks.tif,142,14587,845.1126984,363.0710936,54.5280964,6.658422309,0.988657801,0.846909393,1722.238363,2164.174676,7558,0.518132584,200.5068817,189.5375824,146.2025604
37943,B-20-3-12_masks.tif,143,15306,846.7106781,319.4588906,62.51772714,5.109892909,0.980664047,-25.83173511,3787.20358,2134.593689,10316,0.673984059,206.9420319,199.0817108,148.2112274
37944,B-20-3-12_masks.tif,144,14208,845.5391052,318.5431332,58.83931212,5.413780715,0.982792355,-26.92787601,3725.96516,2138.438274,10121,0.712345158,207.9788513,200.6733551,153.4964905
37945,B-20-3-12_masks.tif,145,12639,743.3553391,293.0294953,55.82243081,5.249314497,0.981686989,11.03427896,1794.932352,2168.464989,9279,0.734156183,200.5541534,189.5131989,150.9607697
37946,B-20-3-12_masks.tif,146,15672,940.8111832,370.0935428,56.82123397,6.513296472,0.988143663,-16.61985529,2807.287328,2204.216373,6343,0.404734558,198.6361389,190.6936798,144.6864319
37947,B-20-3-12_masks.tif,147,15298,921.4974747,363.0111122,59.92152043,6.058109166,0.986282188,-11.94177505,4856.184926,2197.850569,7400,0.483723363,202.3581085,194.5326996,144.0998688
37948,B-20-3-12_masks.tif,148,17019,921.4974747,357.5814462,66.33196719,5.390786093,0.982643943,-11.37353765,4905.052882,2199.763793,7330,0.430695105,205.5608521,198.3099518,141.6332855
37949,B-20-3-12_masks.tif,149,14631,824.6690476,334.1939087,57.78795166,5.783107016,0.984936324,-15.33231799,1650.304559,2162.14148,8525,0.58266694,205.0700226,195.5823975,148.6163025
37950,B-20-3-12_masks.tif,150,8501,507.4558441,199.8715576,55.39094858,3.608379397,0.960831648,-82.06556587,3290.090813,2057.807787,7027,0.826608634,202.7708893,192.8115845,144.2342377
37951,B-20-3-12_masks.tif,151,21220,1227.195959,470.2240278,69.81122396,6.735650819,0.98891785,-74.6228673,5222.269133,2095.167766,7926,0.373515551,203.4256897,197.2917023,149.9104156
37952,B-20-3-12_masks.tif,152,5534,546.5269119,208.2558098,37.55872343,5.544805329,0.983602686,-75.2635393,3289.987712,2103.890495,4192,0.757499096,204.2915039,193.443222,156.6331177
37953,B-20-3-12_masks.tif,153,9905,722.3259018,260.7638953,50.3456578,5.179471413,0.981185006,21.50157086,4133.959515,2205.993135,7015,0.708228168,206.0089874,197.2704163,156.2918091
37954,B-20-3-12_masks.tif,154,17003,917.0538239,365.8705207,67.10199269,5.452453884,0.983037689,19.52589208,4189.118979,2228.998294,5680,0.334058696,204.9080963,199.8383789,154.9279938
37955,B-20-3-12_masks.tif,155,14424,956.3675324,361.8776245,52.09962626,6.945877551,0.989582011,23.3416891,4096.722615,2242.463741,5785,0.401067665,202.8366394,196.1405334,166.7963715
37956,B-20-3-12_masks.tif,156,18224,1113.053824,442.4604088,61.07224334,7.244869103,0.990428227,-75.09618225,5172.485733,2155.518931,9327,0.511797629,205.9956055,201.1008911,159.4478455
37957,B-20-3-12_masks.tif,157,6370,612.1837662,251.4603148,33.7948334,7.440791668,0.990927935,71.81736629,2068.794976,2137.759341,5042,0.791522763,194.3113861,188.9690552,164.0339203
37958,B-20-3-12_masks.tif,158,16673,1015.053824,404.288508,82.36371933,4.908575175,0.979028131,12.17491635,1875.610508,2317.511486,7482,0.448749475,199.7051544,191.8170319,144.4272919
37959,B-20-3-12_masks.tif,159,10503,647.6984848,260.1956969,52.27058493,4.977860822,0.979613907,-84.54226254,3306.908598,2159.182995,9461,0.90079025,207.7541504,200.5953979,159.6336517
37960,B-20-3-12_masks.tif,160,5032,366.627417,122.1435709,55.22860934,2.211599611,0.891936129,69.13534004,2087.876789,2196.097774,3240,0.643879173,203.9280853,199.2018585,167.7191315
37961,B-20-3-12_masks.tif,161,8372,542.0416306,223.7935631,49.29869921,4.539542964,0.975435216,-85.08883334,3325.198997,2205.055184,3856,0.460582895,205.3052368,195.7857819,153.7393646
37962,B-20-3-12_masks.tif,162,18309,1085.84062,473.8939754,50.40389895,9.401930908,0.994327567,-5.672164165,4019.6919,2424.854115,6468,0.353268884,201.526123,192.162796,153.5034027
37963,B-20-3-12_masks.tif,163,16834,923.3380951,327.752083,68.19145282,4.806351375,0.978116484,39.57073162,5258.678745,2329.744208,9332,0.554354283,191.5275421,187.6328735,136.1148682
37964,B-20-3-12_masks.tif,164,15801,1010.066017,362.6400128,66.00524161,5.494109315,0.983296101,39.19506077,2976.258022,2355.031454,6582,0.416555914,197.0765686,188.6978149,152.9134064
37965,B-20-3-12_masks.tif,165,13627,863.6812409,309.3343311,63.23220698,4.892037552,0.978884568,40.49062751,1522.382916,2375.670507,8968,0.658105232,200.5374603,191.833847,158.8868256
37966,B-20-3-12_masks.tif,166,14390,894.7523087,321.60264,59.1281809,5.439075498,0.982953418,42.75725861,1567.586101,2353.885476,4771,0.331549687,198.5124664,189.9599609,158.8226776
37967,B-20-3-12_masks.tif,167,14718,831.1126984,354.8185364,53.88823764,6.584341072,0.988399634,4.097464284,2197.469357,2406.91772,6108,0.415002038,192.7107086,183.6879578,140.8487244
37968,B-20-3-12_masks.tif,168,7933,563.4558441,242.4466795,44.49108432,5.449331776,0.983018079,-88.72539178,3456.884533,2261.223875,7490,0.944157318,199.7261658,192.7081451,141.0759735
37969,B-20-3-12_masks.tif,169,19177,1037.137085,376.5275912,66.0173999,5.703459873,0.984509335,39.45643621,2940.842363,2392.718986,8489,0.442665693,199.0426483,192.5091248,159.9911652
37970,B-20-3-12_masks.tif,170,17665,1188.267027,501.6869445,90.86974962,5.520945602,0.983459458,-20.61038783,5024.719955,2451.577809,5330,0.301726578,200.3131256,191.3990631,150.2606049
37971,B-20-3-12_masks.tif,171,16459,947.254834,385.9955894,60.03955651,6.42902133,0.98782886,-7.005330166,4062.208943,2456.039553,6182,0.375599976,203.2256622,196.6290894,150.7842102
37972,B-20-3-12_masks.tif,172,19722,1202.267027,478.0296793,55.00040896,8.691384088,0.993358952,-19.5106916,5088.197343,2470.58924,217,0.011002941,210.0783386,180.4470062,199.6175079
37973,B-20-3-12_masks.tif,173,19240,1311.521861,487.0647004,68.71801234,7.087875272,0.989997343,33.93228201,3869.459563,2438.10764,9088,0.472349272,202.0887909,195.9864655,159.1837616
37974,B-20-3-12_masks.tif,174,14418,952.6101731,348.7338367,64.721565,5.388216998,0.982627242,-65.65117546,3355.243792,2342.694965,3611,0.250450825,209.5887604,203.3372955,167.410965
37975,B-20-3-12_masks.tif,175,18500,1169.095454,465.4482981,55.87006964,8.330905995,0.992769665,-21.0300898,5125.072811,2498.977676,6838,0.369621622,205.6412659,201.712204,158.0328979
37976,B-20-3-12_masks.tif,176,12082,870.2253967,333.3584545,47.47473751,7.021807218,0.989807254,-68.71078579,3379.081361,2378.136567,374,0.03095514,234.9090881,225.8769989,221.4064178
37977,B-20-3-12_masks.tif,177,18365,1093.195959,429.9984713,71.84425187,5.985147873,0.9859433,22.41404003,3789.686796,2482.102042,9435,0.513748979,206.0424957,197.1266632,162.3835754
37978,B-20-3-12_masks.tif,178,21464,1236.107648,434.3609825,76.04864769,5.711620072,0.984553913,47.37664596,4480.866614,2454.095183,11526,0.536992173,201.3510284,195.5879822,155.5365295
37979,B-20-3-12_masks.tif,179,14481,910.0243866,334.3815978,56.9818494,5.868212444,0.985373306,-59.23710954,3421.060355,2418.836199,10382,0.716939438,205.4597321,195.6894684,153.9116669
37980,B-20-3-12_masks.tif,180,15069,997.5391052,397.1529006,59.14047252,6.715416427,0.988850589,19.55454874,3749.84206,2508.801181,9439,0.626385294,205.5200806,196.7770996,161.1669617
37981,B-20-3-12_masks.tif,181,23431,1272.710678,523.3204454,74.44648031,7.029485386,0.989829623,-9.347035414,2737.313303,2581.050019,10135,0.432546626,203.8464661,193.3480988,155.0007935
37982,B-20-3-12_masks.tif,182,16927,941.7401154,360.2486315,65.46351264,5.503044628,0.98335076,12.21297321,3704.957405,2536.899332,9649,0.570036037,210.47435,202.6635895,154.5287628
37983,B-20-3-12_masks.tif,183,16978,1002.811183,348.6775175,68.19355688,5.11305662,0.980688203,16.36618393,3645.007304,2535.645247,10534,0.620449994,198.5108185,188.6130676,151.7696075
37984,B-20-3-12_masks.tif,184,4425,447.254834,165.257484,37.83974444,4.367299157,0.973432429,46.84319987,52.1579661,2429.880904,3206,0.724519774,182.176239,172.5486603,139.63974
37985,B-20-3-12_masks.tif,185,20608,1193.195959,478.5401657,60.60469942,7.896090078,0.991948111,-19.16881672,2800.9671,2590.896351,7476,0.362771739,204.0125732,195.9275055,146.3014984
37986,B-20-3-12_masks.tif,186,12581,747.7817459,272.3130943,59.70279998,4.561144443,0.975670236,-43.93444392,3484.675225,2471.295843,9410,0.747953263,204.6045685,197.8536682,148.9024506
37987,B-20-3-12_masks.tif,187,15511,897.3553391,376.9573388,53.66178033,7.024689388,0.98981566,6.576660054,4173.509251,2597.309974,7159,0.461543421,193.7940979,186.7889404,146.3478088
37988,B-20-3-12_masks.tif,188,20239,1208.793939,469.9456854,58.13815107,8.083258183,0.992318104,-33.05282883,5290.915608,2595.424527,6523,0.322298533,193.5584869,186.9888153,133.6371307
37989,B-20-3-12_masks.tif,189,28352,1510.107648,559.6759066,75.19138492,7.443351485,0.990934202,-25.98475274,4038.400007,2700.500529,8405,0.296451749,197.8132019,190.1531219,120.0132065
37990,B-20-3-12_masks.tif,190,3030,303.2132034,106.5349955,38.12529284,2.794339074,0.933772808,29.11729483,31.05874587,2498.273927,2376,0.784158416,195.1839294,186.1835022,155.2230682
37991,B-20-3-12_masks.tif,191,25843,1211.053824,508.9809433,70.04666617,7.266312177,0.990484908,9.652456705,2951.853964,2710.238014,7497,0.290097899,202.5967712,195.2167511,134.7328339
37992,B-20-3-12_masks.tif,192,5231,470.1837662,178.7220557,38.75564845,4.61150988,0.976205221,26.6156546,593.3007073,2569.597209,5085,0.972089467,187.0322571,177.1557465,139.1714783
37993,B-20-3-12_masks.tif,193,13506,856.9533188,328.0586721,56.67246927,5.78867793,0.984965525,-62.66328154,1511.540501,2581.496298,7558,0.559603139,198.1491089,192.2124939,148.4851837
37994,B-20-3-12_masks.tif,194,18397,1126.568542,439.4772,60.7271751,7.236911633,0.990407064,-12.69505235,1670.276512,2726.214655,10540,0.572919498,202.77211,195.4144287,160.221344
37995,B-20-3-12_masks.tif,195,20650,1126.911688,465.8207024,58.89289059,7.909625386,0.991975756,-10.38110486,1618.838935,2732.812978,10037,0.486053269,206.2807617,196.5391083,162.9503784
37996,B-20-3-12_masks.tif,196,18432,996.3259018,395.9606137,70.65369606,5.60424487,0.983951489,-81.08226052,3160.104167,2553.35319,6217,0.337293837,206.1191864,200.3656158,153.352417
37997,B-20-3-12_masks.tif,197,15131,987.2375901,353.6749732,62.47539347,5.661028344,0.984274386,-46.88632415,2020.743375,2626.206926,6991,0.462031591,206.9741058,201.6864471,161.8552399
37998,B-20-3-12_masks.tif,198,15202,1016.894444,349.3005707,59.57715566,5.862995083,0.985347069,-48.262376,2053.305683,2666.129917,5888,0.387317458,205.5974884,198.4728241,152.2004089
37999,B-20-3-12_masks.tif,199,18238,970.4680374,373.9658853,65.91999864,5.67302629,0.984341361,-71.35932858,3157.81226,2615.866323,0,0,,,
38000,B-20-3-12_masks.tif,200,15559,890.3675324,335.3329698,62.92990269,5.328674533,0.982233297,61.20248758,3585.974806,2648.487628,7077,0.454849283,193.6748657,184.9892578,146.2859955
38001,B-20-3-12_masks.tif,201,17470,952.0416306,422.0478472,53.72002129,7.856434847,0.991866288,-0.423501631,2203.645678,2794.343904,7129,0.408070979,193.5745544,183.5272827,148.5114288
38002,B-20-3-12_masks.tif,202,15345,865.1543289,342.0775048,64.33079859,5.317476423,0.982157708,-73.67261734,3178.861909,2675.579016,10232,0.666797002,202.3952332,193.7277222,153.7696381
38003,B-20-3-12_masks.tif,203,7675,579.8406204,211.3529858,47.21934174,4.475983317,0.974723509,66.56555243,513.5153094,2696.464886,746,0.097198697,211.1139374,210.4785461,166
38004,B-20-3-12_masks.tif,204,12734,740.1248917,256.0486367,66.77993589,3.834215073,0.965390266,45.64224684,3602.15494,2735.797079,8320,0.653368934,193.9772797,184.2038422,141.4273987
38005,B-20-3-12_masks.tif,205,20260,999.8233765,368.7042182,73.88677658,4.990124556,0.979715022,44.27878885,3598.158193,2811.162389,7697,0.379911155,203.1227722,192.4620056,141.734314
38006,B-20-3-12_masks.tif,206,6904,456.9705627,192.1824812,46.39997267,4.141866259,0.970416481,-82.86499773,376.7208864,2805.826333,3779,0.547363847,195.3569794,191.9420471,154.3276062
38007,B-20-3-12_masks.tif,207,9586,584.3259018,210.9753845,61.15436216,3.449882838,0.957067568,31.81258817,3324.703422,2867.085854,3338,0.348216149,201.5739899,197.3175507,155.1147461
38008,B-20-3-12_masks.tif,208,12586,832.2253967,329.9420386,57.11948915,5.776347855,0.98490078,-23.19827081,5032.202844,2955.342206,5265,0.418321945,197.3225098,192.037796,149.5996246
38009,B-20-3-12_masks.tif,209,14973,1005.63961,403.910525,55.6047235,7.263960678,0.990478717,-14.19659245,4955.177787,2999.333734,5335,0.356308021,201.1469574,197.6088104,166.7979431
38010,B-20-3-12_masks.tif,210,5608,444.3847763,187.7420129,38.8773947,4.829079067,0.978324262,-83.68914852,371.6977532,2865.438659,5347,0.953459344,194.6188507,190.0854645,151.7129211
38011,B-20-3-12_masks.tif,211,20586,1040.610173,405.5208039,65.79834978,6.163084717,0.986748629,23.0625917,3920.069416,3048.844263,8547,0.415185077,195.5966949,187.0222321,138.9350586
38012,B-20-3-12_masks.tif,212,16666,869.3380951,305.4820567,70.26186936,4.347764434,0.973189858,42.8277112,3204.281171,3039.399316,7962,0.47773911,197.0842743,190.9159698,146.8470306
38013,B-20-3-12_masks.tif,213,15339,915.1959595,333.3177926,63.54422347,5.245445995,0.981659715,32.57605055,3407.032597,3057.210509,8905,0.58054632,202.316452,196.5290222,154.8368378
38014,B-20-3-12_masks.tif,214,15523,988.9949494,367.2092573,67.93697983,5.405145449,0.982736846,44.97501562,3354.537267,3113.001868,6705,0.431939702,203.2023926,195.4911194,164.9504852
38015,B-20-3-12_masks.tif,215,4840,475.0121933,159.7816885,41.50726016,3.849487727,0.965669219,52.78844329,318.3371901,3079.835537,4518,0.933471074,187.8105316,180.2757874,139.8162842
38016,B-20-3-12_masks.tif,216,18700,1103.740115,445.7894187,63.4339679,7.02761365,0.989824177,-8.341499955,5247.03877,3257.114064,9675,0.517379679,194.5260925,190.5031586,148.874115
38017,B-20-3-12_masks.tif,217,22803,1089.59798,470.1002668,63.12076253,7.447632886,0.99094467,-7.879071256,5296.206201,3259.963996,0,0,,,
38018,B-20-3-12_masks.tif,218,7287,557.3553391,222.3325059,43.52740537,5.107874085,0.980648608,14.80798136,3022.64567,3161.409634,6009,0.824619185,201.1569366,195.7558594,166.9048157
38019,B-20-3-12_masks.tif,219,16212,940.5685425,378.2326188,59.47945376,6.359046611,0.987557828,-15.78680766,1335.84018,3271.433013,0,0,,,
38020,B-20-3-12_masks.tif,220,14794,948.9116882,354.6141727,58.49575426,6.062220706,0.986300918,-14.32345716,1373.006422,3310.565973,6829,0.461606057,196.4524841,187.0329437,139.3499756
38021,B-20-3-12_masks.tif,221,16040,785.5979797,307.9454882,67.83627918,4.539539784,0.975435181,80.48031296,3861.873441,3266.409227,6609,0.412032419,195.9939423,187.8518677,141.8966522
38022,B-20-3-12_masks.tif,222,18125,1066.225397,407.781294,63.92712198,6.378846434,0.987635431,-76.2824067,3659.528662,3331.041214,10173,0.561268966,195.5714111,187.2068176,146.7308502
38023,B-20-3-12_masks.tif,223,13006,776.5269119,329.6081705,50.80658675,6.487508641,0.988048646,7.280840346,4426.385899,3470.83769,5941,0.456789174,193.3097076,187.7990265,143.7606506
38024,B-20-3-12_masks.tif,224,21275,1124.225397,442.7384731,74.30952592,5.958031189,0.985814134,-79.88699178,3673.032902,3396.528555,9429,0.44319624,196.593277,187.2837982,150.6436462
38025,B-20-3-12_masks.tif,225,14289,857.7817459,319.748898,58.62281104,5.45434264,0.983049536,-30.90722095,3831.011407,3475.615928,3014,0.210931486,196.1937561,190.3483734,147.8145294
38026,B-20-3-12_masks.tif,226,12889,704.627417,308.1122332,54.36710131,5.667255119,0.984309199,0.815757818,4376.814493,3492.231593,5253,0.407556831,198.9838257,191.2948761,149.4837189
38027,B-20-3-12_masks.tif,227,12669,847.0954544,304.0143764,54.73851187,5.553939375,0.983657024,-43.47123889,3760.803299,3470.920515,6371,0.502881048,198.9230957,192.2034149,146.7979889
38028,B-20-3-12_masks.tif,228,9668,666.7695526,268.59623,49.80213376,5.39326751,0.982660051,-15.41238904,4224.488415,3542.472073,3583,0.370604055,198.1579742,191.7063904,164.4376221
38029,B-20-3-12_masks.tif,229,8971,607.4558441,243.8162004,52.01065389,4.687812634,0.976982579,-6.942541987,4264.907591,3553.660573,0,0,,,
38030,B-20-3-12_masks.tif,230,11393,736.3675324,277.4749431,55.96823977,4.957721455,0.979446204,43.54115863,2637.444659,3543.925305,9210,0.808391117,199.3172607,191.7667694,160.9343109
38031,B-20-3-12_masks.tif,231,11742,686.7106781,254.1805729,60.59641221,4.194647235,0.971167279,45.17648923,2585.302844,3559.298671,4058,0.345597002,199.5845184,190.4553986,169.2979279
38032,B-20-3-12_masks.tif,232,6151,466.4264069,158.8681809,51.29969002,3.096864345,0.946430609,-38.70668872,2137.714518,3590.901642,3818,0.620712079,194.1980133,186.4921417,144.1697235
38033,B-20-3-12_masks.tif,233,5271,408.5269119,133.5848237,53.4990717,2.496955919,0.916302158,37.01946733,2516.001897,3596.553405,2726,0.517169418,203.9365387,193.4933929,177.4728546
38034,B-20-3-13_masks.tif,1,3146,313.7989899,104.2120771,47.68336756,2.185501622,0.889178306,-27.23792549,991.3973299,35.00127146,1782,0.566433566,203.9590302,196.6503906,130
38035,B-20-3-13_masks.tif,2,8881,603.9827561,223.473188,53.49080325,4.177787104,0.970930601,-38.87711169,1028.944263,80.92118005,2084,0.234658259,202.6482697,192.1425171,133.3301392
38036,B-20-3-13_masks.tif,3,6360,554.3259018,205.3372271,45.37466029,4.525372218,0.975279178,39.13683518,1236.67217,67.09827044,1279,0.201100629,181.9835815,179.8178253,133.7849884
38037,B-20-3-13_masks.tif,4,15759,927.3380951,334.7360295,63.66061081,5.258134116,0.981748942,37.11573474,1918.464306,113.9355924,10214,0.648137572,200.3810425,198.2450562,147.2265472
38038,B-20-3-13_masks.tif,5,25709,1292.811183,517.8032189,80.7283907,6.414140236,0.987771969,-5.089723986,2350.155432,252.2807966,15315,0.595705784,202.5774078,195.0854034,147.0960541
38039,B-20-3-13_masks.tif,6,12055,902.9949494,332.9184885,48.56592296,6.854981194,0.989302392,38.34366566,3579.152468,112.1328909,5390,0.447117379,197.8000031,193.2421112,150.5055695
38040,B-20-3-13_masks.tif,7,13162,950.509668,367.3870752,53.64261846,6.848790865,0.989282941,31.99095432,3640.065416,130.4822975,5442,0.413463,202.4259491,200.6016235,164.0558624
38041,B-20-3-13_masks.tif,8,12423,875.3969696,332.2022912,49.18306477,6.754404036,0.988979645,-70.58034522,688.2430975,68.86846977,2577,0.207437817,181.2801666,178.286377,125.2064438
38042,B-20-3-13_masks.tif,9,3121,373.1126984,142.3455803,32.95446766,4.319462288,0.972832453,25.88890321,1269.30471,54.4905479,1369,0.438641461,192.4222107,193.5398102,136.3374786
38043,B-20-3-13_masks.tif,10,8470,586.627417,255.3466875,44.73778689,5.707628947,0.984532134,7.182653111,2279.419362,119.5484061,4478,0.528689492,192.1962891,186.966507,138.5145111
38044,B-20-3-13_masks.tif,11,9860,721.3553391,296.6444691,48.87682347,6.069225618,0.986332741,15.42209992,3133.617343,119.0063895,4384,0.444624746,196.6243134,192.7422485,149.0843964
38045,B-20-3-13_masks.tif,12,19471,833.1543289,300.7656653,86.48938862,3.477486315,0.957761413,-17.87905184,4378.719378,147.4244261,12819,0.65836372,207.0620117,201.884552,148.2079773
38046,B-20-3-13_masks.tif,13,14620,889.4558441,381.3621818,50.15762295,7.603274625,0.991313215,1.25645563,879.7872777,214.8499316,6570,0.449384405,194.0147705,186.329834,143.1013641
38047,B-20-3-13_masks.tif,14,14991,897.6984848,386.7904191,55.9390723,6.914494703,0.989486724,-0.591410106,831.3467414,233.5381229,6829,0.455539991,196.5797272,188.1367645,148.2013397
38048,B-20-3-13_masks.tif,15,8599,584.6690476,225.0228138,49.96660071,4.503464528,0.975034992,-64.85003249,4175.510873,113.5430864,7700,0.89545296,207.9514313,201.7022095,154.5700073
38049,B-20-3-13_masks.tif,16,8118,573.4974747,216.6425906,48.21813305,4.492969281,0.974916721,-61.75540957,4196.351441,152.6474501,6150,0.757575758,209.438858,202.9738159,146.3878021
38050,B-20-3-13_masks.tif,17,5253,394.5269119,133.858475,53.6660056,2.494288023,0.916114815,-61.35256095,4795.279079,141.3990101,4413,0.840091376,201.4688416,196.1611176,131.9741669
38051,B-20-3-13_masks.tif,18,16692,933.1959595,344.2772105,63.55135129,5.417307476,0.982814948,-64.1451664,478.4908938,212.2783968,8338,0.499520728,196.1551971,192.309906,143.1744995
38052,B-20-3-13_masks.tif,19,10975,728.4264069,293.0590307,53.46280033,5.481550329,0.983218818,-76.60870043,4639.529658,197.6550342,4561,0.415580866,208.6919556,205.7257233,142.1718903
38053,B-20-3-13_masks.tif,20,16657,971.2964646,369.828991,61.55785897,6.007827387,0.986049977,-19.4836055,3069.244642,346.5796362,9777,0.586960437,205.8916779,198.580246,141.6330109
38054,B-20-3-13_masks.tif,21,16311,961.2964646,360.1216302,66.93710491,5.380000087,0.982573663,70.92446647,1797.597511,232.7913065,8596,0.527006315,199.2992096,193.0583954,145.5893402
38055,B-20-3-13_masks.tif,22,16574,1068.267027,381.3394912,61.28274305,6.222624383,0.987002663,66.57961934,1728.125317,325.4151683,7383,0.445456739,191.383316,188.4552307,147.2176666
38056,B-20-3-13_masks.tif,23,17483,970.2670273,355.5756463,70.98420417,5.009222129,0.979870985,65.00150841,1779.047761,291.6068181,7993,0.457186982,194.3073883,190.9549561,143.2738647
38057,B-20-3-13_masks.tif,24,14408,1169.823376,406.0594879,51.76597189,7.844139173,0.991840664,-24.5401909,673.6061216,431.1685869,6135,0.425805108,201.3191528,195.0422211,152.7134399
38058,B-20-3-13_masks.tif,25,14028,899.1959595,328.4865217,55.95877094,5.870152546,0.985383045,27.40761526,4705.18071,376.3061021,7435,0.530011406,189.1673126,186.5943451,143.1370544
38059,B-20-3-13_masks.tif,26,13407,802.6690476,327.8016238,54.14843901,6.05375944,0.98626233,13.64376771,4649.173342,396.5593347,6636,0.494965317,203.7206116,202.6234131,143.3887939
38060,B-20-3-13_masks.tif,27,17781,1276.793939,481.1266229,54.86984539,8.768506991,0.993475642,33.07166447,4520.804454,447.4783196,10200,0.573646027,201.8158875,195.4142151,162.9201965
38061,B-20-3-13_masks.tif,28,12771,824.0243866,295.7912573,61.194058,4.833659787,0.97836578,-38.49594619,3691.52768,391.5794378,7207,0.564325425,207.6730957,201.0209503,151.9028778
38062,B-20-3-13_masks.tif,29,11886,869.5391052,321.4751576,51.21173182,6.277373294,0.98722985,25.90487416,1679.848393,419.4993269,7110,0.598182736,191.1260223,187.4784851,143.5940857
38063,B-20-3-13_masks.tif,30,13792,1065.622366,368.5988422,50.67573771,7.273674915,0.990504253,-49.27892097,3572.505293,425.7467372,6896,0.5,209.3694916,203.7614594,162.7104187
38064,B-20-3-13_masks.tif,31,10877,859.882251,301.2416783,47.69926027,6.315437108,0.987384301,-23.83643139,707.1660384,463.7623426,4797,0.441022341,198.554306,191.5745239,139.1846924
38065,B-20-3-13_masks.tif,32,17883,1008.083261,422.7106043,54.9194897,7.696914276,0.991524192,10.78237863,3805.200414,546.6573282,5275,0.294972879,195.1808472,189.0142212,147.1114655
38066,B-20-3-13_masks.tif,33,13347,969.2964646,384.7144944,47.79027844,8.050057606,0.992254361,-19.65157224,3053.930621,525.8979546,6892,0.51637072,205.7920837,198.6234741,149.51828
38067,B-20-3-13_masks.tif,34,9866,811.7817459,258.0040417,52.9641388,4.871296834,0.978702417,33.40630089,4487.803264,477.8855666,3020,0.306101764,197.9238434,194.5407257,148.191391
38068,B-20-3-13_masks.tif,35,8927,780.9533188,288.81099,45.81378277,6.30401972,0.987338269,-37.39529199,388.1728464,496.471827,3658,0.409768119,198.5847473,193.5278778,144.1016998
38069,B-20-3-13_masks.tif,36,16449,884.5685425,350.891044,61.22665173,5.731018014,0.984659111,-19.21313732,443.5723144,564.0402456,4057,0.246641133,204.4099121,196.8673859,146.29776
38070,B-20-3-13_masks.tif,37,8913,644.8111832,239.9633976,49.10119011,4.887119784,0.978841591,-34.88146143,326.9433412,517.4265679,4701,0.527431841,198.4143829,193.9412842,153.7819672
38071,B-20-3-13_masks.tif,38,15063,965.8233765,357.2597069,58.62995716,6.093466961,0.986442014,36.35601202,3201.486689,658.3288853,5292,0.351324437,192.1148834,186.682724,144.9763794
38072,B-20-3-13_masks.tif,39,19580,1093.4386,415.3221667,62.01526387,6.697095857,0.988789158,-65.43311449,4286.728652,619.9193565,8802,0.449540347,203.3943481,198.5913391,134.0181732
38073,B-20-3-13_masks.tif,40,12664,861.0121933,346.9419765,54.48669825,6.367461925,0.9875909,-9.026810087,334.7594757,746.4346178,6185,0.488392293,195.9078369,186.3096161,143.791275
38074,B-20-3-13_masks.tif,41,11850,994.2253967,392.4922078,62.47223869,6.282665966,0.987251496,-75.91974143,4431.072321,634.744557,6080,0.513080169,206.7807617,201.7631531,161.6580658
38075,B-20-3-13_masks.tif,42,13317,1129.865007,410.036746,49.55481688,8.27440745,0.992670223,47.31661265,1157.630698,777.5919501,4280,0.321393707,194.5270996,190.0654144,160.100235
38076,B-20-3-13_masks.tif,43,6623,518.627417,212.9168303,40.91715238,5.203608215,0.981360801,-81.41286979,4454.712517,658.4624792,5056,0.763400272,210.1675262,205.0029602,158.941452
38077,B-20-3-13_masks.tif,44,13722,942.6690476,387.646307,60.1724776,6.442252712,0.98787911,-79.31719764,2760.904751,678.3898849,6657,0.485133362,202.6091309,197.1398468,151.6564484
38078,B-20-3-13_masks.tif,45,16586,948.4680374,364.7571443,67.62647172,5.393703605,0.982662879,17.44272412,1081.9338,817.0134451,10789,0.650488364,197.841507,188.4953156,142.8537445
38079,B-20-3-13_masks.tif,46,15455,930.6101731,340.9663741,58.85266903,5.793558385,0.984991037,-26.94117353,4505.551925,803.0263345,3925,0.253963119,207.0137634,199.8012695,130.8040771
38080,B-20-3-13_masks.tif,47,18267,1055.882251,379.1147758,63.76912708,5.945114715,0.98575198,15.60896471,1038.822303,850.976515,8611,0.471396507,203.9756165,192.2226257,150.6953888
38081,B-20-3-13_masks.tif,48,20130,1107.23759,422.2716954,67.74552326,6.233204425,0.987047037,-31.09282233,4539.73691,847.5748634,4092,0.203278689,209.7971649,202.5293274,143.8044891
38082,B-20-3-13_masks.tif,49,10438,747.1126984,307.6289628,45.43946406,6.770083431,0.989030914,-6.587918414,451.4193332,809.3638628,7291,0.698505461,196.9781952,187.1180878,142.7806854
38083,B-20-3-13_masks.tif,50,12025,925.254834,372.9936686,44.34722202,8.41075611,0.992906788,-78.8679546,2748.546362,717.1569231,5827,0.484573805,206.592926,195.7803345,153.3514709
38084,B-20-3-13_masks.tif,51,13108,941.4386002,355.0216442,49.70252919,7.142929142,0.990151703,-27.01659921,916.6877479,836.483903,6081,0.463915166,200.6082916,190.9039612,149.8944244
38085,B-20-3-13_masks.tif,52,12626,818.0832611,310.4830471,58.90451928,5.270954604,0.981838438,-3.637485363,406.0788056,828.2540789,7314,0.579280849,199.5773926,189.4093475,151.0218811
38086,B-20-3-13_masks.tif,53,17389,1091.982756,425.20227,56.66796178,7.503397981,0.991079371,-85.64577742,2742.137903,771.4422911,10028,0.576686411,207.8260803,202.9821472,159.6864777
38087,B-20-3-13_masks.tif,54,21166,1040.083261,434.2149814,64.51005552,6.730965862,0.988902331,-9.30308601,2948.577105,955.7693943,12003,0.567088727,203.381073,196.0233307,153.851532
38088,B-20-3-13_masks.tif,55,17081,1030.325902,428.3738189,56.23630379,7.617389302,0.991345518,-11.48403243,4180.668403,939.6491423,7104,0.415900708,202.2488708,190.7491608,149.7491608
38089,B-20-3-13_masks.tif,56,16831,1014.183766,429.6219538,56.37647607,7.620589006,0.991352816,-0.438209685,4315.948904,973.5921811,5952,0.353633177,207.3210754,202.7014465,163.3788605
38090,B-20-3-13_masks.tif,57,14901,937.3553391,392.5284498,49.81301507,7.880037961,0.991915139,-84.36635402,2753.586336,815.1993826,0,0,,,
38091,B-20-3-13_masks.tif,58,13370,846.8700577,372.7628175,47.96815789,7.771047168,0.991685807,-0.731069969,4274.886986,973.289828,7982,0.597008227,210.4488831,204.1509705,163.1804047
38092,B-20-3-13_masks.tif,59,11417,796.2253967,297.1054804,55.79202668,5.325231903,0.98221011,-25.01154089,4862.533853,994.6085662,1213,0.106245073,205.7452545,205.0659485,164.4888763
38093,B-20-3-13_masks.tif,60,13913,937.2964646,357.8516367,50.80835738,7.043164848,0.989869293,-21.35198947,4893.609933,1033.735068,8430,0.605908143,202.760498,196.3192139,148.3062897
38094,B-20-3-13_masks.tif,61,15751,1281.07821,439.100755,48.84803331,8.989118399,0.993792943,43.53387219,647.3375659,1116.679957,7124,0.452288744,194.4792175,188.8071289,154.4195709
38095,B-20-3-13_masks.tif,62,14520,729.0121933,271.7740549,70.77613916,3.839910712,0.965494695,-7.687254915,5046.501171,1123.668664,8027,0.552823691,205.6443329,196.9993744,142.3120728
38096,B-20-3-13_masks.tif,63,13362,834.0832611,309.3061771,66.89823516,4.623532688,0.976330308,-6.707947732,5098.781245,1122.946415,6752,0.505313576,205.7402191,200.1405487,158.4232788
38097,B-20-3-13_masks.tif,64,19769,1204.350288,454.832684,60.62367245,7.502559076,0.991077367,-47.74516855,3296.217158,1121.067631,8389,0.424351257,210.4912415,201.7551575,154.532959
38098,B-20-3-13_masks.tif,65,9957,629.2132034,272.9608446,48.97478774,5.573497245,0.983772465,2.015355243,542.8818921,1154.701014,7371,0.740283218,199.5529785,189.9867096,158.6242065
38099,B-20-3-13_masks.tif,66,20812,1114.894444,410.8212237,76.9352129,5.339833454,0.982308143,-40.64514119,3378.046079,1205.964155,11814,0.567653277,209.6526184,202.1394958,152.8483124
38100,B-20-3-13_masks.tif,67,9624,631.7989899,277.7938367,46.41418574,5.985106325,0.985943103,-1.923477837,498.1029717,1152.39308,8017,0.833021613,205.4567719,198.8417053,171.5712891
38101,B-20-3-13_masks.tif,68,19473,1187.03658,420.2672928,68.38365336,6.145727408,0.986673166,-36.16018247,3293.655266,1213.037334,10947,0.562162995,208.8698273,200.2693024,153.9927826
38102,B-20-3-13_masks.tif,69,8061,564.0416306,213.1078352,49.87985398,4.272422997,0.972222341,0.468995928,453.9533557,1176.724724,6203,0.769507505,203.714325,196.3140411,165.6034241
38103,B-20-3-13_masks.tif,70,6774,528.6690476,185.6041813,48.20208838,3.850542322,0.965688356,-32.92363217,4964.362267,1159.312814,2945,0.434750517,208.2662201,202.5561981,160.7368469
38104,B-20-3-13_masks.tif,71,5655,436.4264069,152.6478453,49.11751192,3.107808994,0.946817831,-40.93328775,4900.711936,1150.10893,5242,0.926967286,212.4080505,205.7480011,156.1785583
38105,B-20-3-13_masks.tif,72,18835,1034.426407,422.6464824,64.84204081,6.518093464,0.988161212,1.977049195,4426.699708,1347.915264,7718,0.409769047,204.7705383,201.4043732,148.624649
38106,B-20-3-13_masks.tif,73,18446,1036.769553,453.6432845,62.58818368,7.248065974,0.990436709,1.000383515,4486.127778,1352.020926,6714,0.363981351,193.8013153,189.3287201,139.9231415
38107,B-20-3-13_masks.tif,74,21406,961.3553391,413.3194876,68.44109283,6.039054471,0.986194878,-3.740909164,3478.039942,1377.363917,8740,0.408296739,202.1686554,195.1453094,131.2648773
38108,B-20-3-13_masks.tif,75,13762,906.2253967,343.191306,62.46192026,5.494408507,0.983297936,14.99685388,4794.456402,1359.819358,8389,0.609577096,203.8886566,199.6961517,152.3155365
38109,B-20-3-13_masks.tif,76,9125,655.9827561,249.8011088,49.02466358,5.095417093,0.980552935,29.02856749,4853.542356,1317.952,4138,0.453479452,196.9456329,192.8303528,153.1669922
38110,B-20-3-13_masks.tif,77,13298,978.3675324,349.0839095,54.62099675,6.391020493,0.987682786,-69.60233519,2076.593849,1279.208076,2777,0.208828395,206.1202698,201.30896,146.7882538
38111,B-20-3-13_masks.tif,78,12859,786.1837662,330.8078072,52.09135791,6.35053146,0.987524228,-12.33713833,4596.504938,1378.994945,7356,0.572050704,202.627243,194.6387939,147.086731
38112,B-20-3-13_masks.tif,79,6776,463.1126984,168.6534143,53.62921419,3.144804876,0.948095827,17.98018646,5029.238636,1339.488784,5948,0.877804014,193.9317474,188.7367249,141.8185883
38113,B-20-3-13_masks.tif,80,21033,1325.580736,503.2976086,68.2331392,7.376146174,0.990767476,20.98500493,2457.216612,1491.148433,6996,0.332620168,201.1022034,194.1303558,153.7265625
38114,B-20-3-13_masks.tif,81,12015,738.0832611,285.5555573,57.3197994,4.981796174,0.979646436,-17.43819744,4641.805243,1385.899376,8236,0.685476488,207.4347992,199.7513428,146.6856537
38115,B-20-3-13_masks.tif,82,16074,1123.965512,399.9163858,55.69738692,7.180164239,0.990254083,-57.80391822,2063.028182,1388.9595,4692,0.291899963,201.5914307,193.4712219,151.358902
38116,B-20-3-13_masks.tif,83,6295,546.1837662,219.8835189,39.99721505,5.497470727,0.983316695,22.16370374,4932.270214,1392.488959,4912,0.780301827,202.7056122,196.9507294,159.77565
38117,B-20-3-13_masks.tif,84,14364,802.9533188,291.7909662,65.28910084,4.469214041,0.974645884,-36.54661346,2190.694027,1418.93247,9838,0.684906711,207.6773682,198.8448944,148.8835144
38118,B-20-3-13_masks.tif,85,13166,735.6984848,293.0695181,59.16084896,4.953774722,0.979413095,-5.750733252,5101.183351,1474.622513,9159,0.695655476,198.9003143,190.9849396,132.8751984
38119,B-20-3-13_masks.tif,86,16020,848.6690476,336.4031667,62.87888293,5.350018179,0.982376042,13.3250462,5017.093321,1489.809738,8864,0.553308365,206.6261292,197.9989777,141.864624
38120,B-20-3-13_masks.tif,87,16158,1117.195959,424.542464,51.16036044,8.298269605,0.992712471,20.19804276,2425.335376,1530.152185,11239,0.695568759,203.5570831,196.689209,159.8702698
38121,B-20-3-13_masks.tif,88,13511,806.1248917,298.0133163,62.1562022,4.794586957,0.978007753,31.0270545,4886.045296,1470.558286,7399,0.547627859,204.6861725,200.3426208,158.6469727
38122,B-20-3-13_masks.tif,89,14156,739.4558441,320.2907686,60.16333005,5.323687507,0.982199693,-1.846661829,4728.97132,1494.756782,0,0,,,
38123,B-20-3-13_masks.tif,90,14518,817.0121933,328.0786215,65.05124101,5.043387589,0.980145535,-7.139054148,2341.620402,1537.121642,10474,0.721449235,205.2562561,194.7017365,148.6287994
38124,B-20-3-13_masks.tif,91,15243,881.3553391,351.2064702,64.20164894,5.470365263,0.983149535,-3.834446284,2231.02178,1559.540576,9509,0.623827331,198.4187622,188.4381104,150.4448395
38125,B-20-3-13_masks.tif,92,22293,1223.63961,478.7842134,74.35365736,6.439282617,0.987867857,9.549053979,3133.810658,1666.982416,5691,0.255281927,192.6504974,184.5461273,133.1131592
38126,B-20-3-13_masks.tif,93,17189,1035.63961,421.6352448,53.44416924,7.889265579,0.991934118,16.08241746,4105.733085,1631.453779,7176,0.417476293,201.9499664,196.1726532,141.3244171
38127,B-20-3-13_masks.tif,94,20339,1190.852814,460.7686371,64.04658868,7.194272897,0.990292458,-21.15420585,3300.24013,1690.189783,7743,0.380697183,200.3465118,191.032547,137.8485107
38128,B-20-3-13_masks.tif,95,10351,714.3259018,264.0695882,51.90987221,5.087078372,0.980488493,69.61689849,1220.636557,1537.859917,6156,0.594725147,188.3883972,182.7985687,140.1442566
38129,B-20-3-13_masks.tif,96,16613,1078.124892,430.0065759,67.5179197,6.368777027,0.987596056,20.20738193,4086.640161,1707.17089,8748,0.526575573,204.9597626,198.5309753,153.3110352
38130,B-20-3-13_masks.tif,97,11671,792.7106781,298.6163603,54.13219315,5.516428264,0.983432129,-27.56128244,5151.953903,1695.726759,4035,0.345728729,216.2721252,207.5452271,151.5090485
38131,B-20-3-13_masks.tif,98,23098,1369.865007,513.6160933,58.9825077,8.707939241,0.993384264,30.7465412,4677.9306,1804.784613,6339,0.274439345,202.9296417,193.5037079,153.0867615
38132,B-20-3-13_masks.tif,99,8230,609.254834,241.6887412,45.20367186,5.346661704,0.982353709,-21.5171356,5224.738032,1697.649575,6554,0.7963548,203.0177002,197.5450134,158.4031067
38133,B-20-3-13_masks.tif,100,11920,709.5979797,269.5113928,61.23491061,4.40127029,0.973846456,-14.46000237,5085.992534,1716.500923,7891,0.661996644,205.6887665,195.2360992,142.9496918
38134,B-20-3-13_masks.tif,101,6257,442.2842712,167.3552125,48.31672335,3.463711959,0.957417316,-75.81783855,1271.336104,1630.060732,6040,0.965318843,198.0528107,193.2980194,151.2649078
38135,B-20-3-13_masks.tif,102,23360,1315.965512,483.9185525,70.67319893,6.8472711,0.989278157,27.42908287,4748.535574,1824.330479,8664,0.370890411,201.8744202,195.0101624,146.1719818
38136,B-20-3-13_masks.tif,103,10083,718.7106781,272.3470208,48.77990886,5.583180189,0.983829165,-51.66875252,4920.044233,1727.135376,4713,0.467420411,198.3170013,194.2045441,139.3908386
38137,B-20-3-13_masks.tif,104,6414,476.0416306,196.145616,42.74926043,4.588280921,0.975960707,-79.59875188,1248.972092,1679.563299,6268,0.977237293,200.9440002,196.4184723,150.941452
38138,B-20-3-13_masks.tif,105,19772,1167.59798,498.2842702,56.56529861,8.809009806,0.993535696,2.221679643,5353.095236,1909.531509,8290,0.41927979,200.3954163,197.7962646,156.3203888
38139,B-20-3-13_masks.tif,106,7979,583.1543289,210.007874,49.18906671,4.269401475,0.972182447,-29.86951046,5005.914275,1753.803233,5615,0.703722271,206.112915,201.346756,153.8749847
38140,B-20-3-13_masks.tif,107,18355,1006.769553,414.8928631,64.33677017,6.448767353,0.987903737,2.674348386,5397.794606,1904.886135,5130,0.279487878,198.9095459,194.0021515,140.1448364
38141,B-20-3-13_masks.tif,108,6000,471.3553391,176.3087958,46.58360378,3.784782229,0.964463534,-24.51414961,1336.268833,1850.085167,5214,0.869,203.6204376,192.1434631,149.484848
38142,B-20-3-13_masks.tif,109,3603,302.627417,105.0647657,44.40493889,2.366060361,0.906296024,-12.57326295,1445.004441,1823.637802,3342,0.927560366,205.4458466,198.2767792,168.9000549
38143,B-20-3-13_masks.tif,110,15506,950.2670273,349.47598,63.65001558,5.490587501,0.983274483,-30.19231793,3013.18509,1917.013801,7681,0.495356636,205.9947968,199.0307312,168.9635468
38144,B-20-3-13_masks.tif,111,22228,1245.63961,522.8260833,59.81932307,8.740086922,0.993433002,12.73689981,4986.637754,2025.335118,6568,0.295483174,194.3074036,191.2289886,139.2266998
38145,B-20-3-13_masks.tif,112,3724,368.9705627,151.239234,32.30350484,4.681821206,0.976922933,-82.07044477,1023.328947,1814.656015,3699,0.993286788,193.2616882,189.2030334,140.6361237
38146,B-20-3-13_masks.tif,113,5231,481.5979797,187.5931005,38.48006084,4.875072867,0.978735755,-33.70474179,1372.19633,1882.908813,4989,0.953737335,204.6267853,195.1320953,149.7945404
38147,B-20-3-13_masks.tif,114,8229,647.9827561,234.3215907,51.03041368,4.591802688,0.975998021,-32.25499517,1450.856483,1919.951999,7709,0.936808847,200.5436554,191.5127716,142.0081787
38148,B-20-3-13_masks.tif,115,13381,924.8528137,326.8726232,53.07066828,6.159195536,0.986731777,-29.60250861,3041.725656,1963.120992,9390,0.701741275,208.8670959,200.8221588,157.1260986
38149,B-20-3-13_masks.tif,116,9611,757.7817459,254.5740246,50.42014672,5.049053625,0.980190521,41.8160439,1182.34138,1981.060868,3779,0.393195297,190.2947845,182.3387146,131.0608673
38150,B-20-3-13_masks.tif,117,18827,1040.066017,373.5068788,71.09648331,5.253521151,0.981716578,47.70949562,5164.825888,2056.684921,8119,0.431242365,194.7578583,192.9933472,135.3424072
38151,B-20-3-13_masks.tif,118,8736,561.1126984,214.0309828,53.20071958,4.023084358,0.968615088,11.99354721,1806.590087,2096.106685,7005,0.801854396,196.3862915,187.8906555,142.9728699
38152,B-20-3-13_masks.tif,119,21190,1301.195959,545.8228596,52.56496733,10.38377625,0.99535196,-16.89833295,4565.534214,2241.560736,8605,0.406087777,206.0223083,198.9315491,161.2828522
38153,B-20-3-13_masks.tif,120,15631,902.0832611,362.7464558,55.80592181,6.50014271,0.98809534,-76.97109454,3558.648135,2057.861685,4450,0.284690679,193.8543854,184.5806732,142.713028
38154,B-20-3-13_masks.tif,121,17747,1130.367532,462.8733262,58.99864183,7.845491216,0.991843487,19.83416624,5145.148081,2247.278301,5754,0.324223812,202.1040955,195.3315887,154.9867859
38155,B-20-3-13_masks.tif,122,15569,1023.053824,403.8350012,56.36519386,7.164616557,0.990211529,-17.46443151,4601.10431,2269.050806,7383,0.474211574,203.6389008,196.4613342,155.2106171
38156,B-20-3-13_masks.tif,123,14474,885.3969696,339.7479999,57.35313089,5.923791684,0.985648474,17.63069242,5178.265511,2215.061628,6382,0.440928562,197.8218384,192.1790924,151.8527069
38157,B-20-3-13_masks.tif,124,19314,1118.409163,351.6270631,83.72210276,4.1999311,0.971240855,58.38736348,3718.833748,2188.939163,8425,0.436212074,196.6337128,191.9542999,149.9843292
38158,B-20-3-13_masks.tif,125,17915,1206.994949,461.543975,57.37977566,8.043669911,0.992242006,-23.5805082,4703.486241,2278.878872,8497,0.474295283,196.9037323,187.7173157,148.6949463
38159,B-20-3-13_masks.tif,126,20803,1100.509668,408.7510336,71.19469081,5.741313418,0.984714507,-25.60900563,4757.247128,2277.518243,12313,0.591885786,209.741333,202.405838,164.6995087
38160,B-20-3-13_masks.tif,127,11128,655.5979797,237.919573,62.62830423,3.798914499,0.964732264,76.17894371,3522.632009,2137.566229,5405,0.485711718,200.410553,193.9992523,148.9241486
38161,B-20-3-13_masks.tif,128,14567,815.882251,294.033145,66.11501598,4.447297496,0.974392084,-26.34224322,5369.550559,2254.988742,8693,0.5967598,197.8903656,192.0782166,138.0597076
38162,B-20-3-13_masks.tif,129,2452,322.8700577,121.178741,27.33032129,4.433857169,0.974234543,-61.59383841,469.4155791,2157.820555,2452,1,190.82341,187.9934692,129.142334
38163,B-20-3-13_masks.tif,130,21647,950.1837662,404.0098721,73.05588815,5.530147977,0.983514921,5.461043513,4855.513743,2338.849402,9021,0.416732111,201.0258331,193.5926208,138.9883575
38164,B-20-3-13_masks.tif,131,19457,1096.367532,413.0910294,77.89529567,5.303157601,0.982060346,-75.04006755,3472.516626,2225.927378,9479,0.487176852,202.5664063,191.8740387,149.1890564
38165,B-20-3-13_masks.tif,132,15854,923.254834,392.8768912,55.3887126,7.093085807,0.990012108,-80.97999252,3516.474644,2266.014129,0,0,,,
38166,B-20-3-13_masks.tif,133,16464,1040.183766,449.647275,47.75124718,9.416450912,0.994345097,-84.61369781,3538.812379,2308.286686,548,0.033284742,231.7974396,232.2463531,208.9215393
38167,B-20-3-13_masks.tif,134,20871,1083.781746,419.7552113,70.22241954,5.977509946,0.985907097,-18.94119659,4754.693834,2486.742082,9301,0.445642279,199.6790619,192.4351196,136.2805023
38168,B-20-3-13_masks.tif,135,16151,870.1248917,328.3260791,66.68236305,4.923731916,0.97915842,24.88249183,3741.810476,2448.235156,6865,0.42505108,201.510849,196.8843384,151.0380249
38169,B-20-3-13_masks.tif,136,9253,589.1543289,201.378085,63.1798632,3.187377667,0.949509748,-59.00207286,5364.38809,2369.896358,4057,0.438452394,199.6290436,189.6428375,131.0916901
38170,B-20-3-13_masks.tif,137,8007,553.8406204,213.0507703,48.85262486,4.361091566,0.973355706,-25.97823036,2857.936805,2402.545273,6422,0.802048208,203.6108704,196.8797913,156.0319214
38171,B-20-3-13_masks.tif,138,11213,740.4264069,295.9468302,53.74875106,5.506115479,0.983369483,12.00945513,4224.617319,2455.141354,5828,0.519753857,202.5147552,197.7637329,157.6885681
38172,B-20-3-13_masks.tif,139,12797,791.254834,321.6971662,53.71872013,5.9885486,0.985959374,13.33081312,4272.226772,2477.522232,5489,0.428928655,202.1386414,195.6769867,156.6744385
38173,B-20-3-13_masks.tif,140,16130,918.5269119,391.1984981,60.48278773,6.467931007,0.987975745,-88.03920459,3497.357533,2355.195784,7491,0.464414135,206.7003021,198.9379272,169.1326904
38174,B-20-3-13_masks.tif,141,6829,514.7695526,196.3055719,45.86294402,4.28026539,0.972325485,-23.27720736,2893.285547,2429.231952,5602,0.820325084,199.7815094,191.4737549,146.6638641
38175,B-20-3-13_masks.tif,142,2874,312.0416306,110.7340359,36.71097701,3.016373983,0.943446829,52.2567127,5398.625957,2437.59325,0,0,,,
38176,B-20-3-13_masks.tif,143,5834,462.5269119,172.0955962,44.46101869,3.870707447,0.966051196,-69.64144552,1560.558965,2455.457662,5093,0.872985944,199.6858368,192.3630524,164.542511
38177,B-20-3-13_masks.tif,144,19449,1006.811183,388.7507063,65.56514841,5.929227885,0.98567497,17.09733884,4049.282071,2607.285979,9751,0.501362538,202.1946411,193.827713,143.7496643
38178,B-20-3-13_masks.tif,145,22118,1164.752309,437.9481034,75.60845134,5.792316806,0.984984553,23.689111,3996.700968,2634.889637,9995,0.451894385,201.5594788,190.7101593,143.2111053
38179,B-20-3-13_masks.tif,146,4575,376.8700577,142.0929136,41.96061701,3.386339948,0.955403318,-64.7739681,1603.332022,2481.31847,4163,0.909945355,200.4172516,189.9829407,153.8983917
38180,B-20-3-13_masks.tif,147,7604,517.6984848,208.318002,47.69195641,4.36799028,0.97344095,11.60376822,1760.701867,2599.057207,2723,0.358100999,200.9298553,191.3782654,157.8571472
38181,B-20-3-13_masks.tif,148,12996,860.1248917,305.781291,56.34940926,5.42652168,0.982873767,-25.28435762,2844.705986,2679.649046,8970,0.690212373,199.8100281,191.9676666,141.8304291
38182,B-20-3-13_masks.tif,149,4868,397.9411255,132.2729226,48.93694881,2.702925413,0.929043895,-61.00681961,1554.581758,2558.715283,4224,0.867707477,204.2215881,196.6595612,162.8255157
38183,B-20-3-13_masks.tif,150,4476,347.2132034,131.2697029,44.71520292,2.935683937,0.940195209,18.1163558,1798.708668,2583.112154,0,0,,,
38184,B-20-3-13_masks.tif,151,7046,532.4264069,199.567319,48.05137998,4.153206819,0.970580265,-64.35859033,1550.312376,2608.161368,6488,0.920806131,202.3831635,192.3645172,148.9963074
38185,B-20-3-13_masks.tif,152,7135,501.5563492,214.7996957,43.46472326,4.941931747,0.979313264,-2.146976207,1675.470357,2661.942677,6701,0.93917309,206.2259369,199.111618,167.4390411
38186,B-20-3-13_masks.tif,153,7814,511.7989899,210.6332149,48.43279245,4.348979364,0.973205041,3.869220502,1719.893141,2678.389173,5220,0.668031738,203.392334,195.1750946,160.4976959
38187,B-20-3-13_masks.tif,154,10226,678.7695526,277.1897847,48.17541063,5.753760706,0.984781081,-13.6141429,2261.221201,2715.133874,9098,0.88969294,200.6396942,191.3927307,153.8729401
38188,B-20-3-13_masks.tif,155,11044,692.5269119,281.3451881,51.33602126,5.480463448,0.983212104,-8.171434165,2358.159634,2717.101865,4906,0.444223108,204.016098,195.0927429,160.9264221
38189,B-20-3-13_masks.tif,156,10716,651.7989899,288.7344568,50.31575278,5.738450502,0.984699133,-3.657762653,2404.159854,2717.209593,9932,0.926838373,198.1601868,189.4700012,151.2780914
38190,B-20-3-13_masks.tif,157,17662,884.4680374,333.4049535,71.99634985,4.630859123,0.976406048,22.14149783,3871.196524,2744.143981,5635,0.319046541,196.5953827,189.4862518,130.01651
38191,B-20-3-13_masks.tif,158,5405,434.3847763,179.2738768,40.33370341,4.44476608,0.974362523,84.4704622,1502.974468,2703.014061,4135,0.765032377,188.2128143,178.3729095,149.3818665
38192,B-20-3-13_masks.tif,159,10616,634.7695526,251.5911054,54.47516607,4.618455042,0.976277601,-14.26814911,2675.18896,2842.309627,8996,0.847400151,200.7678986,192.4674225,152.5
38193,B-20-3-13_masks.tif,160,5275,398.8700577,150.2347766,45.83648426,3.277624344,0.952320631,-21.35325154,2720.066919,2852.921327,4511,0.855165877,199.307251,191.8807373,149.1274719
38194,B-20-3-13_masks.tif,161,6502,467.7989899,197.1087391,44.56998976,4.422454216,0.974099734,-7.395159381,1350.361273,2895.916487,5430,0.835127653,196.6734772,186.0198822,155.0534058
38195,B-20-3-13_masks.tif,162,6980,454.0416306,180.7848955,50.13914713,3.605663556,0.960771416,-11.34222164,1293.154011,2902.226504,5694,0.815759312,197.1076508,187.53302,152.9891052
38196,B-20-3-13_masks.tif,163,7054,603.9411255,263.5764924,38.74678231,6.802538861,0.989135907,12.87684632,1503.704565,2959.225829,6090,0.863339949,187.3778381,175.703125,145.1513977
38197,B-20-3-13_masks.tif,164,7418,530.0416306,220.3113915,44.54301896,4.946036363,0.979347946,-6.549085374,1588.741035,2966.270288,6360,0.857373955,196.7611694,186.7586517,151.9875793
38198,B-20-3-13_masks.tif,165,4995,402.3847763,165.0251626,40.14868749,4.110350124,0.969954027,-0.975498631,1550.2999,2955.48028,2489,0.498298298,196.6227417,186.697876,166.6950531
38199,B-20-3-13_masks.tif,166,6813,488.3847763,214.9147209,41.82251391,5.138732726,0.980882583,6.58322365,1410.933509,2996.252165,5595,0.82122413,193.1753387,184.3599701,145.70224
38200,B-20-3-13_masks.tif,167,17754,1130.953319,432.8767877,72.08255068,6.005292316,0.986038113,17.45050955,3876.526924,3109.003267,9799,0.551931959,200.0468445,191.6730347,160.655777
38201,B-20-3-13_masks.tif,168,17740,984.2253967,382.3704736,60.31541062,6.339515386,0.987480557,16.61912565,3920.936809,3098.435569,10934,0.616347238,202.1706543,193.9197845,164.9881134
38202,B-20-3-13_masks.tif,169,13785,809.4386002,291.5046369,60.82113686,4.792817956,0.977991333,-52.30340293,2839.721364,3035.281756,11284,0.81857091,201.4109344,192.2540741,149.9037628
38203,B-20-3-13_masks.tif,170,17009,883.0538239,335.5628286,67.01527354,5.007258956,0.979855036,67.48678981,3646.82374,3053.559762,8806,0.51772591,193.0193024,183.3011627,147.4463959
38204,B-20-3-13_masks.tif,171,9708,706.4680374,260.4632733,48.85367732,5.331497802,0.982252278,-30.31697616,2897.970231,3084.458591,8057,0.829934075,204.3418121,196.3887329,159.7690277
38205,B-20-3-13_masks.tif,172,7517,529.4558441,223.0475625,44.29608141,5.035379099,0.980081687,11.8181643,1469.946122,3110.608354,6033,0.802580817,194.0997772,183.7432404,152.9053497
38206,B-20-3-13_masks.tif,173,8339,564.6690476,213.7501987,51.4292346,4.15620027,0.970623269,-28.96969009,2943.127353,3098.746732,7472,0.896030699,201.7205505,193.2739563,152.9471436
38207,B-20-3-13_masks.tif,174,12896,709.3969696,267.4006165,62.66002023,4.267483724,0.972157082,59.42361965,3613.088089,3108.824442,7405,0.574209057,195.8849487,186.8303833,148.5222168
38208,B-20-3-13_masks.tif,175,7529,453.4558441,170.5252053,57.78221833,2.95117097,0.940840933,2.344754098,3455.95338,3143.128038,6554,0.870500731,205.6446381,197.9765015,161.1824799
38209,B-20-3-13_masks.tif,176,6887,540.0416306,235.4557736,39.40399009,5.975429722,0.985897213,87.83702593,1072.199942,3082.841295,5809,0.84347321,186.5830536,178.8078918,150.6894531
38210,B-20-3-13_masks.tif,177,7508,489.2132034,193.6287742,54.06824582,3.581192089,0.960222321,-0.331177414,3412.005594,3176.706446,5597,0.745471497,204.3995056,197.2655029,162.4859772
38211,B-20-3-13_masks.tif,178,5651,477.254834,180.0059296,41.63296049,4.323639912,0.972885659,-46.67639915,2984.576358,3135.380641,4901,0.867280127,200.423584,192.2797394,159.2019958
38212,B-20-3-13_masks.tif,179,6408,517.4974747,191.4351206,47.5080035,4.02953411,0.968717099,55.86202705,264.2027154,3154.254838,5828,0.90948814,183.3177795,174.6264648,141.580307
38213,B-20-3-13_masks.tif,180,6464,516.9116882,182.4953973,46.25054684,3.945799774,0.967352668,-48.85396017,3018.387376,3162.185334,5480,0.847772277,200.8218994,193.102005,161.2176971
38214,B-20-3-13_masks.tif,181,12631,776.8528137,293.2838305,56.51685877,5.189315841,0.981257006,44.87857712,3813.265775,3215.44367,8462,0.669939039,194.4614716,187.4412689,156.8115082
38215,B-20-3-13_masks.tif,182,8829,624.5685425,234.1606542,48.9423585,4.784417046,0.977913102,58.85435168,238.2645826,3215.54321,6996,0.792388719,186.184967,177.4416809,147.5004272
38216,B-20-3-13_masks.tif,183,13131,762.4680374,279.4387721,61.03968464,4.577985187,0.975851119,28.01544126,3403.423349,3305.93344,6070,0.462264869,200.7214203,193.0154877,145.3886261
38217,B-20-3-13_masks.tif,184,20504,1127.23759,425.5991713,68.18494552,6.241834881,0.987083066,60.32918889,4176.063353,3296.373537,7232,0.352711666,190.8265991,184.3265991,152.1017761
38218,B-20-3-13_masks.tif,185,10876,673.882251,246.8418783,56.70479918,4.353103826,0.97325649,-37.12060804,3193.091762,3302.800478,6913,0.635619713,194.1949921,184.2723846,142.8374023
38219,B-20-3-13_masks.tif,186,14359,804.7106781,297.8081433,68.14763956,4.370043412,0.97346624,31.19302323,3360.689184,3342.32948,3302,0.229960304,193.5378571,182.8131409,146.793457
38220,B-20-3-13_masks.tif,187,11384,857.1543289,329.8345407,45.54674989,7.241670185,0.990419728,17.55512106,3650.686929,3361.804199,9274,0.814652143,204.9727173,198.7473602,160.0198364
38221,B-20-3-13_masks.tif,188,11897,792.3259018,310.8086395,50.38343078,6.168866127,0.986773622,16.85096481,3604.213667,3354.592923,5707,0.479700765,212.7315521,205.7248993,174.6902008
38222,B-20-3-13_masks.tif,189,11556,644.5269119,261.9144368,56.94452004,4.599466931,0.976078924,10.98509169,3552.858342,3358.451194,7588,0.656628591,200.7092743,191.0801239,158.5218811
38223,B-20-3-13_masks.tif,190,10028,615.6984848,259.4417737,52.07398823,4.982175988,0.979649572,9.283418802,3505.68209,3369.294475,6884,0.686477862,196.3410797,186.2901001,153.5547638
38224,B-20-3-13_masks.tif,191,13864,748.3675324,272.5258601,67.01794747,4.066460856,0.969291629,47.68529123,3865.013993,3353.553159,9323,0.67246105,201.5189362,194.472168,163.5316925
38225,B-20-3-13_masks.tif,192,12048,668.5269119,271.7010655,62.32622852,4.359337505,0.973333966,-5.492971724,105.9518592,3416.445966,5042,0.418492696,190.0247955,176.8502502,131.1174164
38226,B-20-3-13_masks.tif,193,11608,749.1959595,274.2194913,55.53732087,4.937571475,0.979276325,42.96418316,3830.847174,3394.311595,8676,0.747415575,204.5734253,196.1430359,169.2053986
38227,B-20-3-13_masks.tif,194,4517,370.9705627,149.3566947,41.07261537,3.636405751,0.961445137,-6.666158998,46.81802081,3380.519371,3358,0.74341377,198.7906494,189.9023285,165.5807037
38228,B-20-3-13_masks.tif,195,6948,551.7401154,202.6909488,44.72499754,4.531938736,0.975351669,-36.7566088,1405.437536,3412.209269,2280,0.328151986,198.8469238,189.6307068,160.0109711
38229,B-20-3-13_masks.tif,196,12114,837.5807358,311.9588136,53.20017859,5.863867789,0.985351463,45.64905264,3807.496285,3445.290821,4299,0.354878653,200.2470398,190.9872131,155.6099091
38230,B-20-3-13_masks.tif,197,10516,647.3969696,228.5483851,59.25141864,3.857264355,0.965809956,-32.15128611,206.1161088,3452.442659,7954,0.756371244,193.0393524,184.8295135,133.5499115
38231,B-20-3-13_masks.tif,198,3727,383.3553391,132.2271075,37.68874536,3.508397699,0.958518477,-45.26600599,1367.869332,3398.622485,151,0.04051516,208.125824,186.9602661,165.9271545
38232,B-20-3-13_masks.tif,199,12518,800.0243866,291.0071231,61.56381502,4.726918288,0.977366241,40.71679325,3778.401741,3482.240773,4700,0.375459339,205.1233978,195.1106415,157.0768127
38233,B-20-3-13_masks.tif,200,13682,622.1837662,233.6953188,75.56602073,3.092597924,0.946278505,79.94135967,2874.683087,3398.961702,6848,0.500511621,197.4239197,189.5947723,152.3491516
38234,B-20-3-13_masks.tif,201,8237,538.2842712,216.8679227,51.12480287,4.241931714,0.971815761,-7.147962358,1517.008984,3459.565012,3140,0.38120675,194.0458527,184.6961823,140.9576416
38235,B-20-3-13_masks.tif,202,16273,719.0121933,267.8169337,83.91853057,3.191392079,0.949640056,18.13393815,4847.548393,3546.24894,6887,0.423216371,197.3735962,192.9445343,155.776535
38236,B-20-3-13_masks.tif,203,18584,1020.953319,389.510781,63.6405832,6.120477868,0.986562231,-67.88565868,4168.54025,3505.796599,6759,0.363699957,190.6210938,181.9255829,136.4951935
38237,B-20-3-13_masks.tif,204,10616,759.7817459,288.8880823,48.12043089,6.003439224,0.986029431,37.61862951,2825.976733,3529.637811,7699,0.725226074,200.3586121,194.8675079,164.026886
38238,B-20-3-13_masks.tif,205,13353,849.3380951,297.093662,59.88140937,4.961367227,0.979476716,-48.88926578,4510.537258,3556.197259,7535,0.564292668,197.4122162,188.1339111,154.9770355
38239,B-20-3-13_masks.tif,206,10145,758.0243866,271.148199,49.88573267,5.43538572,0.982930065,41.04852442,2789.9862,3554.828191,4793,0.472449483,202.2787323,193.5729218,160.9835205
38240,B-20-3-13_masks.tif,207,10968,660.3259018,241.5006008,58.97460826,4.094992878,0.96972472,67.03436489,3363.123997,3512.349015,6734,0.613967907,202.3036804,194.075882,164.8633728
38241,B-20-3-13_masks.tif,208,14617,750.7106781,265.2721829,72.31590064,3.668241432,0.962124568,57.27158622,3516.337894,3537.146405,5046,0.345214476,191.9591827,183.7298889,137.0971069
38242,B-20-3-13_masks.tif,209,5669,476.0416306,177.9498212,43.81564044,4.061331055,0.969212773,-10.23305483,697.0485094,3563.049744,4225,0.745281355,188.801651,179.3950348,144.3289948
38243,B-20-3-13_masks.tif,210,11033,665.0538239,233.8606375,62.29404665,3.754141047,0.963870158,44.58076814,2924.324209,3562.21762,6569,0.595395631,193.5215454,185.2106934,154.3030853
38244,B-20-3-13_masks.tif,211,16816,690.5685425,227.5076473,97.80078495,2.326235392,0.902886455,53.19544414,3034.518019,3556.251487,13367,0.794897716,198.6270599,193.2857819,152.0166016
38245,B-20-3-13_masks.tif,212,11400,597.254834,218.1345823,67.21533063,3.245309965,0.951342001,64.09021356,3191.574386,3551.195965,7798,0.684035088,192.7375031,183.7651978,144.6217041
38246,B-20-3-13_masks.tif,213,9965,747.5391052,258.8025266,54.92348385,4.712055908,0.97722157,-54.89069346,4570.01425,3584.459308,6105,0.612644255,198.5017242,188.4651947,155.6981201
38247,B-20-3-13_masks.tif,214,1827,230.9705627,79.430883,31.31745071,2.536313819,0.918993373,-5.910607354,38.5922277,3532.938697,1318,0.721401204,186.9734497,174.6570587,147.1980286
38248,B-20-3-13_masks.tif,215,10405,567.0121933,208.471603,64.62155025,3.226038406,0.950743824,68.65838968,3348.281788,3567.269966,5111,0.491206151,192.7317505,182.8849487,153.2735291
38249,B-20-3-13_masks.tif,216,11705,724.3259018,276.1337983,56.80274427,4.861275663,0.978613559,-68.54272901,4675.914225,3597.479368,3691,0.315335327,192.888382,182.4500122,133.4058533
38250,B-20-3-13_masks.tif,217,3394,313.7989899,117.5750597,38.96857148,3.017176542,0.943477812,-19.41473976,3919.250442,3595.639069,3097,0.912492634,193.9928894,188.3035126,151.8356476
38251,B-20-3-13_masks.tif,218,6521,439.6984848,157.9461487,54.5114002,2.89748838,0.938556181,70.70020168,2746.252875,3611.485815,382,0.058579972,186.5418854,173.1177979,127.4685898
38252,B-20-3-14_masks.tif,1,18755,1058.267027,371.2529061,67.10232816,5.532638231,0.983529882,64.52341564,964.6860571,77.7732338,10071,0.536976806,198.8641663,196.6588287,150.8826294
38253,B-20-3-14_masks.tif,2,7195,622.4264069,239.0546008,44.26388,5.40066982,0.982707969,-15.39428329,2030.116053,89.74690757,4205,0.584433634,206.7550507,199.2145081,158.9010773
38254,B-20-3-14_masks.tif,3,7956,577.254834,210.2854093,50.42420857,4.170326422,0.970824934,-26.56963879,2075.744721,82.18024133,6823,0.857591755,210.7829437,202.8787994,163.3535156
38255,B-20-3-14_masks.tif,4,5494,521.4974747,196.1064077,41.98662022,4.670688106,0.976811481,-54.69735381,2380.375137,47.3565708,4455,0.810884601,206.9447784,202.8915863,153.7171783
38256,B-20-3-14_masks.tif,5,13620,640.627417,264.3335913,70.25840299,3.762305718,0.964029723,2.793401719,3469.585463,109.4922907,8149,0.598311307,205.0622101,197.1940155,131.3345184
38257,B-20-3-14_masks.tif,6,6409,504.5269119,187.7065117,46.59958206,4.028072859,0.968694032,-18.26594009,3556.29521,74.69230769,4310,0.672491808,209.128067,203.8955841,157.3944244
38258,B-20-3-14_masks.tif,7,5607,400.0416306,147.5896167,50.0094636,2.951233748,0.940843529,-19.91939761,3607.407705,60.03103264,4887,0.871589085,208.62677,203.1663666,154.8813171
38259,B-20-3-14_masks.tif,8,6674,439.5979797,152.5900038,56.46013844,2.702614766,0.929026959,-44.7701152,3688.615972,54.80056937,5948,0.891219658,212.4704132,206.8591156,161.2002411
38260,B-20-3-14_masks.tif,9,12368,737.6984848,301.9849661,57.65038797,5.238212209,0.981608551,-5.737660682,4442.7614,134.954641,4862,0.393111255,213.9759369,210.7326202,176.9183502
38261,B-20-3-14_masks.tif,10,10443,584.8700577,234.5019778,59.07424187,3.969614681,0.967749724,-11.52905547,4495.823614,100.5217849,8525,0.816336302,213.0796509,207.0780029,164.9869843
38262,B-20-3-14_masks.tif,11,5115,448.1837662,142.0229979,49.47245054,2.870749202,0.937367837,-35.84508525,5234.188465,47.42150538,1496,0.292473118,210.2967987,203.2927856,119.2647095
38263,B-20-3-14_masks.tif,12,8085,578.3259018,184.8010992,59.86119853,3.087160026,0.946083685,-48.3793554,5292.22919,53.65912183,80,0.009894867,219.8874969,186.8999939,172.9875031
38264,B-20-3-14_masks.tif,13,6655,416.7695526,139.3578584,62.65248692,2.22429891,0.893240139,-36.92154475,5371.414125,54.9728024,4581,0.688354621,209.3887787,204.984726,145.199295
38265,B-20-3-14_masks.tif,14,4510,559.0710678,275.8036655,22.70270749,12.14849223,0.996606383,88.48664629,1083.264967,14.92682927,0,0,,,
38266,B-20-3-14_masks.tif,15,3422,386.5269119,104.6320386,51.2882085,2.040079809,0.871622972,34.82626243,1438.189947,38.90444185,0,0,,,
38267,B-20-3-14_masks.tif,16,4070,349.8994949,151.3293577,38.56413947,3.92409528,0.966984338,2.071337788,1622.728747,63.89459459,0,0,,,
38268,B-20-3-14_masks.tif,17,6656,502.3847763,213.207773,43.87017534,4.859970841,0.978601948,-3.796122046,1987.316707,90.45522837,2467,0.370643029,202.8597412,197.6712646,140.7085571
38269,B-20-3-14_masks.tif,18,13631,1026.308658,359.4203905,53.68538976,6.694938643,0.988781891,45.63808807,4282.82217,134.2091556,7701,0.564962218,199.8700104,197.60849,152.8850861
38270,B-20-3-14_masks.tif,19,8044,540.8700577,225.8372773,46.63018113,4.843156768,0.978451475,-10.63366837,4541.128294,111.0409,7021,0.872824465,209.7396393,203.019516,162.417038
38271,B-20-3-14_masks.tif,20,8710,564.0416306,229.7503505,49.1101135,4.678269588,0.976887466,-9.970863659,4584.887141,121.1991963,7187,0.825143513,211.5380554,205.709198,162.4239655
38272,B-20-3-14_masks.tif,21,2813,240.7279221,80.70009298,46.19404915,1.746980281,0.819963153,-19.90932293,4734.314255,37.96302879,2181,0.77532883,206.0811615,202.1751556,144.1403046
38273,B-20-3-14_masks.tif,22,10178,743.0121933,284.8252339,47.40907568,6.007820862,0.986049946,-12.96075106,4806.476714,151.6784241,7384,0.725486343,206.5568848,201.7080231,154.3324738
38274,B-20-3-14_masks.tif,23,8840,742.4680374,286.4200702,43.12293456,6.641942928,0.988601124,-30.03712716,2088.841629,134.4295249,182,0.020588235,217.3461609,211.0714264,195.7967072
38275,B-20-3-14_masks.tif,24,10701,751.882251,296.3804455,50.12796435,5.912477184,0.985593092,-56.38170508,2406.821419,86.08363704,6941,0.648630969,207.6630096,201.9536133,157.0514374
38276,B-20-3-14_masks.tif,25,17062,1005.63961,381.512634,61.7623353,6.1771083,0.986809131,-15.68510096,3384.42117,194.3306764,9612,0.563357168,210.4415283,204.0854187,145.5141449
38277,B-20-3-14_masks.tif,26,13958,827.3553391,350.5004885,61.23481415,5.723876088,0.984620505,2.703395591,5010.172661,182.7310503,10203,0.73097865,204.3636169,199.132019,162.4377136
38278,B-20-3-14_masks.tif,27,18410,1026.551299,374.7019791,65.50039215,5.720606653,0.984602783,-43.59529292,2447.586801,150.6944595,7992,0.434111896,201.4256744,192.7052002,119.4157944
38279,B-20-3-14_masks.tif,28,4246,329.6984848,107.8833352,51.21031102,2.106672134,0.880157203,-39.49443183,3741.160622,70.28144136,3729,0.878238342,207.7323608,202.9257202,151.2201691
38280,B-20-3-14_masks.tif,29,9803,603.1126984,247.8231999,52.06249673,4.760109781,0.977684374,-10.17054722,4762.499337,142.8791186,7793,0.794960726,206.7499084,202.8176575,153.1530914
38281,B-20-3-14_masks.tif,30,11466,753.3553391,314.9230438,54.20102878,5.810277977,0.985077946,0.035816677,4897.08704,191.1536717,8270,0.721262864,206.9819794,203.9785919,154.8799286
38282,B-20-3-14_masks.tif,31,11631,728.3847763,319.0712685,47.51856626,6.71466531,0.98884808,1.225198755,4937.169633,200.1422062,9589,0.8244347,210.1750946,203.2532043,169.2960663
38283,B-20-3-14_masks.tif,32,8826,643.5563492,305.5770693,40.07193133,7.625713541,0.991364484,1.54753848,4973.690233,197.7288692,7561,0.856673465,210.0822601,204.9080811,163.3531342
38284,B-20-3-14_masks.tif,33,16264,1031.823376,375.2259303,58.53355957,6.410441002,0.987757765,56.73897621,4235.040089,187.5226881,8392,0.515986227,198.5065613,196.2261658,149.358078
38285,B-20-3-14_masks.tif,34,13856,934.1248917,334.8042518,74.64730758,4.485148395,0.974828037,-63.9645981,3890.173932,196.2673932,10133,0.731307737,211.3635712,205.566864,157.3117523
38286,B-20-3-14_masks.tif,35,4101,339.6984848,110.1627203,48.94522329,2.250734861,0.895878397,-55.11117716,3668.975372,131.7832236,3309,0.806876372,212.4602661,208.2478027,154.8504028
38287,B-20-3-14_masks.tif,36,8199,515.3553391,197.2148158,54.40187729,3.625147248,0.961200448,-19.08145692,4616.899012,185.7275277,7151,0.872179534,207.6510925,200.9337158,136.703125
38288,B-20-3-14_masks.tif,37,25617,1308.811183,551.1258379,61.36557054,8.981026869,0.993781718,-10.84190518,1234.35453,370.2901589,10223,0.399070929,197.141449,188.8526917,133.5240173
38289,B-20-3-14_masks.tif,38,10635,734.5685425,273.9109025,50.7498588,5.397274179,0.982686013,-25.14939229,2124.713399,232.6845322,9506,0.893841091,206.480011,199.1943054,155.3898621
38290,B-20-3-14_masks.tif,39,11528,918.8528137,307.6467688,55.10695547,5.582721205,0.983826484,51.59492869,4200.853053,237.0896079,5393,0.467817488,205.0140991,196.9862823,151.4483643
38291,B-20-3-14_masks.tif,40,13259,892.7523087,320.2563864,55.06625293,5.815837639,0.985106677,47.59431926,4181.568142,282.0699902,8035,0.606003469,205.3253326,196.5258179,142.9147491
38292,B-20-3-14_masks.tif,41,17969,1100.208153,395.3462583,60.90642358,6.49104372,0.988061739,42.50346781,1746.002838,342.7116144,10107,0.562468696,199.9580536,191.9716034,145.2396393
38293,B-20-3-14_masks.tif,42,16364,1037.722871,364.7597585,66.22684143,5.507732977,0.983379332,42.54872191,1782.848448,310.7671107,498,0.030432657,234.1726837,223.9417725,212.6104431
38294,B-20-3-14_masks.tif,43,6080,459.3553391,169.8644603,46.54802861,3.649229953,0.961721026,-24.9277865,4680.867434,271.4893092,4413,0.725822368,204.5844116,196.3462524,139.8187103
38295,B-20-3-14_masks.tif,44,5913,450.7695526,168.2508081,46.58431998,3.611747647,0.960906154,-31.65046022,4628.322679,271.6210046,5187,0.877219685,209.2884064,199.9575806,145.1977997
38296,B-20-3-14_masks.tif,45,13380,810.2253967,295.051218,61.24835251,4.817292317,0.978216879,24.66938192,5117.703064,358.6759342,7395,0.552690583,189.7522583,188.4370575,134.1191406
38297,B-20-3-14_masks.tif,46,10009,717.254834,278.7229833,51.29009635,5.434245655,0.98292284,-17.8041199,2040.549805,330.817764,5411,0.540613448,209.6756592,198.7015381,158.0121918
38298,B-20-3-14_masks.tif,47,11912,885.7817459,325.4138288,64.05863586,5.079936911,0.980433047,54.48007936,4131.509822,344.412861,5113,0.429231028,202.2002716,199.6757355,155.1818848
38299,B-20-3-14_masks.tif,48,5578,439.9411255,165.6659735,44.305097,3.739208009,0.963575539,-30.21323459,2136.323055,306.9845823,4305,0.771782001,210.5484314,205.2738647,157.230423
38300,B-20-3-14_masks.tif,49,12698,793.0121933,325.7774224,55.6878017,5.850067922,0.985281755,81.85493911,3888.391636,281.4968499,9507,0.748700583,204.9412994,199.2117462,157.5221405
38301,B-20-3-14_masks.tif,50,8724,562.6690476,188.9011283,64.32972031,2.936451882,0.940227479,58.46370565,5372.668271,297.8750573,4510,0.516964695,196.2257233,198.3432312,134.5445709
38302,B-20-3-14_masks.tif,51,6176,602.5685425,214.9541873,38.6215798,5.565649785,0.983726293,55.40003743,4151.731703,313.8678756,3361,0.544203368,200.4498596,202.0618896,142.70961
38303,B-20-3-14_masks.tif,52,14251,762.7106781,269.4294318,69.01788723,3.903762381,0.966633565,40.21244569,5354.240334,370.6048698,8729,0.61251842,196.3670502,192.6889648,135.8681335
38304,B-20-3-14_masks.tif,53,15677,887.7401154,334.6012217,67.35806714,4.967500344,0.979527892,-77.33010557,468.1335077,310.1296166,10960,0.699113351,194.2702484,189.5747223,140.1271973
38305,B-20-3-14_masks.tif,54,12077,713.1126984,289.9027194,54.25738124,5.343101948,0.982329976,81.90285645,3860.712015,322.3796473,9547,0.790510888,210.6150665,204.5149231,164.7489319
38306,B-20-3-14_masks.tif,55,23195,1248.024387,475.0781611,87.12272202,5.452976561,0.983040968,74.0685955,3842.82729,411.3136452,14774,0.636947618,203.4730682,199.0970612,150.5482635
38307,B-20-3-14_masks.tif,56,8444,699.4974747,248.316167,46.03423106,5.394163459,0.982665861,-70.97269028,466.2478683,358.7086689,5282,0.625532923,199.4852295,194.7786865,149.8888702
38308,B-20-3-14_masks.tif,57,14362,734.5269119,298.9338987,61.8670088,4.831878969,0.978349653,-8.462581479,4357.614887,456.5618995,7737,0.538713271,208.7283173,203.5278473,140.954895
38309,B-20-3-14_masks.tif,58,22592,1428.592929,498.4962347,75.86122822,6.571159555,0.988352773,-42.75822624,2143.171654,476.6538155,12745,0.564137748,211.1128235,204.9963074,164.9785004
38310,B-20-3-14_masks.tif,59,15733,1182.651804,430.0077338,49.12947617,8.752540579,0.993451739,-27.42400035,2436.574906,512.2326956,4619,0.293586729,203.6022949,196.2067566,156.4992371
38311,B-20-3-14_masks.tif,60,10378,799.0954544,279.7029552,51.75277248,5.404598475,0.982733321,-43.66894535,2239.37117,444.7774138,7422,0.715166699,205.9102631,199.4927216,155.0863647
38312,B-20-3-14_masks.tif,61,15011,882.1837662,369.2294497,53.29676967,6.927801666,0.989527287,7.057804782,4760.598694,500.3302911,7132,0.475118247,197.0493622,192.6835327,139.9277954
38313,B-20-3-14_masks.tif,62,10885,751.5979797,285.7179324,55.44799396,5.152899357,0.980988573,86.6417564,3921.741847,374.418282,759,0.069728985,219.4150238,197.144928,201.3438721
38314,B-20-3-14_masks.tif,63,14814,890.2842712,390.2758539,51.68383455,7.551217074,0.991192496,-89.29005728,670.6663291,379.3084245,7540,0.508977994,190.6725464,187.5457611,146.993103
38315,B-20-3-14_masks.tif,64,13436,956.9949494,367.6146374,66.19646869,5.553387434,0.983653748,40.98358006,2696.042349,495.7126377,5319,0.395876749,200.0584717,195.6685486,157.814621
38316,B-20-3-14_masks.tif,65,8138,643.2964646,240.3101202,44.83981644,5.359302051,0.982437594,-37.02106797,4577.048783,481.4197592,7381,0.906979602,208.3579407,201.2918243,148.5632019
38317,B-20-3-14_masks.tif,66,8878,602.2253967,219.3846142,52.71439939,4.161758774,0.970702872,-40.59452215,4609.584141,510.1511602,7373,0.830479838,211.2323303,205.5994873,147.6291809
38318,B-20-3-14_masks.tif,67,14932,804.4264069,318.7155755,68.83350396,4.630239013,0.976399652,-89.13865857,521.5504956,471.9982588,6384,0.427538173,206.1920471,197.8139038,138.3656006
38319,B-20-3-14_masks.tif,68,5173,506.9116882,179.9876671,37.3970023,4.812890233,0.978176569,43.77554037,2667.232554,503.7245312,4379,0.846510729,201.8401489,198.822113,148.2466278
38320,B-20-3-14_masks.tif,69,22134,1338.83557,491.9626043,61.54269058,7.993842967,0.992144607,36.34513188,1414.14742,637.797235,7469,0.337444655,185.9542084,180.8013153,136.2222595
38321,B-20-3-14_masks.tif,70,13345,758.9533188,274.9915948,64.76433823,4.246034196,0.971870985,37.31336033,2632.667891,578.5160734,9815,0.735481454,199.902298,192.9555817,151.0379028
38322,B-20-3-14_masks.tif,71,14556,883.3969696,335.02837,60.59022664,5.529412722,0.9835105,-70.37104067,4995.387332,539.6715444,10272,0.705688376,208.151474,201.8506622,151.9493713
38323,B-20-3-14_masks.tif,72,14939,775.0121933,296.7866259,68.23381687,4.349553338,0.97321221,89.70467143,469.7134346,529.6165071,9337,0.625008367,199.8357086,192.494812,137.4433899
38324,B-20-3-14_masks.tif,73,11631,697.0538239,251.2429753,62.81123706,3.999968589,0.96824533,36.94056601,2587.505116,604.2383286,8024,0.689880492,201.9948883,195.9689636,141.7546082
38325,B-20-3-14_masks.tif,74,12389,815.0538239,314.4324817,50.91747158,6.175335733,0.986801506,-66.41985042,4996.637905,594.199774,7516,0.606667205,210.2541199,201.978714,157.3735962
38326,B-20-3-14_masks.tif,75,18303,927.3553391,397.1262601,60.24651985,6.591687969,0.98842563,8.071090953,428.9049883,746.5907228,7261,0.396710922,190.7059631,180.0125275,130.9809875
38327,B-20-3-14_masks.tif,76,12090,768.5685425,299.3748885,53.61591915,5.583694046,0.983832166,-68.11590329,5011.991811,637.8898263,9180,0.759305211,210.1885681,204.2349701,160.1611176
38328,B-20-3-14_masks.tif,77,18534,1064.325902,439.2478251,74.29417827,5.912277857,0.985592113,-1.089496098,708.0794756,796.0883242,11356,0.612711773,202.6389618,195.9380951,159.3217621
38329,B-20-3-14_masks.tif,78,12572,697.0121933,274.9945694,60.11442817,4.574518594,0.975814051,-75.45521789,4154.059656,664.1870029,8779,0.698297805,202.6719513,196.8572693,137.0574036
38330,B-20-3-14_masks.tif,79,25338,1267.053824,497.6991666,74.97655038,6.638064356,0.988587722,82.56044327,1227.006867,684.7161575,10774,0.425211145,196.9764252,190.5,143.6872101
38331,B-20-3-14_masks.tif,80,15979,950.8528137,356.651791,59.18718848,6.025827551,0.986133779,30.59747773,824.9865448,814.224357,8436,0.527942925,195.6587219,189.0209808,148.8377228
38332,B-20-3-14_masks.tif,81,18678,1138.024387,440.3882962,58.08342882,7.581995504,0.991264172,-22.33853854,531.6526395,855.5964771,10094,0.540421887,202.0872803,194.4308472,145.6528625
38333,B-20-3-14_masks.tif,82,21684,1039.982756,416.1111288,74.2505008,5.604152488,0.983950956,14.98260943,2199.092972,875.7836654,6961,0.321020107,202.1042938,195.5148621,129.3505249
38334,B-20-3-14_masks.tif,83,29221,1287.982756,530.542095,79.51312846,6.672383609,0.988705487,82.45965889,1211.852127,749.150166,10311,0.352862667,199.3312073,192.6954651,137.1314087
38335,B-20-3-14_masks.tif,84,11719,712.8700577,287.1516434,53.96236356,5.32133184,0.982183787,88.39115635,2513.240123,721.2314191,7271,0.62044543,203.3453369,201.3189392,159.184433
38336,B-20-3-14_masks.tif,85,22042,1338.007143,466.806652,71.25841246,6.550898847,0.988280188,-39.13723061,1897.86131,900.1656837,11011,0.499546321,206.9409637,198.9437866,150.5556335
38337,B-20-3-14_masks.tif,86,16676,907.3553391,341.5098829,69.88847492,4.886497857,0.978836147,88.05708741,2465.082214,787.878508,5632,0.337730871,199.1621094,192.71875,138.3354034
38338,B-20-3-14_masks.tif,87,20347,1200.267027,471.1139041,58.95076577,7.991650285,0.992140279,21.8793257,2339.720155,985.7254141,7604,0.373716027,204.0394592,196.467392,166.8604736
38339,B-20-3-14_masks.tif,88,12231,786.2253967,311.0102785,52.55662685,5.917622517,0.985618317,-65.62611757,2621.345761,832.3399558,6429,0.525631592,206.0102692,199.5206146,155.6257629
38340,B-20-3-14_masks.tif,89,5778,467.254834,158.2237897,49.75794081,3.179870129,0.949264678,-34.68086538,4133.486847,838.6884735,5020,0.868812738,213.9115601,207.5595551,136.3404388
38341,B-20-3-14_masks.tif,90,14870,1123.095454,420.1672427,53.21194733,7.896107243,0.991948146,24.427312,2377.055145,952.4170814,5834,0.392333557,197.7704773,191.1006165,151.5305176
38342,B-20-3-14_masks.tif,91,9164,848.3259018,285.9362633,44.47581069,6.429028699,0.987828888,-70.63784843,2706.823767,846.7164993,6001,0.654845046,206.1579742,200.4622498,148.8505249
38343,B-20-3-14_masks.tif,92,13402,1075.622366,406.6304788,45.65627899,8.906342956,0.993676661,51.28196579,4354.629906,954.2674974,5607,0.418370392,195.2775116,192.3625793,139.8434143
38344,B-20-3-14_masks.tif,93,15390,1008.066017,361.8695847,59.72447406,6.058983195,0.986286172,50.65765542,4455.754646,968.1586095,6503,0.422547109,200.0098419,196.437027,155.1448517
38345,B-20-3-14_masks.tif,94,17782,1221.338095,468.8934325,53.72079849,8.728340711,0.993415257,-21.41078251,2657.561073,1080.332134,7346,0.413114385,202.5673828,194.3800659,143.6008759
38346,B-20-3-14_masks.tif,95,11043,679.0538239,231.9489695,62.89641316,3.687793275,0.962532914,-37.97621784,718.4622838,1009.043919,8188,0.741465182,208.5469055,201.7374268,167.7648926
38347,B-20-3-14_masks.tif,96,15646,1058.509668,408.3303527,52.9829749,7.706821926,0.991546063,25.25140261,2853.418573,1102.57855,6536,0.417742554,202.3271179,197.5847626,148.3320007
38348,B-20-3-14_masks.tif,97,13309,883.3380951,304.1882998,57.6360344,5.277745129,0.981885573,-41.75842549,2554.960778,1032.405891,9723,0.730558269,208.5584717,202.9318085,156.0037994
38349,B-20-3-14_masks.tif,98,12366,881.2964646,334.2995978,51.14660819,6.536104928,0.988226758,23.57817068,2812.356946,1110.218421,7238,0.585314572,204.9078522,198.2345886,157.2475891
38350,B-20-3-14_masks.tif,99,8001,474.2842712,175.9228493,60.36978633,2.914087658,0.939276753,-16.06163973,4104.39795,1035.36258,6774,0.846644169,209.1272583,200.5862122,153.3076477
38351,B-20-3-14_masks.tif,100,6356,539.7401154,199.9353258,41.97247981,4.763486139,0.977716357,-38.04068351,741.7710824,1052.886407,5581,0.878067967,205.1222076,199.0492706,159.805954
38352,B-20-3-14_masks.tif,101,16555,1101.379726,414.5673965,53.30167711,7.777755203,0.991700203,-37.0142689,3057.61637,1154.09852,8934,0.539655693,208.6891632,201.3841553,149.477951
38353,B-20-3-14_masks.tif,102,5476,375.4558441,125.5734824,57.59274975,2.180369629,0.888623283,-4.888240535,4150.966399,1068.819759,4681,0.854821037,207.1031799,198.2178955,135.5864105
38354,B-20-3-14_masks.tif,103,16367,996.0660172,364.3415798,62.34313227,5.844133372,0.985251624,-36.79501546,3091.125252,1186.536751,9629,0.588317957,207.6105499,199.2708435,138.5398254
38355,B-20-3-14_masks.tif,104,9197,679.0538239,245.2896563,50.45844229,4.861221337,0.978613076,-30.85874502,2514.183321,1159.626726,7330,0.796999021,210.1845856,202.8095551,155.8753052
38356,B-20-3-14_masks.tif,105,10630,771.7817459,287.731376,55.24810348,5.20798648,0.981392424,-37.96302211,2535.093415,1200.431515,5949,0.559642521,207.8019867,199.5128632,144.009079
38357,B-20-3-14_masks.tif,106,16639,1048.894444,369.86572,64.5339221,5.731338001,0.984660837,51.78591668,2810.901677,1241.109742,4669,0.280605806,192.7509155,186.2884979,140.5489349
38358,B-20-3-14_masks.tif,107,5435,354.627417,122.9921867,56.84934995,2.163475692,0.886765703,7.936515094,700.0712052,1203.965225,3858,0.709843606,195.2001038,187.006485,142.7560883
38359,B-20-3-14_masks.tif,108,20280,1212.894444,448.4652337,71.31166588,6.28880602,0.987276538,61.26049376,996.8416667,1279.767012,8265,0.407544379,187.8995819,179.2891693,131.4290314
38360,B-20-3-14_masks.tif,109,5864,373.1126984,124.4895913,60.48704109,2.058120037,0.874025357,36.56708964,642.9918145,1228.846692,4214,0.718622101,195.9625092,187.7335052,144.6675415
38361,B-20-3-14_masks.tif,110,11839,786.2670273,273.8029133,57.5389392,4.758567279,0.977669739,42.77592236,4828.48847,1322.334995,5339,0.450967142,196.076416,195.4957886,146.6991882
38362,B-20-3-14_masks.tif,111,3988,295.5563492,104.7685985,49.40523544,2.120597089,0.881831145,-76.18263073,822.7715647,1246.978937,3034,0.760782347,197.8279572,190.7277527,152.4808807
38363,B-20-3-14_masks.tif,112,8370,593.1543289,212.440831,51.72768645,4.106907647,0.969902854,-34.16175981,3086.889247,1314.454839,5762,0.688410992,208.2710876,201.4682465,161.1516876
38364,B-20-3-14_masks.tif,113,14017,821.4386002,298.3518371,61.54640553,4.847591579,0.978491318,-38.47375027,2037.387387,1371.352144,8517,0.607619319,206.3328705,199.8187103,147.0180817
38365,B-20-3-14_masks.tif,114,6350,373.6984848,118.6737223,68.73097724,1.726640987,0.815214468,-56.60459803,846.0319685,1298.755118,5489,0.864409449,198.8886871,189.9648438,135.032608
38366,B-20-3-14_masks.tif,115,12643,860.509668,332.5831709,52.09739096,6.383873832,0.98765502,-48.16196246,3088.390018,1378.891323,5900,0.466661394,207.7039032,199.8467865,149.1601715
38367,B-20-3-14_masks.tif,116,9870,582.0416306,232.6076673,56.15833321,4.14199735,0.970418383,87.77718995,4571.164032,1327.569605,6853,0.694326241,200.8276672,195.4402466,153.2555084
38368,B-20-3-14_masks.tif,117,6468,420.0416306,157.6380327,53.81795425,2.929097453,0.939917343,-86.75996855,925.7799938,1351.713667,4862,0.75170068,196.8323669,193.499588,147.901474
38369,B-20-3-14_masks.tif,118,12200,667.1126984,265.6299644,60.41495255,4.396758636,0.973792031,84.2560018,2685.69541,1355.261967,6350,0.520491803,191.8470917,185.6188965,139.5595245
38370,B-20-3-14_masks.tif,119,14572,884.4680374,336.1761975,58.80157327,5.717129301,0.9845839,21.68467575,4859.96857,1497.716854,5314,0.364671974,194.6127167,189.779068,137.1157379
38371,B-20-3-14_masks.tif,120,13996,946.4091629,338.9150531,57.20709491,5.924353503,0.985651216,-51.81075378,2786.594027,1451.533224,10799,0.771577594,211.4245758,205.4038391,165.7170105
38372,B-20-3-14_masks.tif,121,12201,944.9949494,342.7946066,46.92163221,7.305683764,0.990587674,-52.37631099,2843.711253,1467.242111,8320,0.681911319,207.0695953,200.5516815,151.6854553
38373,B-20-3-14_masks.tif,122,7678,465.7989899,187.018662,53.8628078,3.472129835,0.957628104,86.70687065,4553.706694,1373.970305,4811,0.626595468,201.0750427,194.6902924,149.2673035
38374,B-20-3-14_masks.tif,123,21286,1259.521861,471.1033166,65.12717966,7.233590016,0.990398209,-51.33669917,1800.060133,1493.02302,11962,0.561965611,205.2309875,198.8542023,146.5101929
38375,B-20-3-14_masks.tif,124,21803,1184.953319,445.6099994,64.13199748,6.948325593,0.989589389,17.32934609,2159.859331,1583.136587,11930,0.547172407,202.0388031,193.3654633,146.9287567
38376,B-20-3-14_masks.tif,125,10983,733.9827561,267.1634949,56.70479968,4.711479388,0.97721593,22.99611452,4782.034963,1507.346718,6399,0.582627697,193.8931122,187.6283722,145.4392853
38377,B-20-3-14_masks.tif,126,17335,900.9533188,336.7832511,66.49949643,5.064448142,0.980311976,-27.4548992,2596.895183,1536.896048,7467,0.430747044,202.6709595,193.9903564,130.7363129
38378,B-20-3-14_masks.tif,127,16055,955.8233765,341.4051545,62.59273721,5.454389274,0.983049828,52.94324397,4990.842292,1509.364622,8431,0.525132358,196.6384735,191.9186401,132.2866821
38379,B-20-3-14_masks.tif,128,10430,707.254834,271.5489037,51.48407446,5.274425276,0.981862552,16.38278232,4686.38744,1538.664909,9428,0.903930968,206.5883484,197.762619,156.8977509
38380,B-20-3-14_masks.tif,129,5999,475.4974747,173.0508174,45.81097697,3.777496767,0.964323789,-49.97418122,894.7181197,1463.089015,5269,0.878313052,204.3213196,197.8999786,149.6847534
38381,B-20-3-14_masks.tif,130,2908,268.627417,91.06102076,41.34363263,2.202540391,0.890990888,45.42587159,4244.071183,1457.115543,1984,0.682255846,185.1975861,183.6819611,146.0826569
38382,B-20-3-14_masks.tif,131,8524,537.3553391,197.4909454,56.6651776,3.485225914,0.957952916,14.35002789,4728.306312,1518.707884,6788,0.796339747,206.2305603,197.2495575,139.4248657
38383,B-20-3-14_masks.tif,132,8556,581.9411255,230.3420111,52.89900352,4.354373348,0.973272296,15.83543243,4651.233637,1574.254792,5636,0.658719028,199.094223,189.651001,144.5280304
38384,B-20-3-14_masks.tif,133,19836,1194.693434,424.2322337,62.58125371,6.778902764,0.989059595,55.17225744,5178.823402,1581.482708,7070,0.356422666,194.9325256,192.5555878,125.7851486
38385,B-20-3-14_masks.tif,134,4952,394.5269119,140.141894,46.29164386,3.027369138,0.943869071,-59.74383191,914.26979,1499.006462,4630,0.934975767,203.4920044,197.6451416,151.4667358
38386,B-20-3-14_masks.tif,135,5994,406.5269119,129.8105166,63.36985527,2.048458467,0.872747461,-63.00976743,735.7355689,1515.77294,3774,0.62962963,204.0368347,197.1648102,143.3248596
38387,B-20-3-14_masks.tif,136,7772,623.9827561,220.7594812,48.23423204,4.576821728,0.975838688,-50.35820814,1807.862198,1549.964231,4365,0.561631498,206.4192505,201.7372284,159.7928925
38388,B-20-3-14_masks.tif,137,21983,1244.936075,425.7343581,71.52467782,5.952272294,0.985786473,39.25231544,2084.975709,1635.68785,9224,0.419596961,197.6634827,186.6913452,155.848114
38389,B-20-3-14_masks.tif,138,8879,566.4264069,213.9326678,54.01885671,3.960333129,0.967595848,25.12401015,4587.429891,1570.570222,6402,0.721027143,200.9117432,195.479538,143.1157379
38390,B-20-3-14_masks.tif,139,5939,451.6984848,154.3296239,51.43633083,3.000401105,0.942824795,-67.63610859,938.8104058,1544.761576,4882,0.82202391,202.0958557,196.2697601,155.8969727
38391,B-20-3-14_masks.tif,140,2784,248.9705627,77.04753552,47.41115657,1.625092934,0.788254456,30.0821631,4242.371408,1540.190014,1687,0.605962644,203.045639,199.6141052,147.4368744
38392,B-20-3-14_masks.tif,141,6788,525.3553391,200.5369982,44.89098744,4.467199534,0.974622714,19.08283498,618.6542428,1599.971126,4087,0.602091927,193.0560303,183.4215851,151.3848724
38393,B-20-3-14_masks.tif,142,6749,462.5269119,169.0400283,52.87590878,3.196919584,0.949818648,-22.96970968,506.296192,1584.261372,5124,0.759223589,196.7964478,188.7755585,137.8348999
38394,B-20-3-14_masks.tif,143,5274,351.6984848,103.8233706,65.53801557,1.58417019,0.775583239,38.02843957,4191.089685,1565.67482,4443,0.842434585,196.842453,189.5723572,132.3243256
38395,B-20-3-14_masks.tif,144,7314,553.4974747,202.7980448,47.02574209,4.312490048,0.972743304,31.22860776,4553.429861,1605.141099,5968,0.815969374,198.3438263,190.6776123,145.2002411
38396,B-20-3-14_masks.tif,145,15290,949.0954544,349.9795956,59.2262923,5.909193064,0.985576956,-58.31161479,1801.675147,1626.308764,10238,0.669587966,207.7144012,201.5384827,154.8369751
38397,B-20-3-14_masks.tif,146,17070,941.5979797,404.358144,55.30374132,7.311587506,0.99060294,-7.305673182,2791.475513,1739.051611,7220,0.422964265,211.4038849,202.907486,166.5860138
38398,B-20-3-14_masks.tif,147,15466,836.0416306,360.6136823,57.36136659,6.286699633,0.987267955,0.878354007,2680.317923,1726.22779,9950,0.643346696,205.0162811,196.7262268,146.034668
38399,B-20-3-14_masks.tif,148,16272,961.7401154,383.7540077,65.14954174,5.890356209,0.985483881,-7.314611702,2744.143006,1739.845624,11290,0.693829892,209.979187,202.2016754,163.0739594
38400,B-20-3-14_masks.tif,149,16278,1002.225397,392.0377237,74.23471189,5.281056715,0.981908493,-6.395045947,2871.602715,1752.681472,7866,0.483228898,206.3501129,197.3274841,154.3231659
38401,B-20-3-14_masks.tif,150,3378,292.0416306,98.91152939,44.57647831,2.218917535,0.892690526,-32.56971848,4394.715216,1609.512433,2426,0.718176436,206.181366,199.7489624,141.9740295
38402,B-20-3-14_masks.tif,151,5682,363.1126984,116.2452308,63.0929317,1.842444592,0.839889672,-61.95797404,905.68673,1611.582541,4461,0.785110876,204.1221771,196.3266144,145.3411865
38403,B-20-3-14_masks.tif,152,14631,853.3553391,359.9910963,60.94261076,5.907050777,0.985566416,4.692898703,2634.396419,1731.383637,5443,0.372018317,202.9533386,190.3323517,156.8028717
38404,B-20-3-14_masks.tif,153,10671,745.6984848,313.8830426,44.82806344,7.001931794,0.989749007,-7.105579995,2835.209821,1741.064661,7703,0.721862993,210.5396576,203.8622589,164.3585663
38405,B-20-3-14_masks.tif,154,5336,313.2132034,93.57183769,73.18702576,1.278530405,0.623092694,2.805977421,4157.423163,1631.599325,3893,0.729572714,202.7426147,194.4035492,133.0118103
38406,B-20-3-14_masks.tif,155,2990,240.1421356,63.25565508,61.58439867,1.027137659,0.228349024,70.53165847,4241.303344,1628.598997,2515,0.841137124,196.7391663,187.654068,134.5339966
38407,B-20-3-14_masks.tif,156,15638,973.4802307,348.563534,61.00628607,5.71356751,0.984564523,-48.67110543,722.2537409,1734.153217,7881,0.503964701,201.57341,195.0729675,136.1246033
38408,B-20-3-14_masks.tif,157,5193,332.8700577,95.48091024,70.70069424,1.350494663,0.672090052,-59.52395519,5010.414982,1648.92201,3663,0.705372617,197.0636139,189.724823,132.6683044
38409,B-20-3-14_masks.tif,158,12068,811.7817459,301.6089386,51.86188182,5.815618872,0.985105548,-60.64381177,1783.627279,1697.952105,7201,0.596702022,206.4181366,198.4932709,152.0205536
38410,B-20-3-14_masks.tif,159,18941,954.0832611,386.6872798,65.93572176,5.864609797,0.985355197,11.06118034,2593.872552,1829.219893,9199,0.485666016,203.3593903,196.2903595,146.9295502
38411,B-20-3-14_masks.tif,160,3278,260.9705627,74.95024314,57.99230669,1.292417002,0.633498306,-66.41915702,4295.444173,1662.959732,2723,0.830689445,208.4796143,203.9735565,148.2923279
38412,B-20-3-14_masks.tif,161,2478,229.5563492,64.80039024,51.10837045,1.267901709,0.614772269,-41.44454472,4342.152139,1679.129944,1983,0.800242131,202.9309082,196.3580475,132.6828003
38413,B-20-3-14_masks.tif,162,5178,423.8406204,134.0791445,53.73700219,2.495099077,0.916171836,-40.899098,4945.696408,1716.142526,4273,0.825222093,207.0479736,201.4509735,149.6777496
38414,B-20-3-14_masks.tif,163,19338,1299.681241,509.242306,55.56041504,9.16555979,0.994030331,19.2952496,2332.630313,1904.077206,8979,0.464318957,203.7079926,196.0746155,160.2089386
38415,B-20-3-14_masks.tif,164,4538,330.8700577,108.574702,54.05427748,2.008623684,0.867261239,-38.64316986,4235.005509,1728.726972,4001,0.881665932,205.3964081,198.3164215,152.9422607
38416,B-20-3-14_masks.tif,165,10347,628.3259018,233.5543887,60.48463156,3.861384003,0.965884158,-65.1284127,5004.071905,1743.529042,7686,0.742824007,203.5327911,197.2723083,140.6001892
38417,B-20-3-14_masks.tif,166,15763,1160.267027,431.9047995,60.43629883,7.146446885,0.990161444,20.64196924,2130.774853,1908.764131,9286,0.589101059,200.9437866,191.5531921,148.6728363
38418,B-20-3-14_masks.tif,167,5680,346.627417,114.0018993,64.2071482,1.775532826,0.826312972,-73.95966621,4474.290141,1731.114965,4263,0.750528169,207.5512543,200.8559723,140.8780212
38419,B-20-3-14_masks.tif,168,6155,366.627417,126.3516146,62.74793967,2.013637663,0.867971692,-74.80665883,4316.777904,1737.670187,4474,0.726888708,205.2420654,196.6712189,144.0675049
38420,B-20-3-14_masks.tif,169,11248,774.4680374,282.0626895,54.68540666,5.157915187,0.981025888,-62.95025754,1719.991198,1788.29463,10695,0.950835704,206.9831696,201.656662,159.4961243
38421,B-20-3-14_masks.tif,170,7696,544.7695526,211.8795754,47.53429812,4.457404101,0.974509595,21.63349597,5220.348623,1834.738695,7094,0.921777547,204.2420349,198.5985413,160.0365143
38422,B-20-3-14_masks.tif,171,10374,716.3259018,263.5289972,52.15259935,5.053036675,0.980222053,21.05352567,2279.276942,1875.929535,8526,0.821862348,206.2726898,197.3899841,170.0782318
38423,B-20-3-14_masks.tif,172,7856,505.6984848,194.8950012,52.80710339,3.69069668,0.962592985,14.60720873,5272.980524,1851.57141,6800,0.865580448,200.2360229,192.1598511,155.4786835
38424,B-20-3-14_masks.tif,173,6309,356.627417,115.5672908,69.90501332,1.653204617,0.79631223,-85.91650399,4485.541607,1795.501664,4730,0.749722618,204.543335,198.4775848,142.6900635
38425,B-20-3-14_masks.tif,174,5473,435.2132034,179.1581784,40.74818003,4.39671608,0.973791517,10.1932569,4567.362507,1842.804129,4626,0.84524027,203.7996063,200.161911,149.9208832
38426,B-20-3-14_masks.tif,175,9049,632.0832611,237.4917944,49.81199114,4.767763524,0.977756778,-65.69578536,1752.938004,1826.474528,8018,0.886064759,203.54216,197.1764832,150.3431091
38427,B-20-3-14_masks.tif,176,11942,708.4264069,269.5870084,59.52717737,4.528805503,0.97531712,-15.25143069,4736.815944,1904.527131,7732,0.647462737,204.6220856,200.8339386,142.7180481
38428,B-20-3-14_masks.tif,177,11440,783.2964646,297.1913828,49.84921873,5.96180623,0.985832222,29.83318864,2235.925699,1909.597203,9790,0.855769231,203.2515869,195.1475983,161.0233917
38429,B-20-3-14_masks.tif,178,6148,455.7989899,183.6028951,43.87088804,4.185073594,0.971033245,-3.882538372,5373.425992,1881.206571,5486,0.892322707,202.1904907,196.8439636,155.671524
38430,B-20-3-14_masks.tif,179,7811,525.9411255,209.9633412,48.91607639,4.292317713,0.972482876,19.87604256,5190.025989,1888.605556,6617,0.847138651,203.2505646,196.9132538,151.260849
38431,B-20-3-14_masks.tif,180,12666,914.1665222,311.4405237,55.50382999,5.611153748,0.983991306,46.59433052,5083.361756,1927.135323,5561,0.439049424,197.3431091,192.1003418,143.3132477
38432,B-20-3-14_masks.tif,181,7693,543.8406204,202.9871105,51.10379892,3.972055206,0.967790002,23.60363235,5154.545561,1915.096711,6475,0.841674249,204.2787628,196.7823944,151.9003906
38433,B-20-3-14_masks.tif,182,9572,679.3969696,250.5119519,49.60744532,5.049886166,0.980197118,57.54798514,4970.658796,1910.284476,3784,0.395319682,184.3266449,180.5491486,131.2944031
38434,B-20-3-14_masks.tif,183,9006,591.6984848,238.2379414,49.95971964,4.768600447,0.977764673,5.407951038,5337.626915,1973.418277,4173,0.463357761,190.7330475,182.5420532,135.8123627
38435,B-20-3-14_masks.tif,184,11689,701.6984848,294.040136,53.57969499,5.487902386,0.983257973,-5.883165906,1917.272649,2018.893147,8315,0.711352554,201.4810638,193.6206818,151.5470886
38436,B-20-3-14_masks.tif,185,5057,380.9705627,154.0737209,42.75041471,3.604028683,0.96073509,-8.356037029,5412.772592,1951.105992,4314,0.853074946,202.270752,201.0013885,149.7056122
38437,B-20-3-14_masks.tif,186,7222,590.7695526,229.4477864,49.59301504,4.626614981,0.976362217,-14.1434086,1792.567571,1973.080587,6018,0.833287178,204.6164856,192.6668396,147.7470856
38438,B-20-3-14_masks.tif,187,6007,454.8700577,161.9922904,55.09703576,2.940127144,0.940381556,87.32691998,60.42333944,1920.435658,3264,0.543366073,195.1231689,190.7071075,141.8602905
38439,B-20-3-14_masks.tif,188,6620,494.5269119,188.0029979,45.91674049,4.094432572,0.969716304,-17.32472752,1822.674169,1998.407855,6122,0.924773414,208.3384552,198.4697876,151.1502838
38440,B-20-3-14_masks.tif,189,11062,635.1126984,255.4584491,56.1984167,4.545652068,0.975502028,-9.690736368,1866.540047,2029.31676,5179,0.468179353,213.2786255,206.7084351,167.9600372
38441,B-20-3-14_masks.tif,190,8913,581.7401154,214.0066277,53.68109439,3.986629373,0.968028958,-57.46930901,1416.981039,1972.430607,3974,0.44586559,205.5734711,200.7871094,164.4949646
38442,B-20-3-14_masks.tif,191,14054,873.9827561,343.3994687,54.93133873,6.251430907,0.98712295,71.4425955,4975.626512,1977.444571,5940,0.422655472,203.1897278,195.1388855,154.8205414
38443,B-20-3-14_masks.tif,192,11765,662.627417,274.2837201,56.04463053,4.894023166,0.978901883,0.421535424,1572.304207,2077.18402,9804,0.833319167,202.7132874,194.0467224,145.1983948
38444,B-20-3-14_masks.tif,193,4177,390.3847763,158.497696,43.45708157,3.647223657,0.961678061,-79.50273452,55.68949006,1968.511851,2838,0.679435001,187.3470764,178.6441193,140.986969
38445,B-20-3-14_masks.tif,194,4326,346.9705627,139.7893914,40.46194546,3.454836138,0.957193338,5.185622249,578.5880721,2026.357374,3944,0.911696718,194.4604492,183.3689117,147.6683502
38446,B-20-3-14_masks.tif,195,6648,496.6690476,181.532658,48.14162462,3.770804567,0.964194692,-53.32733079,1422.501504,2024.767449,5810,0.873947052,203.1547394,197.5184174,155.0395813
38447,B-20-3-14_masks.tif,196,3194,304.9705627,117.7979487,35.62207138,3.306880935,0.953181192,4.054848374,624.8174703,2027.090795,2982,0.933625548,190.6660004,179.1666718,141.6069794
38448,B-20-3-14_masks.tif,197,7051,610.7695526,258.7086742,36.04922039,7.176540057,0.990244188,71.73104362,4980.413275,2021.540916,6051,0.858176145,193.9355469,184.7901154,153.8514252
38449,B-20-3-14_masks.tif,198,5412,446.627417,176.0811918,44.69647312,3.93948738,0.967246187,-77.40035792,65.13654841,2019.742609,3946,0.729120473,191.1697998,186.1391296,140.1155548
38450,B-20-3-14_masks.tif,199,7871,547.1126984,214.1483137,48.07113744,4.454821023,0.974479639,13.64965032,543.4665227,2123.999619,6609,0.839664592,201.0965424,190.4684448,156.029953
38451,B-20-3-14_masks.tif,200,9852,670.3259018,254.2598256,51.94353357,4.894927397,0.978909761,-23.27874127,1684.21417,2124.696102,6526,0.662403573,201.662735,191.4051514,145.3188782
38452,B-20-3-14_masks.tif,201,8380,590.1837662,235.8106275,46.43259886,5.078557593,0.980422311,-16.50836937,4740.268258,2146.133413,6578,0.7849642,199.5261536,195.792038,137.8478241
38453,B-20-3-14_masks.tif,202,9055,725.5391052,254.509641,46.86345298,5.430876831,0.982901463,48.12692689,5216.544782,2140.539702,4542,0.501601325,192.8685608,189.2241364,155.4310913
38454,B-20-3-14_masks.tif,203,3141,259.7989899,77.84619843,53.25899149,1.461653634,0.729335128,-20.47628065,1633.014327,2108.429799,2128,0.677491245,199.2937012,190.6372223,133.7095795
38455,B-20-3-14_masks.tif,204,3433,289.4558441,92.76348469,48.99759885,1.893225114,0.849120486,38.61124628,5000.908244,2109.228954,2610,0.760267987,197.8444519,193.0444489,147.3126373
38456,B-20-3-14_masks.tif,205,3462,275.8994949,109.5032663,40.96412152,2.673150608,0.92739224,-0.323663691,639.8622184,2139.882149,2803,0.809647603,196.6725006,188.2276154,149.4427338
38457,B-20-3-14_masks.tif,206,8597,694.7106781,241.8158963,47.10405594,5.133653388,0.980844365,39.58831681,5000.173316,2194.24462,7020,0.816563918,198.9625397,195.3401642,156.8605347
38458,B-20-3-14_masks.tif,207,7186,593.3969696,218.8486071,45.18584559,4.843300026,0.978452764,47.30313171,5190.987615,2175.076677,5777,0.803924297,193.158905,187.5658722,152.7507324
38459,B-20-3-14_masks.tif,208,20149,1025.355339,429.8898286,66.90259876,6.425607324,0.987815843,4.136205992,2770.814879,2319.398084,10371,0.51471537,200.0285339,192.2259216,144.4939728
38460,B-20-3-14_masks.tif,209,18322,1033.012193,432.5700298,61.47238121,7.036819158,0.98985092,5.877355786,2821.714169,2312.449842,6390,0.348761052,202.1960907,194.8995361,142.2148743
38461,B-20-3-14_masks.tif,210,4862,388.8700577,137.2820557,46.31112631,2.964342841,0.941381841,13.82320707,601.849239,2180.622172,4046,0.832167832,208.0874939,201.0709381,172.4609528
38462,B-20-3-14_masks.tif,211,11034,699.3969696,264.0652741,54.94659416,4.805853358,0.978111897,27.61759232,5147.627606,2233.032808,8483,0.76880551,194.1748199,187.0340729,141.4717712
38463,B-20-3-14_masks.tif,212,6393,456.0416306,171.9162008,49.878067,3.446729418,0.956987208,5.831173923,4895.628656,2224.178007,5890,0.921320194,203.5336151,200.392868,160.664856
38464,B-20-3-14_masks.tif,213,3241,269.2132034,82.19527605,51.37415033,1.59993451,0.780604266,19.96605777,5052.621413,2172.73681,2475,0.763653193,199.5296936,192.26828,138.9410095
38465,B-20-3-14_masks.tif,214,7660,570.5685425,211.3314599,47.46163071,4.452680127,0.97445477,39.20033074,1517.129634,2214.022715,7443,0.971671018,197.3917847,190.0818176,153.1057434
38466,B-20-3-14_masks.tif,215,6952,570.5685425,211.9938091,42.65570012,4.969882301,0.979547716,35.45253224,1484.559407,2240.91916,6685,0.961593786,205.4411316,196.9820557,166.4115143
38467,B-20-3-14_masks.tif,216,6537,443.4558441,172.9242221,49.3496792,3.5040597,0.958413476,12.14570232,4851.19642,2244.653205,5269,0.80602723,201.7910461,195.0521851,157.4773254
38468,B-20-3-14_masks.tif,217,6177,459.0121933,161.3557492,49.86135326,3.236088445,0.951057151,36.02369664,1429.544601,2233.590254,5146,0.833090497,209.5334167,201.787796,168.6748962
38469,B-20-3-14_masks.tif,218,7521,508.2842712,205.2899416,47.81984355,4.292986474,0.97249157,-13.19302941,4755.700306,2276.104241,6700,0.890838984,204.0129852,197.3925323,151.5861206
38470,B-20-3-14_masks.tif,219,5772,442.0416306,178.1646298,43.20661201,4.123550112,0.970149036,-77.55297438,1063.474359,2221.344075,5219,0.904192654,205.4010315,198.933136,160.1569214
38471,B-20-3-14_masks.tif,220,7835,489.2132034,196.1548881,52.04488155,3.768956375,0.964158914,-7.360779238,4798.909636,2294.299681,6508,0.83063178,204.0743713,196.8397369,152.9320831
38472,B-20-3-14_masks.tif,221,16840,954.9116882,368.6382162,65.67060601,5.613443192,0.984004468,86.81248401,1100.537292,2281.105819,9373,0.556591449,199.8551178,191.6653137,146.0446014
38473,B-20-3-14_masks.tif,222,11957,727.5391052,260.441505,59.82086621,4.353689967,0.973263789,41.62214878,1477.186,2352.891026,9326,0.779961529,196.921402,185.7651672,147.4853058
38474,B-20-3-14_masks.tif,223,6679,548.5685425,199.0790095,44.58034863,4.465622536,0.974604554,-35.79000907,5264.510106,2352.421919,4893,0.7325947,191.0897217,184.1148529,136.8655243
38475,B-20-3-14_masks.tif,224,10102,597.2132034,243.954097,56.08266954,4.349901653,0.973216559,-2.075227884,5394.826866,2393.458523,6175,0.611265096,205.1065521,202.187851,145.8853455
38476,B-20-3-14_masks.tif,225,14228,852.5269119,351.3288377,54.07264552,6.497348784,0.988085037,85.20889099,1090.783807,2333.196795,2614,0.183722238,211.535202,207.2417755,178.8764343
38477,B-20-3-14_masks.tif,226,8915,630.4680374,226.7264619,51.70470961,4.38502534,0.973649691,-40.55191862,5278.428603,2401.181828,6867,0.770274818,204.4843445,197.4335175,151.710495
38478,B-20-3-14_masks.tif,227,10386,671.6984848,283.1273938,47.67884714,5.938218117,0.985718626,82.05368388,1111.109474,2382.195455,4316,0.415559407,197.2574158,189.243042,146.7398071
38479,B-20-3-14_masks.tif,228,7828,541.4974747,194.9300428,52.9841737,3.679023928,0.96235059,49.98124301,1460.719213,2428.78232,5537,0.707332652,200.80513,191.5423584,152.4964752
38480,B-20-3-14_masks.tif,229,9755,660.2842712,269.6131571,47.81002499,5.639259908,0.984151765,85.1686688,1114.477191,2426.269913,7966,0.816606868,200.779068,191.3528748,153.0287476
38481,B-20-3-14_masks.tif,230,8420,616.5685425,233.8689415,47.7620703,4.896541126,0.97892381,58.95097083,3269.796793,2466.820784,7322,0.8695962,200.2130585,194.004364,161.0264893
38482,B-20-3-14_masks.tif,231,13838,951.0954544,350.2864251,53.15944315,6.589354672,0.988417383,31.612157,3155.341668,2587.235077,2391,0.172785085,194.2128754,188.0376434,148.058136
38483,B-20-3-14_masks.tif,232,7258,522.6690476,188.3099948,50.16689342,3.753670639,0.963860932,58.06831825,3229.557454,2493.049049,6240,0.859740975,201.591507,193.5296478,155.6278839
38484,B-20-3-14_masks.tif,233,8925,693.5391052,253.4550902,46.4361579,5.458140848,0.983073321,48.57504789,3107.540056,2627.000672,6815,0.763585434,201.3806305,193.3379364,155.4971313
38485,B-20-3-14_masks.tif,234,8793,626.5685425,235.0009437,48.69750832,4.825728293,0.978293816,57.98548748,3364.794382,2637.877516,7075,0.804617309,192.8493347,185.5386505,153.6695404
38486,B-20-3-14_masks.tif,235,8150,553.4974747,198.6550302,53.73099699,3.697214668,0.962727313,58.01959804,3046.338405,2636.99865,6606,0.810552147,202.3845062,192.815918,156.6911926
38487,B-20-3-14_masks.tif,236,10907,791.5391052,260.8504041,58.00283367,4.497201044,0.97496451,55.42569117,3046.110755,2696.083616,8126,0.74502613,205.7830353,195.8448181,158.4328156
38488,B-20-3-14_masks.tif,237,11031,688.2253967,252.5852781,56.36261749,4.481432718,0.974785738,56.94559622,3325.617895,2671.921494,8111,0.735291451,201.5384064,191.8344269,161.5858765
38489,B-20-3-14_masks.tif,238,8066,564.3259018,207.7114743,50.32075753,4.127749352,0.970210673,58.51031666,3624.162038,2695.004339,7350,0.911232333,197.4642181,192.5597229,148.7080231
38490,B-20-3-14_masks.tif,239,10495,819.4386002,282.8428628,52.13943148,5.424740063,0.982862418,42.87560176,2924.520534,2783.937399,7677,0.731491186,192.8016205,187.0665588,151.0358276
38491,B-20-3-14_masks.tif,240,18367,962.5269119,414.3149776,58.43141398,7.090620428,0.990005126,-6.168067398,2789.376872,2876.095661,9217,0.501823923,197.141037,188.0722504,138.3567352
38492,B-20-3-14_masks.tif,241,11749,741.2964646,273.19636,56.74025518,4.814859559,0.978194616,58.5863836,3376.802196,2765.650523,8045,0.684739127,198.3985138,192.2054749,150.4723358
38493,B-20-3-14_masks.tif,242,7327,544.4264069,210.7928442,47.26312713,4.459985131,0.974539475,66.50071896,3602.774942,2737.59424,6631,0.905008871,198.187912,189.7424164,155.7492065
38494,B-20-3-14_masks.tif,243,6690,559.7401154,208.3933196,43.95404465,4.74116367,0.977503611,58.02633945,3039.465471,2757.546338,5203,0.777727952,202.08284,194.495285,160.0015411
38495,B-20-3-14_masks.tif,244,8732,643.6396103,234.0435823,52.00397464,4.500494123,0.975001604,53.77203657,3014.773248,2787.518552,7610,0.8715071,212.0132751,203.2265472,166.0854187
38496,B-20-3-14_masks.tif,245,5888,421.2132034,167.7085277,45.7082078,3.669111867,0.962142889,-76.11462392,1793.836107,2794.379755,4596,0.780570652,191.778717,183.5417786,144.66362
38497,B-20-3-14_masks.tif,246,16748,855.1543289,314.2525145,70.4701408,4.459371175,0.974532372,76.11754214,2059.342608,2840.431096,8271,0.493850012,194.0841522,183.0550079,141.7653198
38498,B-20-3-14_masks.tif,247,10088,605.7989899,259.6333463,51.78712191,5.01347317,0.979905456,89.58726548,3341.737708,2838.379461,8507,0.843279144,198.2146454,189.9134827,141.4419861
38499,B-20-3-14_masks.tif,248,6564,434.9705627,187.2805201,46.24811029,4.049473998,0.969029331,85.31539594,1803.386045,2880.072364,5536,0.843388178,194.0364838,185.9398499,150.1492004
38500,B-20-3-14_masks.tif,249,7499,560.5685425,213.4736195,46.30151947,4.610510022,0.976194774,-37.97142964,3100.607681,2941.318042,6378,0.850513402,200.9303894,192.0617676,143.5533142
38501,B-20-3-14_masks.tif,250,6542,434.3847763,174.6492271,48.74586493,3.582852152,0.960259936,87.67864845,3421.388719,2880.413941,2103,0.321461327,194.8735199,185.2715149,149.5135498
38502,B-20-3-14_masks.tif,251,10673,590.7695526,229.0473789,61.44269448,3.727821198,0.963348439,14.01219484,1625.737375,2992.650145,5930,0.555607608,191.5774078,182.1521149,143.6706543
38503,B-20-3-14_masks.tif,252,10150,622.5269119,214.0142765,63.82239464,3.3532787,0.954498538,79.09185545,3315.646207,2916.658719,6972,0.686896552,198.9341583,190.3529816,134.8706207
38504,B-20-3-14_masks.tif,253,6483,446.7279221,197.4797894,43.19714277,4.571593784,0.975782709,-3.623159998,3674.470307,2978.760605,5729,0.88369582,199.7503967,190.7020416,153.1153717
38505,B-20-3-14_masks.tif,254,7965,458.3847763,187.7176647,55.19493791,3.400994218,0.955795678,-3.639091664,3718.51086,2971.184809,6209,0.779535468,196.148819,188.7655029,144.178772
38506,B-20-3-14_masks.tif,255,8257,581.3969696,209.8088789,51.69727226,4.058412944,0.969167779,-53.23891942,2901.441807,2980.181906,6468,0.783335352,201.9853058,194.4036865,146.657547
38507,B-20-3-14_masks.tif,256,14853,842.7695526,324.213129,61.11646806,5.30484073,0.982071832,-7.988218782,3507.321955,3100.571332,8736,0.588164007,204.0622711,195.2996826,149.6967773
38508,B-20-3-14_masks.tif,257,8905,654.4680374,234.3424887,49.55412897,4.729020439,0.977386591,-38.12590156,2145.46648,3036.070185,7255,0.814710837,202.1266785,194.917572,155.5205994
38509,B-20-3-14_masks.tif,258,5616,445.254834,155.7961826,47.13031767,3.305646775,0.953145367,-41.36299147,2939.921474,3008.798255,5179,0.92218661,206.6657715,196.4958496,153.2994843
38510,B-20-3-14_masks.tif,259,3503,302.8700577,98.60823354,46.14635448,2.136858581,0.88374081,43.79229688,3303.026834,2986.002284,2499,0.713388524,202.7058868,195.1604614,160.9475861
38511,B-20-3-14_masks.tif,260,13935,878.4264069,341.0747405,55.70409831,6.122973909,0.986573259,-7.225235031,3558.565052,3120.565267,8171,0.586365267,196.0429535,187.417572,145.1134491
38512,B-20-3-14_masks.tif,261,8203,646.2253967,241.1919984,44.64585127,5.402338438,0.982718744,-34.46092832,2174.307814,3073.816896,4545,0.554065586,200.1012115,193.0765686,148.3964844
38513,B-20-3-14_masks.tif,262,4250,343.6984848,119.2610041,46.04177403,2.590278213,0.922474126,50.16044268,3272.545882,3016.980235,3584,0.843294118,200.8596497,190.4679108,159.3233795
38514,B-20-3-14_masks.tif,263,7805,554.6690476,208.6510307,49.11736908,4.248009096,0.971897511,26.37372261,3402.472261,3067.951441,6260,0.802049968,190.6059113,182.8979187,143.553833
38515,B-20-3-14_masks.tif,264,6448,476.0832611,172.0396584,48.97238703,3.512993114,0.958629272,-47.78092962,2959.578629,3049.186725,5613,0.870502481,203.9424591,194.4922485,144.9016571
38516,B-20-3-14_masks.tif,265,7293,587.7989899,254.7208571,40.5183528,6.286555092,0.987267366,4.673342705,2315.743864,3131.959824,2689,0.368709722,190.8549652,178.7389374,155.6842651
38517,B-20-3-14_masks.tif,266,6636,488.627417,195.0419019,47.15740837,4.135975844,0.970330867,1.546730225,2363.054702,3118.861061,5110,0.770042194,203.7853241,194.3651733,170.7471619
38518,B-20-3-14_masks.tif,267,7646,686.5685425,248.2606236,40.6145359,6.112605206,0.986527358,-27.27102314,3044.706644,3137.365027,5722,0.748365158,205.5552216,197.8649139,159.7827759
38519,B-20-3-14_masks.tif,268,9140,653.6396103,245.1051504,51.15294946,4.79161325,0.97798014,45.3452876,3297.60547,3142.622538,6812,0.745295405,199.9477386,190.2322388,157.3134155
38520,B-20-3-14_masks.tif,269,5727,411.7989899,164.4017431,45.9317382,3.579262391,0.960178529,-8.094279554,2401.913043,3139.007683,5044,0.880740353,201.6883392,192.6231232,158.0451965
38521,B-20-3-14_masks.tif,270,10287,829.6396103,322.3852586,45.31555736,7.114229138,0.990071684,-24.2006664,2975.802372,3191.249635,5999,0.583163216,207.0181732,201.7826233,178.2662048
38522,B-20-3-14_masks.tif,271,4213,364.5269119,129.839949,42.09412677,3.084514609,0.945988522,53.89566612,3331.613814,3121.571802,3032,0.71967719,200.7691345,198.317276,162.9624023
38523,B-20-3-14_masks.tif,272,5767,479.7989899,202.1633436,37.65140814,5.3693435,0.982503806,4.796304214,2441.291313,3233.164037,4839,0.839084446,199.5788422,191.4622803,156.8941956
38524,B-20-3-14_masks.tif,273,4583,392.1421356,168.4708685,36.03685798,4.67495997,0.976854342,-2.862749199,2490.294567,3220.910757,4398,0.959633428,189.8883514,180.4095001,145.4943085
38525,B-20-3-14_masks.tif,274,4594,356.627417,136.6140764,43.73771419,3.123484592,0.94736509,17.4392457,3260.441445,3216.522203,4111,0.894862865,196.8771515,189.6689301,152.8088074
38526,B-20-3-14_masks.tif,275,6208,454.2842712,177.0758083,45.75728967,3.869892854,0.966036651,19.9347021,3215.507571,3235.359858,5536,0.891752577,196.2129669,188.2057495,152.1920166
38527,B-20-3-14_masks.tif,276,16925,935.254834,371.6585596,60.79143718,6.11366628,0.986532067,-78.21311355,4872.258612,3212.870015,8028,0.474327917,193.6856079,184.846405,139.5531921
38528,B-20-3-14_masks.tif,277,17311,994.509668,347.887267,73.05213983,4.762177642,0.97770397,31.04704308,2809.092022,3350.162267,7920,0.457512564,190.1446991,180.0132599,151.9756317
38529,B-20-3-14_masks.tif,278,7805,529.4974747,194.7874046,51.93607685,3.750522111,0.96379909,-34.67021135,2653.296733,3271.198975,5747,0.73632287,192.3551483,182.9046478,140.348175
38530,B-20-3-14_masks.tif,279,16973,909.7401154,360.3924158,62.76237682,5.742172844,0.984719118,-15.55150962,5015.580333,3392.056207,7358,0.433512049,194.1999207,188.8683014,130.6779022
38531,B-20-3-14_masks.tif,280,7538,572.3259018,214.9927181,46.91919129,4.58219147,0.975895981,55.17910075,1973.341603,3277.367471,4422,0.586627753,188.9461823,179.5542755,153.4280853
38532,B-20-3-14_masks.tif,281,20382,1244.308658,454.5320861,59.44755775,7.645933717,0.991410296,-62.20727578,4817.234521,3330.449465,9097,0.446325189,194.6686859,187.533905,142.943161
38533,B-20-3-14_masks.tif,282,19399,1238.107648,404.8514486,69.90642075,5.791334247,0.984979419,-43.81992748,4877.995257,3409.028094,8768,0.451982061,189.8058777,180.7804565,135.6739349
38534,B-20-3-14_masks.tif,283,15127,917.0954544,315.6719726,64.1753599,4.918896802,0.979116989,56.1050979,2012.308389,3383.755404,8423,0.556818933,199.0847626,191.9546509,159.3454895
38535,B-20-3-14_masks.tif,284,18015,952.0243866,346.5663094,72.66699692,4.769239463,0.977770699,59.29525594,1993.835082,3438.345101,7023,0.389841799,201.5530396,191.0613708,165.1050873
38536,B-20-3-14_masks.tif,285,12368,737.8406204,280.5397032,58.61115237,4.786456021,0.977932127,-13.3374833,2399.081339,3509.519647,7389,0.597428849,201.6755981,192.8101196,152.8463898
38537,B-20-3-14_masks.tif,286,13441,687.9411255,278.7113895,62.15588751,4.484070627,0.974815779,-11.47481849,2342.110706,3514.203333,7861,0.584852318,202.4711914,193.3395233,146.4435883
38538,B-20-3-14_masks.tif,287,7621,562.5269119,226.905755,44.38024728,5.112764549,0.980685975,-11.23100845,2452.433933,3505.699121,4425,0.580632463,201.7059937,195.0198822,164.8861084
38539,B-20-3-14_masks.tif,288,11790,612.7695526,236.0802655,65.22659956,3.619386372,0.961074334,-14.65513795,2496.07464,3543.158524,10233,0.867938931,201.460083,192.3486786,146.7060547
38540,B-20-3-14_masks.tif,289,19907,964.6690476,380.976443,70.9064216,5.372946968,0.982527475,79.31883173,2736.600693,3485.63219,10248,0.514793791,197.4789276,187.1405182,152.1647186
38541,B-20-3-14_masks.tif,290,2044,231.3137085,79.54690966,38.07432137,2.089253512,0.878011326,77.84192338,2962.972114,3627.42319,1048,0.512720157,190.6164093,180.817749,144.7261505
38542,B-20-3-15_masks.tif,1,3152,308.7279221,128.8492283,33.5356732,3.842154218,0.965535699,86.99696895,1464.428617,18.17290609,1727,0.547906091,196.3016815,197.4782867,132.0770111
38543,B-20-3-15_masks.tif,2,11783,788.2253967,292.8657401,56.34102684,5.198090212,0.98132083,25.6270643,3114.736485,106.6196215,6486,0.550454044,207.3313293,202.53685,161.9526672
38544,B-20-3-15_masks.tif,3,5494,471.3553391,184.7744137,41.32220442,4.471552676,0.974672742,-21.84251801,3212.070987,74.40444121,0,0,,,
38545,B-20-3-15_masks.tif,4,6698,523.0121933,186.1309473,52.36583568,3.554434774,0.959608537,-24.18303499,3581.481338,64.60883846,2150,0.320991341,215.9841919,208.6506958,133.3358154
38546,B-20-3-15_masks.tif,5,2915,324.8700577,110.0424237,36.55055332,3.010691049,0.943226699,-38.68608727,4002.358491,35.85797599,0,0,,,
38547,B-20-3-15_masks.tif,6,4871,356.627417,118.8171897,53.69669987,2.212746593,0.892054907,-89.49794751,4366.165059,27.03490043,0,0,,,
38548,B-20-3-15_masks.tif,7,5421,479.8406204,173.4119378,43.6580069,3.97205347,0.967789973,41.90764194,4600.682531,56.21379819,1315,0.242575171,198.8015137,203.266922,140.0266113
38549,B-20-3-15_masks.tif,8,5613,380.9705627,149.9842325,48.69820633,3.079871803,0.945820891,6.962072565,4746.679316,69.0714413,4733,0.843221094,207.0494385,202.4935608,161.184021
38550,B-20-3-15_masks.tif,9,8809,604.3259018,230.5284801,52.7996991,4.366094581,0.973417567,-61.10231653,266.3326144,64.4319446,8075,0.916676127,199.3214874,192.8676147,147.3739929
38551,B-20-3-15_masks.tif,10,7915,605.7401154,232.6367707,44.4347549,5.235468751,0.98158909,-28.96101303,428.3267214,101.1636134,6667,0.8423247,203.4385834,197.7331696,148.4168243
38552,B-20-3-15_masks.tif,11,4720,350.7279221,138.9099214,46.08568004,3.014166683,0.943361482,-5.752412716,1037.700424,61.21970339,3086,0.653813559,200.5570374,196.0819855,152.6283264
38553,B-20-3-15_masks.tif,12,11208,630.2842712,247.0719677,60.33291245,4.095144053,0.96972699,3.69286108,1097.772038,127.6884368,9500,0.847608851,199.8951569,192.427475,146.2585297
38554,B-20-3-15_masks.tif,13,10703,803.5391052,308.3631239,46.96344758,6.566024,0.988334439,32.01761877,3069.863122,113.8103336,5907,0.551901336,208.7088165,206.8425598,158.1398315
38555,B-20-3-15_masks.tif,14,11849,679.3969696,246.5907483,64.37831617,3.830338583,0.965318918,-58.59205234,3708.5576,63.25521141,6983,0.589332433,211.4094238,199.2964325,148.5171204
38556,B-20-3-15_masks.tif,15,3971,296.1421356,92.38305963,58.5803376,1.577031875,0.773248927,-22.60836412,4444.628809,41.65474692,1887,0.475195165,213.1849518,209.2877655,147.5299377
38557,B-20-3-15_masks.tif,16,9607,628.0416306,273.2104924,49.13848085,5.560010967,0.983692994,7.947165828,4708.002915,116.9302592,4186,0.435723951,208.7498779,207.8322906,156.5869598
38558,B-20-3-15_masks.tif,17,11620,737.4558441,316.999647,51.19777481,6.191668449,0.986871508,1.646389374,1144.55284,154.6067986,332,0.028571429,225.4789124,221.1265106,196.4367523
38559,B-20-3-15_masks.tif,18,6971,624.2253967,234.3901289,40.6743193,5.76260729,0.984828132,40.06244747,4149.737197,105.9994262,5619,0.806053651,202.7036896,201.835022,146.9976807
38560,B-20-3-15_masks.tif,19,9302,566.0832611,208.3385823,57.68212735,3.611839436,0.960908182,-29.21681253,479.5852505,124.2362933,8678,0.932917652,201.9253235,195.1129303,148.0726013
38561,B-20-3-15_masks.tif,20,13303,904.1665222,324.8267535,53.30148931,6.094140289,0.98644503,36.66099069,989.2340825,173.250545,9386,0.705555138,201.4987183,198.6450043,160.8687439
38562,B-20-3-15_masks.tif,21,9697,498.627417,196.9213008,63.7608802,3.088434479,0.94612944,80.54994192,1379.323605,64.29658657,8096,0.834897391,200.1216583,193.5413818,131.9562683
38563,B-20-3-15_masks.tif,22,13444,912.6690476,366.7710574,50.85422201,7.212204668,0.990340905,10.6162385,2816.341491,208.4928593,6878,0.511603689,205.1961365,201.8258209,152.8232117
38564,B-20-3-15_masks.tif,23,11966,775.0538239,295.7975793,54.44928618,5.432533648,0.982911981,-62.77089143,3730.43164,107.1738258,5044,0.421527662,210.4710541,203.188736,148.8820343
38565,B-20-3-15_masks.tif,24,12973,753.0121933,296.8075833,57.07471071,5.200334432,0.981337102,-9.188724933,3842.314885,183.4867032,8585,0.661759038,212.1153107,206.4532318,146.1079865
38566,B-20-3-15_masks.tif,25,3125,278.0416306,91.99548414,44.14126471,2.084115277,0.877367002,-38.64345212,4241.0944,79.0608,2239,0.71648,210.7034454,203.55159,155.1822205
38567,B-20-3-15_masks.tif,26,12446,867.5807358,321.4099932,51.47427481,6.244089778,0.987092455,45.37764348,5127.151856,138.6528202,6712,0.539289732,197.8669586,201.5131073,144.2401733
38568,B-20-3-15_masks.tif,27,8055,563.4974747,209.4314389,50.16459607,4.174885383,0.970889572,-57.47107189,278.4052142,106.2789572,6528,0.810428305,204.7985535,198.7533722,151.9370422
38569,B-20-3-15_masks.tif,28,8928,430.8700577,140.2133145,82.07151228,1.708428547,0.810792828,-19.86225045,4297.089158,106.4205869,514,0.057571685,182.6517487,168.4182892,152.6595306
38570,B-20-3-15_masks.tif,29,10957,843.4386002,300.8599333,51.76316596,5.812239798,0.985088094,35.46614914,945.5168386,201.5605549,7617,0.695172036,199.1391602,196.6938477,150.0989838
38571,B-20-3-15_masks.tif,30,8602,460.7695526,151.6082297,72.90440202,2.07954836,0.876789905,-17.86781258,4365.968961,130.8252732,7156,0.831899558,209.9086151,203.7779541,157.3721313
38572,B-20-3-15_masks.tif,31,13137,788.8111832,299.5627986,57.38390302,5.220328051,0.981481131,23.50267841,2452.540078,216.8276623,6537,0.497602192,204.3832092,202.407074,151.486618
38573,B-20-3-15_masks.tif,32,11595,744.2842712,308.7982876,49.7069839,6.212372254,0.986959446,5.542946557,2862.551617,228.5391117,6563,0.566019836,207.7944489,204.7559052,155.660675
38574,B-20-3-15_masks.tif,33,15759,1032.066017,369.3557267,61.99211178,5.958108477,0.985814505,43.74604302,3558.352116,213.3178501,7432,0.471603528,209.1890411,203.7420654,166.9542542
38575,B-20-3-15_masks.tif,34,10320,537.3553391,189.647787,70.71188991,2.681978763,0.927888002,-73.31140046,1362.059787,136.8926357,8901,0.8625,207.7433929,200.5946503,150.774292
38576,B-20-3-15_masks.tif,35,17386,1259.521861,440.8120249,63.20531066,6.974287766,0.989667157,41.11750841,3474.199931,313.6222823,5964,0.343034626,208.4942932,203.3500977,159.1579437
38577,B-20-3-15_masks.tif,36,6017,367.7989899,134.6492077,57.71813741,2.332875136,0.90346797,-79.35292257,3998.85059,151.6727605,5259,0.8740236,205.9547424,201.3799133,130.2049866
38578,B-20-3-15_masks.tif,37,16503,850.5269119,351.9405208,62.82853706,5.601602986,0.983936224,4.953492855,158.0002424,340.9720657,10341,0.626613343,194.5801239,186.1209717,142.4827423
38579,B-20-3-15_masks.tif,38,6010,400.0416306,150.6267142,51.7027992,2.913318361,0.939243642,-77.19713196,1373.094842,192.5898502,5446,0.906156406,207.3699951,197.739624,148.2311859
38580,B-20-3-15_masks.tif,39,15690,859.8406204,340.8327084,62.0180561,5.49570125,0.983305859,-11.02145595,230.0616953,346.3440408,12501,0.796749522,202.0558319,196.0792694,156.9445648
38581,B-20-3-15_masks.tif,40,17819,988.9533188,376.9316931,62.39379678,6.041172561,0.986204624,-21.93086368,1513.792469,349.0548852,11840,0.664459285,205.8587036,198.8573456,146.4893646
38582,B-20-3-15_masks.tif,41,10666,619.0121933,221.9632362,62.79380365,3.534795208,0.959148873,-18.35047135,4845.818395,313.7008251,6063,0.568441778,209.8896637,206.1339264,157.0930176
38583,B-20-3-15_masks.tif,42,12417,866.6101731,335.2134163,54.56788194,6.143053465,0.986661483,59.06210924,757.6692438,287.205122,6137,0.494241765,188.4184418,190.194397,140.5435944
38584,B-20-3-15_masks.tif,43,5190,369.7989899,140.0025443,48.70194049,2.874681026,0.937544753,-88.98329367,1378.241811,239.8416185,3980,0.766859345,202.3444672,197.9165802,140.959549
38585,B-20-3-15_masks.tif,44,6495,493.9411255,190.9701953,44.6177987,4.280134854,0.972323773,-18.9306945,4252.362587,305.2335643,5463,0.841108545,209.4105835,203.2981873,158.9760132
38586,B-20-3-15_masks.tif,45,15979,854.9116882,347.2198029,60.70301843,5.719975907,0.984599361,75.42064687,4515.406846,266.5514738,10561,0.660929971,206.3208923,201.4694672,147.5173798
38587,B-20-3-15_masks.tif,46,5833,347.2132034,116.2132096,64.60666443,1.798780523,0.831227645,1.251696522,4135.79376,281.9744557,4057,0.695525459,205.8597412,200.8506317,139.6684723
38588,B-20-3-15_masks.tif,47,4706,420.2842712,163.2291565,38.43609968,4.246766917,0.971880831,-19.33773468,4803.665533,290.5359116,3806,0.808754781,212.8405151,209.7180786,160.6489716
38589,B-20-3-15_masks.tif,48,8927,610.4680374,205.9762701,56.92409079,3.618437594,0.961053505,46.37542661,3524.070572,302.2764647,4042,0.45278369,208.0982208,203.3386993,164.5029755
38590,B-20-3-15_masks.tif,49,9613,569.3553391,221.748669,56.07242813,3.954682835,0.96750163,-18.48562735,4013.565796,329.5007802,6845,0.71205659,212.0150452,206.7428741,147.9070892
38591,B-20-3-15_masks.tif,50,6094,366.8700577,116.6717233,67.64653311,1.724725835,0.814757201,-12.14893002,4197.593206,288.3823433,5149,0.844929439,212.0982666,204.4575653,153.4200745
38592,B-20-3-15_masks.tif,51,14293,1026.308658,365.4775357,56.90562464,6.42252041,0.987804055,45.27426549,3814.955713,361.8516756,10393,0.727139159,205.8907013,200.5887604,154.6692963
38593,B-20-3-15_masks.tif,52,10723,753.9827561,295.2990927,48.99393186,6.027258511,0.986140409,68.84588513,622.9423669,297.0140819,6870,0.640678914,198.3310089,195.525177,159.6614227
38594,B-20-3-15_masks.tif,53,9409,605.7401154,217.0432817,57.02679501,3.805987724,0.964865613,35.11107438,57.32352003,359.1566585,6649,0.706663833,178.2550812,176.371933,121.9478149
38595,B-20-3-15_masks.tif,54,15098,971.3380951,348.4036099,57.36991996,6.072931776,0.986349533,-57.74499614,4970.89535,348.4333024,8044,0.532785799,209.1658325,202.462204,145.1923218
38596,B-20-3-15_masks.tif,55,6865,462.5269119,172.3187516,51.67576949,3.33461414,0.953975431,-18.73409025,4282.460015,350.7401311,4852,0.706773489,208.0010376,201.9676361,147.2621613
38597,B-20-3-15_masks.tif,56,5557,456.4264069,164.775035,43.83368621,3.759096012,0.963967122,34.39983798,3616.72953,344.0608242,3642,0.655389599,207.3896179,206.0884094,159.0389862
38598,B-20-3-15_masks.tif,57,7168,586.0832611,225.9513608,41.33557513,5.466268706,0.983124053,-25.53460471,4695.285156,373.2693917,5520,0.770089286,209.5760803,204.0124969,151.2878571
38599,B-20-3-15_masks.tif,58,11773,825.5391052,307.7013421,50.41348901,6.103551811,0.986487087,-60.26271654,5045.807271,361.8853308,7848,0.66661004,211.4118195,204.5486755,149.0810394
38600,B-20-3-15_masks.tif,59,7663,516.5269119,192.8811502,52.24780325,3.691660475,0.962612894,73.92131226,593.4687459,331.2607334,5903,0.770324938,203.5519257,201.4551849,157.1721191
38601,B-20-3-15_masks.tif,60,12218,798.509668,283.904406,56.80427967,4.997940431,0.97977907,42.77185751,3801.499836,411.0964151,10265,0.840153871,210.3427124,202.8565979,149.5632782
38602,B-20-3-15_masks.tif,61,13057,939.0954544,331.3351336,51.59662221,6.421643887,0.987800705,59.46682752,1123.24125,395.7074366,8626,0.660641801,202.7700043,200.7905121,158.5712891
38603,B-20-3-15_masks.tif,62,10991,733.9827561,280.2918991,53.76668937,5.213114335,0.981429358,-67.29391431,4432.78628,354.0488582,4017,0.365480848,205.5725708,198.4381409,132.6728973
38604,B-20-3-15_masks.tif,63,24289,1160.953319,453.690316,69.40616873,6.536743408,0.988229072,17.45315519,3373.704064,525.4142616,7763,0.3196097,202.0757446,195.4755859,143.9121399
38605,B-20-3-15_masks.tif,64,22516,1180.267027,437.3215761,77.71617233,5.627163085,0.984083002,18.10292845,3430.405711,512.1559336,8803,0.390966424,205.4415588,196.3025055,151.8299408
38606,B-20-3-15_masks.tif,65,12554,810.3675324,291.4525473,66.65185377,4.372759808,0.973499644,43.05712801,3783.562371,461.4036164,8224,0.655090011,203.1482239,200.3745117,147.4073486
38607,B-20-3-15_masks.tif,66,10536,591.9827561,206.9816723,66.97176242,3.090581236,0.946206379,-51.10632158,379.0269552,424.5161352,4311,0.409168565,199.5789795,187.5047607,141.8443451
38608,B-20-3-15_masks.tif,67,18723,1027.740115,396.558296,62.88512038,6.306075168,0.987346575,77.0092896,712.9777279,410.0408588,10465,0.558938204,199.8639221,195.1011963,143.0838928
38609,B-20-3-15_masks.tif,68,20895,1052.367532,409.9169881,66.17543873,6.194397739,0.986883152,21.37437687,3311.48112,548.6576693,9913,0.474419718,207.8064117,202.0855408,155.5880127
38610,B-20-3-15_masks.tif,69,7985,564.0832611,178.432921,60.14489327,2.966717725,0.941478568,34.46355334,3954.587351,462.7098309,6967,0.872510958,203.480835,202.238266,159.8788605
38611,B-20-3-15_masks.tif,70,10589,763.9827561,276.310638,50.78551263,5.4407374,0.982963921,67.10567653,1084.01341,432.8522996,8315,0.785248843,203.9599457,200.0678253,161.3572998
38612,B-20-3-15_masks.tif,71,21122,1027.195959,384.87842,79.47753705,4.842606279,0.978446522,22.19986784,3259.762144,574.2929173,8980,0.425149134,199.9091339,193.7159271,135.2546844
38613,B-20-3-15_masks.tif,72,6986,479.5979797,178.9752202,50.96674802,3.51160761,0.958595915,28.30478135,3476.14844,459.0636988,5165,0.739335814,210.5605011,205.4112244,162.2964172
38614,B-20-3-15_masks.tif,73,6876,497.254834,156.5330018,57.17715111,2.737684526,0.930900764,39.74498107,3528.348168,446.6785922,3614,0.525596277,202.7047577,199.0489807,145.1718292
38615,B-20-3-15_masks.tif,74,19997,1027.39697,422.4004111,61.14285576,6.908418094,0.989468123,-15.40823818,4474.428664,579.0698105,8053,0.402710407,209.3373871,200.2823792,131.9230042
38616,B-20-3-15_masks.tif,75,3696,376.5269119,135.269592,38.3980489,3.52282462,0.958864812,51.96189727,46.5465368,434.5367965,2854,0.772186147,192.3679047,189.8643951,139.2831116
38617,B-20-3-15_masks.tif,76,15301,1115.722871,369.5610347,58.7779074,6.287413946,0.987270867,52.21426365,1827.809228,551.2213581,7956,0.519966015,195.3492889,196.4680786,145.917923
38618,B-20-3-15_masks.tif,77,10907,753.3969696,290.2130795,49.60739505,5.850197922,0.985282414,67.58628482,1111.240488,490.6957,6867,0.629595673,197.6933136,195.9914093,147.3129425
38619,B-20-3-15_masks.tif,78,8347,560.5269119,222.7758506,50.64349662,4.398903422,0.973817925,-14.20889999,4674.972924,524.9726848,6923,0.829399784,212.1359253,206.5434113,155.3251495
38620,B-20-3-15_masks.tif,79,9010,573.1126984,233.8597425,50.26804938,4.652254173,0.976625151,-13.13023692,4717.312209,530.2866815,8132,0.902552719,209.5623474,203.9338379,164.2926636
38621,B-20-3-15_masks.tif,80,19316,1017.480231,361.2334053,69.78149332,5.176636212,0.981164193,35.05143286,5096.296076,569.9299027,8500,0.4400497,199.6870575,194.8482361,140.4429474
38622,B-20-3-15_masks.tif,81,10020,754.2253967,284.378177,46.73267583,6.085210656,0.986404945,63.39511913,4127.799102,498.3005988,8030,0.801397206,197.9891663,198.976593,150.3202972
38623,B-20-3-15_masks.tif,82,9134,581.7401154,208.4837716,58.16274247,3.584490048,0.960296996,-58.92047991,379.9892709,496.5965623,8355,0.914714254,207.2841339,200.0632019,147.58815
38624,B-20-3-15_masks.tif,83,9235,627.1126984,257.7198755,47.61853418,5.41217574,0.982782058,79.26182531,777.5264754,471.6004331,6295,0.681645912,200.9903107,199.1091309,156.6495667
38625,B-20-3-15_masks.tif,84,1722,239.5563492,79.52339998,35.46136989,2.242536039,0.89507097,54.50573495,29.28455285,474.0214866,0,0,,,
38626,B-20-3-15_masks.tif,85,18592,1208.007143,429.8229138,57.34296941,7.495651485,0.99106084,44.73663703,1650.16846,631.9017319,9438,0.507637694,198.2582092,192.9513702,139.2326813
38627,B-20-3-15_masks.tif,86,12065,593.1126984,225.7833501,68.98578609,3.272896678,0.952179325,-88.43642516,606.4644012,505.4839619,9931,0.823124741,201.7453461,196.1216431,145.239151
38628,B-20-3-15_masks.tif,87,17492,1255.722871,451.6610938,56.99246731,7.924926137,0.992006836,27.10869868,1064.524583,680.3739995,9664,0.552481134,200.2899475,195.0483246,138.1297607
38629,B-20-3-15_masks.tif,88,4539,354.8700577,126.8118214,47.09489407,2.692687262,0.928482476,59.98876175,4080.137475,525.8325622,3890,0.857016964,207.3694153,207.0010223,156.6601563
38630,B-20-3-15_masks.tif,89,14692,939.0954544,358.2199282,53.78701692,6.659970169,0.988663103,30.37743127,5073.425606,642.3028859,8080,0.549959161,205.8667145,205.0092773,146.9154663
38631,B-20-3-15_masks.tif,90,1356,167.8994949,52.97634967,35.0745865,1.510391282,0.749433086,24.23468573,18.30235988,516.6821534,132,0.097345133,216.8712158,206.265152,189.7121277
38632,B-20-3-15_masks.tif,91,7762,548.5685425,202.9861048,50.07786366,4.05340983,0.969090405,-44.43809584,4794.0773,567.7481319,6190,0.797474878,212.9557343,205.885788,150.1914368
38633,B-20-3-15_masks.tif,92,4691,517.3553391,194.2359173,33.16965456,5.855831779,0.985310931,21.15391875,1757.676402,584.7339586,1775,0.37838414,200.5842285,199.3521118,169.3515472
38634,B-20-3-15_masks.tif,93,18926,1015.112698,456.9863627,58.17570312,7.85527872,0.991863884,-2.665807536,4517.826376,720.9246539,9431,0.498309204,211.8588715,205.4606018,146.8799744
38635,B-20-3-15_masks.tif,94,10695,733.9827561,270.7927026,51.96938202,5.210620025,0.981411406,23.14977711,1160.546985,643.9086489,9265,0.86629266,201.0822449,197.0079803,148.8042145
38636,B-20-3-15_masks.tif,95,10630,698.4680374,260.8240621,55.32812348,4.714131723,0.977241859,55.31281805,3882.185419,597.5864534,9965,0.937441204,207.8070221,202.6379395,159.2495728
38637,B-20-3-15_masks.tif,96,11019,681.4558441,289.3891798,50.59240555,5.720012255,0.984599558,-1.371218046,4569.141483,660.7513386,8330,0.755966966,209.9422607,204.8507843,164.3062439
38638,B-20-3-15_masks.tif,97,10031,520.627417,203.5481201,63.87340851,3.186742728,0.949489091,-85.98583611,510.0941083,566.1583092,7132,0.710995913,200.4263916,189.913208,136.8422546
38639,B-20-3-15_masks.tif,98,1813,198.7279221,53.11011132,45.4919999,1.167460464,0.516047354,53.15364398,22.63430778,564.7992278,1475,0.813568671,188.9098358,186.0257568,139.2067871
38640,B-20-3-15_masks.tif,99,11641,689.1126984,290.3674987,52.68307984,5.511589291,0.983402779,-5.551223831,4612.991324,685.6577614,8720,0.74907654,212.4384155,207.5917358,169.4797058
38641,B-20-3-15_masks.tif,100,7108,498.0832611,178.0122792,51.99980939,3.42332561,0.956383626,-50.79474879,4831.310777,607.2618177,6042,0.850028137,213.2995758,205.7702789,153.8157959
38642,B-20-3-15_masks.tif,101,9862,636.5685425,235.891135,54.53719221,4.325325992,0.972907089,-33.36198558,1312.066619,649.5513081,8823,0.894646116,207.2447052,198.6426392,149.4194794
38643,B-20-3-15_masks.tif,102,7717,615.3969696,235.0262188,42.83084485,5.487312229,0.983254341,54.49206815,3855.966308,629.1631463,6645,0.861085914,207.7038422,203.6586914,152.1796875
38644,B-20-3-15_masks.tif,103,10497,758.3675324,289.3631034,49.17672475,5.884147529,0.985453005,56.26308852,3828.1328,656.5992188,800,0.076212251,217.5075073,200.1649933,203.2237549
38645,B-20-3-15_masks.tif,104,13086,909.8233765,315.0721289,55.42161229,5.685004747,0.984407799,41.05876067,4182.032019,686.173315,7736,0.591166132,199.3442383,199.5903625,150.1332703
38646,B-20-3-15_masks.tif,105,12718,693.4558441,290.7555725,57.00730189,5.100321588,0.980590688,1.527251495,948.5792577,720.391571,9683,0.761361849,205.2844086,198.3072357,154.9077759
38647,B-20-3-15_masks.tif,106,11138,656.0416306,278.5514515,51.7110357,5.386692564,0.98261732,1.652880755,2428.066709,717.4908422,7909,0.710091578,208.3640137,204.2010345,149.3417664
38648,B-20-3-15_masks.tif,107,11251,657.6984848,265.3761134,56.74431445,4.676699612,0.976871762,-83.68474872,514.4571149,616.9330726,6749,0.59985779,201.9964447,196.9213257,136.7864838
38649,B-20-3-15_masks.tif,108,7574,571.7401154,214.5554808,46.53104495,4.611017891,0.976200081,-32.94911739,1353.328096,672.7344864,6900,0.911011355,209.080719,201.0598602,165.0943451
38650,B-20-3-15_masks.tif,109,1483,169.0710678,48.86835202,40.87887065,1.19544281,0.547951486,-20.47729378,18.34726905,614.4989885,1301,0.877275792,189.2936249,183.4481201,124.3743286
38651,B-20-3-15_masks.tif,110,13330,762.4680374,275.652268,63.51379793,4.340037551,0.973092988,27.70464109,1139.448762,723.6624156,8340,0.625656414,201.2725372,196.0097198,142.9201508
38652,B-20-3-15_masks.tif,111,12765,822.0243866,308.1062541,58.66167353,5.252258171,0.981707702,52.8733208,3812.420133,700.3386604,6661,0.52181747,212.1215973,207.6817322,169.819397
38653,B-20-3-15_masks.tif,112,5846,633.6396103,216.5840708,41.13026591,5.265807698,0.981802588,40.516835,4294.927643,687.0831338,2019,0.345364352,197.2991638,200.3368073,148.9053955
38654,B-20-3-15_masks.tif,113,10770,761.254834,283.2384271,57.67232002,4.911167559,0.979050502,-11.63314551,4843.791179,721.0640669,2568,0.238440111,213.9910431,210.7581787,164.4715729
38655,B-20-3-15_masks.tif,114,7821,535.9411255,200.363614,53.20012122,3.766224764,0.964105937,-15.35225519,4900.737885,685.0414269,5263,0.67293185,208.0182343,200.8071442,139.814743
38656,B-20-3-15_masks.tif,115,9711,629.4558441,256.707286,49.2508837,5.212237156,0.981423048,8.713368846,899.4645248,732.8997014,8737,0.89970137,206.1094208,199.2350922,162.6258392
38657,B-20-3-15_masks.tif,116,8694,541.4558441,209.4049251,54.11443844,3.869668264,0.966032639,4.266372835,1000.81677,708.7548884,7769,0.893604785,203.3784332,196.637146,154.3471527
38658,B-20-3-15_masks.tif,117,11803,695.8406204,270.6753255,59.16041355,4.575277779,0.975822176,-14.4932719,4980.242396,736.8315682,8187,0.693637211,210.4546204,204.6972046,157.3935547
38659,B-20-3-15_masks.tif,118,6935,558.2253967,209.5625119,43.68099826,4.797566912,0.978035371,47.32292505,1637.134391,687.3452055,6234,0.898918529,204.9566956,200.3776093,157.0413818
38660,B-20-3-15_masks.tif,119,7179,474.2842712,184.3392009,51.27541338,3.595079761,0.960535349,-16.35059395,4940.757348,704.9981892,5199,0.72419557,212.8692017,204.7953491,159.9153748
38661,B-20-3-15_masks.tif,120,10470,720.1837662,285.4826048,54.77419246,5.211991122,0.981421278,9.602991617,862.1893983,760.8355301,7237,0.691212989,202.3432312,194.4290466,159.4863892
38662,B-20-3-15_masks.tif,121,15491,915.3380951,329.1601136,64.88065178,5.073316999,0.980381439,54.28214362,3764.785876,733.1832677,7113,0.459169841,196.5775299,195.4403229,141.2569885
38663,B-20-3-15_masks.tif,122,7329,530.3259018,196.0536791,48.49856687,4.042463349,0.968920092,-41.95280041,1386.042025,705.3794515,6749,0.920862328,207.6821747,201.9761505,158.3728027
38664,B-20-3-15_masks.tif,123,16601,1004.509668,381.3447191,56.69239606,6.726558508,0.988887702,28.0057566,4068.10903,794.3628697,8934,0.538160352,204.0661469,200.3211365,156.2380829
38665,B-20-3-15_masks.tif,124,2624,248.9705627,79.972126,44.06731601,1.814771882,0.83448316,-17.42256687,19.61356707,673.2923018,1586,0.604420732,194.9735107,180.5788116,138.5453949
38666,B-20-3-15_masks.tif,125,7781,636.8111832,210.5284942,48.6386893,4.328416272,0.972946299,50.06439735,1616.99396,724.625755,4505,0.578974425,196.6137695,195.6088715,137.544281
38667,B-20-3-15_masks.tif,126,14236,871.0954544,322.206351,60.15173013,5.356559992,0.982419448,35.50672873,4158.281189,754.0300646,9364,0.657769036,202.7141113,201.462616,161.5946198
38668,B-20-3-15_masks.tif,127,9599,573.4974747,211.0623006,58.92405258,3.581937958,0.960239228,58.03210339,389.2239817,703.7879987,8724,0.908844671,199.2801514,197.0796661,164.4088745
38669,B-20-3-15_masks.tif,128,12344,744.7695526,302.7158181,53.79184444,5.627541149,0.984085158,7.92635183,235.6744167,795.8351426,10702,0.866979909,197.5081329,190.2366791,145.3254547
38670,B-20-3-15_masks.tif,129,6664,377.4558441,119.7457637,71.57850826,1.67292902,0.80167959,-1.018498433,68.56782713,715.365096,5022,0.753601441,193.7321777,185.2435303,137.1967316
38671,B-20-3-15_masks.tif,130,10842,847.7817459,309.7244149,48.83066629,6.342825901,0.987493705,60.96031338,374.6141856,750.4634754,6650,0.613355469,195.316391,194.2413483,145.5135345
38672,B-20-3-15_masks.tif,131,3636,300.8700577,103.1943024,45.76325969,2.254959613,0.896290739,-41.62523784,687.2667767,699.729923,2865,0.787953795,202.426178,189.5874329,144.5982513
38673,B-20-3-15_masks.tif,132,13899,868.6690476,358.1623409,62.183275,5.759785745,0.98481315,7.919965891,3649.367724,809.4731276,8841,0.636088927,208.1177521,203.3191986,157.8621216
38674,B-20-3-15_masks.tif,133,10603,829.6812409,303.851002,46.57123305,6.524435409,0.988184354,37.3690979,4123.866264,780.1487315,6602,0.622653966,204.6681366,204.9880371,160.58255
38675,B-20-3-15_masks.tif,134,16535,1036.468037,428.2143554,58.58810921,7.30889529,0.990595983,18.23134262,3539.202359,860.4011491,5911,0.357484125,209.0910187,206.5795898,152.0666504
38676,B-20-3-15_masks.tif,135,11402,740.7695526,307.3255842,48.25228671,6.369140308,0.98759748,11.88957398,3608.371514,810.1405894,7068,0.619891247,208.3790283,201.7894745,150.4077606
38677,B-20-3-15_masks.tif,136,13674,921.1543289,392.641762,48.15838527,8.153133869,0.992449713,16.2312015,3572.192409,831.44325,7216,0.527716835,207.6784973,203.3202667,155.5493317
38678,B-20-3-15_masks.tif,137,15111,870.7695526,356.120572,56.18149161,6.338752529,0.987477525,5.787108234,186.9986765,845.3835616,12020,0.795447025,200.9153137,194.2268677,157.7308655
38679,B-20-3-15_masks.tif,138,4752,325.2132034,108.4499356,56.88795141,1.906377939,0.851376589,-16.6140694,125.6380471,732.4791667,4752,1,204.4966278,198.2007599,156.077652
38680,B-20-3-15_masks.tif,139,7644,463.4558441,173.7601916,57.19539011,3.038010428,0.944273189,-84.37456554,1946.539377,711.6381476,7113,0.930533752,210.147049,204.3426056,166.2299957
38681,B-20-3-15_masks.tif,140,5182,435.254834,159.5255045,42.5659066,3.747729514,0.963744105,-41.52931067,684.7869548,760.3575839,4613,0.890196835,207.002594,197.7023621,158.1961823
38682,B-20-3-15_masks.tif,141,8193,639.882251,241.7156907,46.17061738,5.235270923,0.981587686,-45.90255097,700.3247895,801.6582448,7473,0.912120103,208.4979248,201.3259735,157.2886353
38683,B-20-3-15_masks.tif,142,10141,527.1126984,194.4052232,67.5907662,2.876209786,0.937613336,-77.11735889,1972.884528,764.2031358,7062,0.696381028,204.5216675,198.1543427,148.6867676
38684,B-20-3-15_masks.tif,143,11245,796.2670273,292.2074232,51.72472611,5.649279276,0.984208382,39.22542557,4343.106536,826.4545131,5948,0.528946198,202.5151367,200.5411835,143.0497589
38685,B-20-3-15_masks.tif,144,5978,496.9116882,170.665776,47.95063493,3.559197418,0.95971883,-39.30801866,597.2898963,800.1749749,3306,0.553027768,210.3526917,205.3675079,165.5553589
38686,B-20-3-15_masks.tif,145,6688,475.4974747,169.3085517,51.1501463,3.310030645,0.953272435,-40.11574377,739.3250598,833.4675538,5434,0.8125,206.9423981,201.2806396,157.2942657
38687,B-20-3-15_masks.tif,146,8238,576.0832611,208.4924114,52.82590454,3.946783557,0.967369216,31.14254003,4416.097475,847.7970381,4238,0.514445254,201.3938141,201.641098,155.5453033
38688,B-20-3-15_masks.tif,147,2343,249.5563492,92.21427779,33.6767588,2.738217129,0.93092864,-6.446733304,14.25821596,815.8233035,1495,0.638070849,186.1491699,172.3518372,134.5010071
38689,B-20-3-15_masks.tif,148,7354,389.4558441,125.8308715,75.06776891,1.676230336,0.80255605,35.78236491,116.7492521,833.166712,6658,0.905357629,198.8655701,195.4109344,150.3356934
38690,B-20-3-15_masks.tif,149,5456,424.0416306,166.1333207,43.82803511,3.790571954,0.964574,-81.05060337,1982.591826,819.891129,4892,0.896627566,212.8117371,207.8665161,155.1404266
38691,B-20-3-15_masks.tif,150,12280,736.627417,311.0930632,51.45266093,6.046199702,0.986227715,-87.34493039,1473.959121,830.1534202,7489,0.60985342,199.5869904,197.3539886,142.1355286
38692,B-20-3-15_masks.tif,151,15367,950.2670273,357.793376,61.0599972,5.859701809,0.985330471,-32.57591901,3855.655691,935.782521,10054,0.654259127,213.0372925,204.0279541,158.8995361
38693,B-20-3-15_masks.tif,152,7132,396.5269119,117.8496447,78.27742056,1.505538173,0.747542206,14.6569577,55.87366798,872.7994952,5889,0.825715087,198.0692749,191.1270142,143.3839417
38694,B-20-3-15_masks.tif,153,15037,809.3969696,306.7208546,63.95682012,4.795748976,0.978018529,-21.15068302,3926.657844,959.0663031,10947,0.728004256,214.8605957,208.009964,161.7515259
38695,B-20-3-15_masks.tif,154,21461,1283.195959,506.9380494,58.21374568,8.708219054,0.99338469,14.14735678,5045.197661,1111.795629,8290,0.386282093,212.1306458,209.8437805,157.4753876
38696,B-20-3-15_masks.tif,155,21859,1248.693434,444.0752453,67.34870769,6.593671363,0.988432633,34.23137461,2889.755844,1058.55277,13389,0.612516584,206.1594543,200.7668915,157.8808746
38697,B-20-3-15_masks.tif,156,19770,1230.208153,431.9094424,67.40905646,6.407291024,0.98774565,33.46744102,2850.990389,1092.679868,13868,0.701466869,209.0114594,203.7250519,161.8570099
38698,B-20-3-15_masks.tif,157,17751,1136.308658,401.9267434,66.92802299,6.005358076,0.986038421,33.5572143,1377.170019,1067.885697,11243,0.633372768,197.9705658,192.1289673,149.590683
38699,B-20-3-15_masks.tif,158,13019,889.1959595,302.3063141,57.72908829,5.236637596,0.981597385,29.50305752,1407.147938,1027.274906,10744,0.825255396,204.5345306,199.6777802,155.8247375
38700,B-20-3-15_masks.tif,159,18561,1142.367532,447.8977522,59.71976767,7.499991538,0.99107123,16.5066308,5096.942514,1117.896234,7588,0.40881418,212.4910431,207.7787323,173.8406677
38701,B-20-3-15_masks.tif,160,15731,937.0538239,368.160164,58.74573525,6.267010915,0.987187311,19.88958636,5180.899053,1060.377535,12255,0.779035026,205.1576538,200.2508392,170.5167694
38702,B-20-3-15_masks.tif,161,14078,968.1248917,372.6173279,54.18070348,6.877306938,0.989372107,20.68704646,5145.094687,1087.997443,9200,0.653501918,210.8016357,208.7245636,163.1427155
38703,B-20-3-15_masks.tif,162,12830,887.4386002,336.0789893,51.02839228,6.586117536,0.988405928,31.51850361,3560.147545,1095.46438,7239,0.564224474,203.6205292,202.5927582,167.7326965
38704,B-20-3-15_masks.tif,163,9355,749.2964646,281.8587881,46.97577134,6.000088556,0.986013713,29.17289805,3501.701015,1071.831534,5062,0.541101015,205.7348938,205.1159668,151.65448
38705,B-20-3-15_masks.tif,164,12580,858.9533188,328.2682453,56.49111592,5.810971158,0.985081533,29.23249672,1641.839269,1078.648808,10146,0.806518283,203.107132,199.226593,161.7360535
38706,B-20-3-15_masks.tif,165,12904,820.8111832,315.0390152,55.21286735,5.705898468,0.984522677,-22.83299348,3823.154216,1086.546885,8454,0.655145691,215.7779694,209.4368286,157.8944855
38707,B-20-3-15_masks.tif,166,7651,613.9827561,211.2771597,48.48852845,4.357260706,0.973308192,31.27681848,1521.987453,1054.847732,6042,0.789700693,200.6183319,197.9811249,152.5499878
38708,B-20-3-15_masks.tif,167,11466,803.5391052,300.4278965,49.64120272,6.051986658,0.986254225,30.66203034,1601.904064,1091.684546,8771,0.764957265,203.7214661,198.8969269,153.4728088
38709,B-20-3-15_masks.tif,168,7168,550.5685425,190.8303752,49.59840547,3.847510286,0.965633293,-44.22022803,545.9725167,1061.984235,6092,0.849888393,209.6354218,203.0146027,160.1516724
38710,B-20-3-15_masks.tif,169,16844,1069.137085,393.8875048,61.30193769,6.425367935,0.987814929,51.19302878,3389.741213,1110.569639,8474,0.503087153,203.1764221,201.5322113,150.8969727
38711,B-20-3-15_masks.tif,170,14472,1042.066017,355.7036735,63.02634106,5.643730344,0.984177064,39.23788672,1537.986388,1151.604892,10330,0.71379215,200.3014526,196.2355347,153.6982574
38712,B-20-3-15_masks.tif,171,5335,419.1126984,154.1733955,45.72049967,3.37208466,0.955016565,-22.79618808,1198.017807,1096.954077,4912,0.920712277,208.8275604,199.8634033,137.9959259
38713,B-20-3-15_masks.tif,172,4966,435.8406204,160.9767935,40.36691952,3.987839433,0.968048678,-48.85542637,577.1035038,1093.959525,4567,0.919653645,208.0490417,199.6363068,149.2800598
38714,B-20-3-15_masks.tif,173,19755,1074.325902,442.5733413,62.77038608,7.050671009,0.989890962,9.581488988,2811.300734,1260.907011,11441,0.57914452,207.8927612,201.8353271,161.5434875
38715,B-20-3-15_masks.tif,174,21614,1105.740115,450.5465444,69.4306116,6.489162835,0.988054776,9.855443749,2768.086194,1301.112242,10686,0.494401777,210.0737457,204.8422241,155.0085144
38716,B-20-3-15_masks.tif,175,17033,933.4974747,384.2900236,57.30647001,6.705874983,0.988818659,-13.5641284,4006.325721,1258.103622,8551,0.50202548,210.8335876,204.9557953,145.0959015
38717,B-20-3-15_masks.tif,176,12970,885.6396103,330.1555185,52.5488633,6.282828929,0.987252162,69.10797752,4529.800154,1159.542945,8488,0.654433308,204.4810333,199.9849243,160.4859772
38718,B-20-3-15_masks.tif,177,13993,851.0954544,295.0982392,63.94347127,4.614986228,0.976241492,42.01574425,3072.567141,1249.685986,7504,0.536268134,194.605011,192.9327087,146.5758209
38719,B-20-3-15_masks.tif,178,12565,732.7695526,296.0466908,60.9029267,4.860960003,0.978610751,6.801986874,2867.682929,1280.016713,10957,0.872025468,206.1048584,200.243866,160.1044922
38720,B-20-3-15_masks.tif,179,7261,497.2132034,205.8851301,45.56685297,4.51830918,0.975200847,-84.45705893,1310.500207,1202.004545,6733,0.927282743,205.2006531,201.1485291,165.7481079
38721,B-20-3-15_masks.tif,180,12320,688.5269119,283.6234368,56.26919722,5.0404742,0.980122343,81.18236687,4531.828084,1217.349513,7290,0.591720779,206.9009552,203.8015137,159.0144043
38722,B-20-3-15_masks.tif,181,9084,592.2842712,225.9242497,58.38377001,3.869641335,0.966032158,2.055627717,4396.272017,1326.543923,6093,0.670739762,206.2588196,201.7510223,144.8283234
38723,B-20-3-15_masks.tif,182,5258,360.3847763,136.5729646,50.5426155,2.702134886,0.929000785,-83.28676453,1319.754279,1245.973564,4881,0.928299734,206.6234436,200.3556671,152.5087128
38724,B-20-3-15_masks.tif,183,10439,682.3259018,259.4654862,54.50247831,4.760618128,0.977689194,-62.54364186,4549.479069,1303.96446,7912,0.757927005,212.156723,205.8579407,157.3181305
38725,B-20-3-15_masks.tif,184,8916,547.1126984,213.9615555,53.97030532,3.964431073,0.967663923,-72.31678959,4703.575146,1293.277703,6403,0.718147151,207.1988068,199.5250702,144.1514893
38726,B-20-3-15_masks.tif,185,6475,436.9705627,179.0930341,46.89273065,3.819206763,0.965112795,88.90947204,1226.224402,1289.093745,5910,0.912741313,204.5297852,200.2585449,151.6182709
38727,B-20-3-15_masks.tif,186,10421,657.9411255,273.4680307,52.02235496,5.256740702,0.981739175,9.875772994,1627.40284,1408.344785,6180,0.593033298,200.6113281,195.9055023,152.9726563
38728,B-20-3-15_masks.tif,187,5916,434.9705627,180.1717493,43.25650914,4.16519393,0.970751905,-82.14490881,1234.859364,1332.38455,5338,0.902298851,208.0786743,204.5236053,154.8409576
38729,B-20-3-15_masks.tif,188,9017,637.1543289,247.0645731,49.20963875,5.02065407,0.979963483,-60.57619113,1349.583121,1366.006765,7664,0.849950094,209.2550812,203.4596863,150.7664337
38730,B-20-3-15_masks.tif,189,17980,1101.941125,460.4447873,53.69855203,8.574622031,0.993176231,-0.758696157,1693.399166,1554.698387,11515,0.640433815,204.8991699,198.5053406,150.9920959
38731,B-20-3-15_masks.tif,190,6124,546.1837662,203.4722793,39.93067641,5.095638181,0.980554639,-68.11152312,4660.39435,1355.623775,0,0,,,
38732,B-20-3-15_masks.tif,191,14041,912.6690476,361.5424367,52.31387659,6.911023618,0.989476105,10.31382875,2956.093085,1514.857346,8985,0.639911687,205.8314972,201.4875946,156.1355591
38733,B-20-3-15_masks.tif,192,13876,856.9533188,324.5419293,56.01468496,5.793872259,0.984992676,30.28349619,1565.967714,1469.843255,8849,0.637719804,201.5213013,197.2992401,157.189621
38734,B-20-3-15_masks.tif,193,14750,761.254834,275.8197777,70.79025814,3.896295691,0.966503341,-72.04115463,4817.507186,1397.262644,7933,0.537830508,208.2343445,201.67453,150.65448
38735,B-20-3-15_masks.tif,194,12502,783.882251,301.8832291,54.60324243,5.528668549,0.983506024,29.85218958,1519.99704,1486.158295,5784,0.462645977,196.6474762,191.1595764,145.4396667
38736,B-20-3-15_masks.tif,195,11974,690.1837662,254.4222562,66.38329891,3.832624475,0.965361018,-85.21977988,5323.925088,1388.001169,5148,0.429931518,201.3640289,199.446579,146.8486786
38737,B-20-3-15_masks.tif,196,11711,751.882251,279.8129642,55.11936642,5.076490939,0.980406208,-60.68630539,223.2815302,1451.857911,5820,0.496968662,206.5553284,203.6470795,155.1000061
38738,B-20-3-15_masks.tif,197,9103,561.1543289,196.9336779,60.08401158,3.277638638,0.952321057,-38.25582819,3065.566846,1470.415467,6587,0.723607602,210.2028198,202.9723663,141.7355347
38739,B-20-3-15_masks.tif,198,4394,312.9705627,111.5065468,50.98944093,2.186855647,0.889324035,-84.60198081,1353.715976,1425.815203,3392,0.771961766,202.77005,197.54422,161.55896
38740,B-20-3-15_masks.tif,199,4272,304.1421356,104.8388629,53.30723419,1.966691097,0.861080733,75.41747016,5393.271301,1433.778792,4027,0.942649813,212.6255341,208.2977448,170.6200714
38741,B-20-3-15_masks.tif,200,14706,734.5269119,293.5067514,68.90571651,4.259541388,0.972051659,2.278091554,2896.787094,1552.114511,7673,0.521759826,204.5400696,197.1393127,144.4644928
38742,B-20-3-15_masks.tif,201,3083,282.9705627,97.42560126,42.03061932,2.317967302,0.902154798,-31.38562628,26.17515407,1453.848524,2679,0.868958806,196.663681,186.4490509,147.571106
38743,B-20-3-15_masks.tif,202,23218,1336.367532,540.7581389,66.51346473,8.130055187,0.992406622,15.05977965,2384.635111,1673.781506,11315,0.487337411,201.1118011,196.6694641,152.5706635
38744,B-20-3-15_masks.tif,203,11812,723.3969696,273.977234,55.64248942,4.923885269,0.979159732,-64.84490912,4437.875127,1487.419404,7381,0.62487301,213.5044098,204.0256042,158.4665985
38745,B-20-3-15_masks.tif,204,13487,835.882251,282.3441835,64.59560507,4.370950364,0.9734774,20.18944725,4712.425817,1573.522207,11183,0.829168829,207.3488312,201.2299042,162.5993042
38746,B-20-3-15_masks.tif,205,12157,717.9411255,294.6519257,60.56100459,4.865373811,0.978649964,80.96891556,5322.545694,1472.816155,5190,0.426914535,206.5435486,203.2870941,163.5946045
38747,B-20-3-15_masks.tif,206,3711,293.7989899,102.3756412,47.00724919,2.177869221,0.888351315,-68.26134713,1366.942873,1471.887631,3233,0.871193748,208.5112915,203.2199249,162.0442352
38748,B-20-3-15_masks.tif,207,11527,795.882251,296.3686718,55.05253113,5.383379578,0.982595729,-62.01260856,4456.901275,1529.210376,8306,0.720569099,212.6312256,204.6834869,155.6034241
38749,B-20-3-15_masks.tif,208,5273,430.5269119,152.0171396,48.13156158,3.158367079,0.948552694,-24.83910053,30.76939124,1517.170491,2734,0.518490423,202.9187927,195.944397,144.6558228
38750,B-20-3-15_masks.tif,209,16984,1204.066017,458.0750378,55.5765863,8.242230557,0.992612668,26.09774463,4902.733926,1658.153144,7996,0.470796043,199.4069519,197.1053009,157.1934662
38751,B-20-3-15_masks.tif,210,19425,1123.053824,452.5910363,61.77674163,7.326236774,0.99064066,74.19341534,4047.677117,1508.217915,8679,0.446795367,204.0168152,199.6512299,139.311676
38752,B-20-3-15_masks.tif,211,8762,613.4558441,256.7495045,46.0880825,5.57084371,0.983756874,-83.10801302,702.007989,1500.044396,4828,0.55101575,204.8055115,201.2367401,153.3015747
38753,B-20-3-15_masks.tif,212,5854,372.5269119,119.7451202,63.21877079,1.894138697,0.849278909,-33.9317661,1406.642125,1522.869491,4472,0.763922105,200.5567932,190.7947235,126.7544708
38754,B-20-3-15_masks.tif,213,12314,846.7106781,317.1110997,56.28990519,5.633534088,0.984119273,26.24165992,4674.767013,1606.933003,6129,0.497726165,195.5831299,194.6523132,135.5149231
38755,B-20-3-15_masks.tif,214,16270,1020.953319,385.7793264,59.08944077,6.528735446,0.988200006,20.1754983,4834.584081,1648.618808,10946,0.672771973,210.9162292,205.2337799,168.941803
38756,B-20-3-15_masks.tif,215,11062,757.7401154,295.7356119,53.13128342,5.566129648,0.983729122,67.39400758,5327.295607,1543.85057,6437,0.581902007,204.889389,203.0647888,156.3942871
38757,B-20-3-15_masks.tif,216,11102,635.3553391,249.8252599,58.47502519,4.272341211,0.972221263,-77.60880298,295.7985948,1515.753198,8579,0.77274365,202.1943054,198.3062134,147.9562836
38758,B-20-3-15_masks.tif,217,13294,900.3259018,358.304141,49.07951242,7.300482897,0.990574195,15.45910213,4795.658041,1678.307883,8485,0.638257861,209.6783752,205.4452515,166.4260406
38759,B-20-3-15_masks.tif,218,13462,992.8528137,372.2009477,51.11445408,7.281716187,0.990525315,25.43855732,4004.74974,1704.849428,10324,0.766899421,213.2688904,206.0559845,156.372818
38760,B-20-3-15_masks.tif,219,8350,657.5979797,212.1848497,54.30533881,3.907255794,0.966694231,-19.08573118,3364.815928,1652.401317,6205,0.743113772,207.3418274,198.7284393,155.5002441
38761,B-20-3-15_masks.tif,220,11233,697.6396103,234.8979535,73.13633709,3.211781761,0.950294112,43.04151367,4058.700347,1611.682988,332,0.029555773,214.6506042,201.2981873,202.2861481
38762,B-20-3-15_masks.tif,221,8867,550.2842712,219.0626738,52.69494331,4.157185872,0.970637408,-4.394446155,1170.655577,1663.048833,7789,0.878425623,201.9931946,195.8347626,142.3639679
38763,B-20-3-15_masks.tif,222,5448,668.4264069,257.013997,33.25471812,7.728647589,0.991593946,-14.80694618,3319.207966,1687.423091,91,0.016703377,208.1428528,194.8461609,222.0329742
38764,B-20-3-15_masks.tif,223,10132,597.254834,223.1959249,59.47713757,3.752633937,0.963840588,-64.19315026,87.85017765,1616.995164,7239,0.714469009,205.938385,201.4821167,149.4278259
38765,B-20-3-15_masks.tif,224,5300,393.0121933,126.4528523,55.10717851,2.294671143,0.900047264,-41.74398081,3635.949434,1617.063396,4433,0.836415094,207.8326263,199.9357147,136.3379211
38766,B-20-3-15_masks.tif,225,14702,932.6101731,331.9697554,60.2044083,5.514043984,0.983417677,27.20335098,4057.656169,1710.111822,11739,0.798462794,206.7630157,198.3495178,151.4514923
38767,B-20-3-15_masks.tif,226,12148,845.7817459,315.7633353,51.64350276,6.114289668,0.986534831,59.12983696,4213.647843,1660.521814,6061,0.498929865,201.0118866,197.5221863,158.3049011
38768,B-20-3-15_masks.tif,227,4309,294.3847763,95.94646553,58.35921253,1.644067172,0.79374731,-12.15729896,1393.741703,1626.69761,3174,0.736597819,208.8172607,200.4410858,141.2180176
38769,B-20-3-15_masks.tif,228,15698,928.4264069,378.0220841,63.64285988,5.939740684,0.985725999,83.583159,4321.143139,1626.311059,9252,0.589374443,204.0318909,199.9255371,157.1689301
38770,B-20-3-15_masks.tif,229,4874,315.2132034,100.5250807,62.41490391,1.610594175,0.783898596,-10.13946714,1451.588839,1634.826221,3583,0.735125154,202.2492371,194.0159149,141.1085663
38771,B-20-3-15_masks.tif,230,4992,312.627417,96.56064154,66.30621542,1.456283411,0.726960268,-17.12557425,1510.06891,1646.994992,4008,0.802884615,207.2287903,199.1220093,146.3043976
38772,B-20-3-15_masks.tif,231,7148,592.5685425,220.6399586,44.35314299,4.974618342,0.979587046,-35.22410402,563.4703414,1689.581002,5930,0.829602686,207.1581726,200.8101196,157.3907318
38773,B-20-3-15_masks.tif,232,6906,534.4264069,208.5870289,44.40920182,4.696932626,0.977072925,25.44146389,752.1384304,1700.235303,5967,0.864031277,195.0824585,189.9745331,131.8144836
38774,B-20-3-15_masks.tif,233,18032,1021.539105,385.3895576,62.44995741,6.171174065,0.98678358,69.23648393,936.7028616,1682.232642,11161,0.618955191,199.1797333,194.2706757,151.7134705
38775,B-20-3-15_masks.tif,234,5441,370.9705627,144.872871,49.75195054,2.911903342,0.939182667,-7.399497393,1223.461496,1681.34773,4236,0.778533358,204.3703918,198.309967,156.8666229
38776,B-20-3-15_masks.tif,235,11923,782.6690476,292.054672,57.64847195,5.066130326,0.98032518,-15.46947412,3385.179904,1756.043026,8589,0.720372389,210.3708191,203.183136,146.981842
38777,B-20-3-15_masks.tif,236,10707,741.6396103,281.8148953,56.75964205,4.965057657,0.979507533,29.35487113,3973.482955,1742.833193,6464,0.603717194,199.8520966,196.2625275,148.0883331
38778,B-20-3-15_masks.tif,237,9043,605.1543289,221.2344134,54.79680792,4.037359507,0.968840198,-32.36666443,605.5502599,1721.300343,4595,0.508127834,202.6644135,194.4291687,155.0089264
38779,B-20-3-15_masks.tif,238,17111,919.9827561,361.3888314,63.47777051,5.693155707,0.984452767,18.90385307,1647.366606,1787.983753,10595,0.619192332,202.087677,197.8117065,151.798584
38780,B-20-3-15_masks.tif,239,8140,590.8700577,240.5209422,46.10394861,5.216927172,0.98145675,-81.4656928,5338.882187,1671.764865,6194,0.760933661,204.9212189,200.4363861,148.4864349
38781,B-20-3-15_masks.tif,240,6958,499.2132034,212.6439447,42.70150604,4.979776227,0.979629749,-9.39488413,1259.539523,1741.273929,5364,0.770911181,199.7753601,192.6099854,151.0218048
38782,B-20-3-15_masks.tif,241,10186,769.1126984,317.6380916,49.68102262,6.393549787,0.98769259,-4.703393102,1554.639309,1781.314255,7128,0.699784017,199.2546234,192.2192688,145.0486755
38783,B-20-3-15_masks.tif,242,4628,363.3553391,118.2985908,51.83658998,2.282144541,0.898885134,-54.91874813,3559.504538,1685.081029,3980,0.859982714,215.5251312,208.2256317,140.3351746
38784,B-20-3-15_masks.tif,243,7404,494.5269119,176.6977705,55.29361758,3.195626878,0.949776967,3.708216337,4137.238655,1743.92288,332,0.044840627,223.9156647,211.1867523,225.1746979
38785,B-20-3-15_masks.tif,244,12757,769.5391052,284.9109895,57.80482179,4.928844699,0.979202095,58.41986837,919.6021792,1744.453398,7742,0.606882496,196.857666,188.6519012,153.7916565
38786,B-20-3-15_masks.tif,245,12154,748.7695526,321.8415936,52.30914245,6.152683422,0.986703486,84.03405832,5300.204789,1715.814382,6188,0.509132796,209.3421173,206.9308319,155.878952
38787,B-20-3-15_masks.tif,246,7150,538.5685425,199.9226796,46.54974189,4.294818221,0.972515361,-42.46324544,4363.385175,1767.347972,6085,0.851048951,210.4172516,204.1253967,153.9571075
38788,B-20-3-15_masks.tif,247,15306,1040.852814,398.8646949,50.02809336,7.972814236,0.992102949,22.93705736,2763.896707,1874.963021,8254,0.539265647,198.7099609,195.9841309,156.1816101
38789,B-20-3-15_masks.tif,248,10329,768.0243866,280.1829547,50.20900067,5.580333226,0.983812525,-41.92217838,4381.149579,1809.61429,9019,0.873172621,213.0661926,205.2144318,157.2693176
38790,B-20-3-15_masks.tif,249,11094,797.6812409,293.9319322,50.39617903,5.832424954,0.985191905,48.24001986,277.7304849,1791.30494,7738,0.697494141,196.42659,192.7116852,157.089035
38791,B-20-3-15_masks.tif,250,10902,732.8111832,265.9963292,53.78922206,4.945160368,0.979340552,-28.17954035,1305.066318,1819.440378,9653,0.885433865,209.9586639,203.426712,160.4174805
38792,B-20-3-15_masks.tif,251,15885,966.9533188,373.0492954,61.84956287,6.031559126,0.986160305,23.61000301,2719.478439,1885.440227,8999,0.566509285,203.8379822,199.9525452,150.7832031
38793,B-20-3-15_masks.tif,252,4745,389.4558441,142.1892803,43.52640036,3.266736489,0.95199425,-17.15245811,4486.188198,1786.871444,3886,0.818967334,204.1083374,198.162384,148.4428711
38794,B-20-3-15_masks.tif,253,4721,376.8700577,138.9224553,44.41514686,3.127817088,0.94751484,-25.64971405,619.2213514,1788.057827,4465,0.9457742,207.9480438,199.8499451,158.7363892
38795,B-20-3-15_masks.tif,254,10022,689.6396103,258.5820997,50.82330938,5.087864266,0.98049458,-30.02947479,1353.263121,1838.615047,8862,0.88425464,208.8294983,200.6184845,155.7903442
38796,B-20-3-15_masks.tif,255,5377,420.2842712,154.0092149,45.99008629,3.348748118,0.95437239,-18.22785701,655.4273759,1804.002232,4468,0.830946625,206.1394348,198.2267303,156.7918549
38797,B-20-3-15_masks.tif,256,11864,735.4974747,278.2887445,56.21504875,4.950431436,0.979384986,-20.50250069,680.1335131,1869.630226,10357,0.872977073,210.3118591,202.5255432,167.8363495
38798,B-20-3-15_masks.tif,257,11173,789.6812409,293.6925813,51.72258078,5.678227515,0.984370262,48.85438201,247.9726125,1825.984874,7864,0.703839613,198.0864716,194.4113617,149.9259949
38799,B-20-3-15_masks.tif,258,9188,582.5685425,208.7829702,57.41896801,3.636132404,0.961439224,47.72134754,1080.895951,1811.223444,7786,0.847409665,193.5694885,190.6619568,141.9095764
38800,B-20-3-15_masks.tif,259,11270,824.0243866,302.8972072,50.55054549,5.991967134,0.985975504,-34.39196816,5301.687045,1904.529902,8515,0.755545697,206.9799194,202.5186157,150.7669983
38801,B-20-3-15_masks.tif,260,5627,449.3553391,161.380283,46.34345652,3.482266863,0.957879855,-30.3726908,4421.337835,1871.591967,4403,0.782477341,216.2193909,210.7953644,158.5741577
38802,B-20-3-15_masks.tif,261,15777,1052.994949,385.0343113,61.42970415,6.26788484,0.987190907,58.06104948,4748.305128,1889.0386,9233,0.58521899,205.3184204,201.4024658,160.4755707
38803,B-20-3-15_masks.tif,262,9835,656.8111832,235.8433129,54.45687132,4.330827445,0.972976832,-54.67895816,3827.417082,1878.804982,9004,0.915505846,209.1172791,202.1313934,151.1038361
38804,B-20-3-15_masks.tif,263,12187,765.0121933,283.8876957,57.46102521,4.940526116,0.979301366,-15.57800748,696.1913514,1974.259211,8123,0.666529909,203.7949066,197.3919678,138.1248322
38805,B-20-3-15_masks.tif,264,13271,877.0954544,311.9217601,55.21939255,5.648772029,0.984205523,-33.21282591,5323.922312,1954.24919,8279,0.623841459,210.4314575,204.5339966,168.8020325
38806,B-20-3-15_masks.tif,265,14364,909.4386002,324.9620343,59.64356995,5.44840013,0.98301222,60.41007178,4723.876706,1927.869883,9649,0.671748816,205.7830811,201.8987427,151.6017151
38807,B-20-3-15_masks.tif,266,9705,687.882251,257.8912164,49.67209441,5.191873213,0.981275642,-48.17720949,3843.350541,1930.946419,8588,0.884904688,212.1372833,205.8545685,151.8584137
38808,B-20-3-15_masks.tif,267,6846,559.9827561,205.3701943,43.68825331,4.700810372,0.977111178,-51.31831679,893.0049664,1933.197195,5672,0.828513,208.8157654,202.5855103,157.8556061
38809,B-20-3-15_masks.tif,268,16494,989.2964646,369.8361685,65.6668459,5.632007499,0.984110594,71.39363402,4135.446587,1935.050988,12356,0.749120892,204.3862152,198.194809,154.1140289
38810,B-20-3-15_masks.tif,269,17464,974.5269119,412.2686028,56.73680993,7.266333855,0.990484965,-2.254974725,1867.459631,2105.926077,10000,0.572606505,202.5523987,195.5610962,144.4347992
38811,B-20-3-15_masks.tif,270,9649,522.3847763,218.7150657,60.51312119,3.614341177,0.960963378,-1.043858134,1809.549591,2011.533941,6004,0.622240647,195.9020691,188.2116852,139.5421448
38812,B-20-3-15_masks.tif,271,7430,532.0832611,190.389407,51.77415692,3.677305789,0.962314711,-37.1579062,914.6118439,2003.672005,5805,0.781292059,210.5853577,204.683548,160.4115448
38813,B-20-3-15_masks.tif,272,12267,802.6690476,291.4995676,58.27237109,5.002363249,0.979815179,75.4257555,4129.300644,1984.183582,7972,0.649873645,203.9996185,196.7297974,150.6214294
38814,B-20-3-15_masks.tif,273,7832,560.5269119,219.9670492,47.1665504,4.663623847,0.976740341,-74.01866727,1179.877937,2014.603039,462,0.058988764,227.9545441,221.4870148,216.82901
38815,B-20-3-15_masks.tif,274,10422,658.5269119,260.7402251,51.97289907,5.016849739,0.979932773,80.07547573,4086.803109,2036.765496,8152,0.782191518,202.5195007,197.5581512,151.5057678
38816,B-20-3-15_masks.tif,275,9708,547.1543289,192.3656137,65.17400456,2.951569648,0.940857416,-49.96690106,786.7305315,2087.15616,8167,0.841264936,204.4024658,196.7098083,136.8847809
38817,B-20-3-15_masks.tif,276,7802,483.3553391,176.5998608,57.19342037,3.087765334,0.946105424,-70.89007604,1178.601769,2064.742886,7510,0.962573699,210.2348938,202.3205109,164.0485992
38818,B-20-3-15_masks.tif,277,13097,746.3675324,269.0427038,62.7221986,4.289433563,0.972445335,36.43632465,2840.453005,2139.682294,7970,0.608536306,200.2563324,195.6235809,151.2572174
38819,B-20-3-15_masks.tif,278,3565,424.2842712,150.4991382,37.89650681,3.971319545,0.967777869,-74.22777707,5385.004769,2067.844881,1378,0.386535764,208.9042053,208.3381653,143.8309174
38820,B-20-3-15_masks.tif,279,11874,869.6812409,296.0508248,55.83421194,5.302319394,0.982054622,47.5603902,4952.349082,2143.077564,6230,0.524675762,198.3325806,193.1418915,142.2242432
38821,B-20-3-15_masks.tif,280,10212,571.4558441,233.4112871,58.1512163,4.013867671,0.968468441,85.07913361,4070.002056,2083.861927,8137,0.796807677,201.8694916,194.4504089,144.6641235
38822,B-20-3-15_masks.tif,281,7724,613.254834,214.148713,48.8473662,4.384038068,0.973637661,66.494418,3958.330528,2107.662869,6410,0.829880891,210.6003113,206.2828369,171.5182495
38823,B-20-3-15_masks.tif,282,13384,643.9411255,262.7753068,66.0104371,3.980814525,0.96793394,-78.70266973,1211.141213,2115.897863,11783,0.880379558,208.2425537,202.1207733,154.6427917
38824,B-20-3-15_masks.tif,283,13054,965.8233765,347.4738494,55.16550956,6.298751741,0.987316945,49.09841527,4848.684848,2212.896583,10962,0.839742608,199.8118896,194.5444336,149.2494049
38825,B-20-3-15_masks.tif,284,10299,884.509668,329.1339843,44.12154847,7.459710635,0.990974102,53.94491136,3932.787358,2159.253326,6056,0.588018254,200.7133484,197.7435608,161.0506897
38826,B-20-3-15_masks.tif,285,11707,701.6984848,285.2538599,55.03912916,5.182746608,0.981209006,86.11704999,4369.213718,2109.882549,5980,0.510805501,203.3162231,195.8680573,148.3105316
38827,B-20-3-15_masks.tif,286,6293,545.3969696,201.1020985,41.52726914,4.842651651,0.97844693,50.29416001,4867.665184,2179.986016,5810,0.923248053,206.461792,201.1134186,162.0278778
38828,B-20-3-15_masks.tif,287,10053,609.8406204,221.3944967,64.95701182,3.408323296,0.955989955,-67.09859175,1681.377798,2166.48483,6631,0.659604098,209.1106873,204.8757324,155.0162811
38829,B-20-3-15_masks.tif,288,8699,660.0832611,245.1823953,46.56620592,5.265243119,0.981798649,-68.53526961,1301.149098,2177.787792,7314,0.840786297,208.1248322,202.3456421,154.2560883
38830,B-20-3-15_masks.tif,289,12524,737.1126984,276.9576788,60.32843761,4.590831285,0.975987737,89.07032041,4334.438358,2160.844459,9384,0.74928138,208.3256531,202.2688599,155.4459686
38831,B-20-3-15_masks.tif,290,10260,680.5685425,254.4896183,53.27910228,4.776537281,0.977839342,-64.51804575,1345.991228,2205.988402,8592,0.837426901,209.4137573,204.143158,159.6975098
38832,B-20-3-15_masks.tif,291,7772,499.254834,173.8355127,58.16964194,2.988423289,0.942351508,-52.9478213,70.76505404,2216.830932,6841,0.880211014,203.6333923,199.6500549,158.5092773
38833,B-20-3-15_masks.tif,292,11800,820.2670273,294.3266599,56.43431774,5.215384392,0.981445674,42.69201668,4853.039407,2294.431017,11121,0.942457627,205.5743256,199.7421112,159.4389038
38834,B-20-3-15_masks.tif,293,12504,810.9116882,308.3942217,53.74522582,5.738076581,0.984697123,75.22997306,4443.012796,2242.216731,5952,0.476007678,207.296875,201.8708038,167.3114929
38835,B-20-3-15_masks.tif,294,12792,835.7817459,297.6987204,55.93137777,5.322570842,0.982192156,33.55945131,1811.731864,2325.756098,9995,0.781347717,199.0156097,193.6279144,158.3009491
38836,B-20-3-15_masks.tif,295,12983,837.5391052,311.8986078,56.31413875,5.53854884,0.98356531,30.17705771,1767.781638,2353.663868,8151,0.627820997,192.4720917,186.2692871,149.5421448
38837,B-20-3-15_masks.tif,296,9245,745.4386002,277.4062786,43.30913112,6.405260772,0.987737832,42.40448788,4814.048999,2312.566144,7734,0.836560303,207.5056915,200.7975159,162.7254944
38838,B-20-3-15_masks.tif,297,12642,793.8406204,332.297103,51.51094886,6.450999455,0.987912157,76.84008219,4394.72362,2277.750277,4986,0.39439962,205.7553101,199.8473663,166.0726013
38839,B-20-3-15_masks.tif,298,10922,829.6396103,290.0938342,50.83607515,5.706456161,0.984525726,-22.96075452,2999.598883,2386.61811,6761,0.619025819,204.981369,197.7862701,143.8912811
38840,B-20-3-15_masks.tif,299,12060,800.0243866,291.3881918,54.4130986,5.355111164,0.982409849,39.51805427,4780.51932,2344.788143,10576,0.87694859,206.0082245,199.2542572,156.2278748
38841,B-20-3-15_masks.tif,300,10764,837.0954544,283.8984989,51.32409658,5.531485556,0.98352296,41.86175876,4736.590022,2365.536789,8676,0.806020067,204.4945831,198.7914886,154.9700317
38842,B-20-3-15_masks.tif,301,14110,897.4386002,311.0259612,67.34635103,4.618304576,0.976276036,38.1379858,246.9960312,2374.417931,11437,0.810559887,200.1335144,192.7504578,156.063385
38843,B-20-3-15_masks.tif,302,12739,736.3675324,255.7615195,64.39164328,3.97196758,0.967788557,42.54134063,168.1473428,2370.259518,8434,0.662061386,198.7921448,189.1082458,149.2012024
38844,B-20-3-15_masks.tif,303,10230,640.6690476,241.5730067,55.65043533,4.340900575,0.973103834,68.85590556,4374.58827,2326.956696,8385,0.819648094,202.8819275,195.9351196,157.0510406
38845,B-20-3-15_masks.tif,304,18692,1130.409163,404.0465537,68.77723977,5.874713133,0.985405898,27.4562068,1649.827627,2487.517494,9135,0.488711748,189.8569183,180.6490479,136.6042633
38846,B-20-3-15_masks.tif,305,16913,1144.551299,391.6856458,59.06549531,6.631378332,0.988564565,32.04784519,1699.450423,2451.41406,10102,0.597292024,203.4274445,195.0287018,148.5911713
38847,B-20-3-15_masks.tif,306,11119,841.6396103,313.1929581,48.74948234,6.424539155,0.987811766,71.05368997,4378.692059,2388.369458,8701,0.782534401,205.1928558,198.2461853,153.6961212
38848,B-20-3-15_masks.tif,307,11639,682.8700577,279.0266442,54.08244893,5.159282719,0.981036043,-0.38589069,4613.851877,2481.555718,11207,0.962883409,204.9602966,198.5901642,159.0587158
38849,B-20-3-15_masks.tif,308,3014,357.7989899,129.8624003,36.38408486,3.569208922,0.959949195,-82.36382731,5389.057067,2365.020571,1862,0.617783676,207.2733612,207.4291077,156.6412506
38850,B-20-3-15_masks.tif,309,10500,669.1543289,234.0228923,59.44125873,3.937044695,0.967204842,63.40788691,115.7014286,2419.257429,8698,0.828380952,203.1247406,195.8727264,160.0379333
38851,B-20-3-15_masks.tif,310,8617,604.5685425,216.2738388,52.10244718,4.150934371,0.970547556,50.39511168,4304.595103,2436.493675,7989,0.927120808,205.4339752,199.4845428,163.1880035
38852,B-20-3-15_masks.tif,311,7695,656.5685425,242.5268563,43.10321874,5.626653028,0.984080093,61.67551533,5345.533723,2428.359714,5370,0.69785575,196.5513916,195.4392853,154.0195465
38853,B-20-3-15_masks.tif,312,9134,566.9705627,249.9516448,47.97093244,5.210481266,0.981410407,0.450337919,4566.806109,2496.069958,8570,0.938252682,210.5926514,205.9918365,159.5807495
38854,B-20-3-15_masks.tif,313,10172,848.7106781,310.9601201,42.96885846,7.236871801,0.990406958,25.54021804,1986.620724,2532.26976,7430,0.730436492,200.881424,195.1545105,158.7588196
38855,B-20-3-15_masks.tif,314,13024,912.9949494,334.2282421,57.80623495,5.781871841,0.984929838,46.23635969,4438,2491.30367,11691,0.897650491,198.2078552,192.3215332,150.8351746
38856,B-20-3-15_masks.tif,315,14245,958.509668,331.5265733,64.63079291,5.129545195,0.980813369,55.02051886,4342.756827,2520.929309,11632,0.816567217,206.4711151,202.1575012,172.032074
38857,B-20-3-15_masks.tif,316,11548,640.0832611,238.145653,63.72520352,3.737071674,0.963533094,24.84779853,4766.642362,2514.158036,5053,0.437564946,199.1599121,194.7193756,156.3554382
38858,B-20-3-15_masks.tif,317,11407,757.1543289,282.2732203,53.28857019,5.297068758,0.982018702,22.0723495,1812.249759,2553.280267,8657,0.758919961,199.7320099,192.68927,157.8092804
38859,B-20-3-15_masks.tif,318,15058,853.1543289,331.4974645,62.84500377,5.274841986,0.981865444,72.15172003,159.7418648,2499.894408,6434,0.427281179,201.377533,196.0831451,149.5163269
38860,B-20-3-15_masks.tif,319,7361,547.1126984,217.110087,49.29196835,4.404573286,0.973886192,15.434331,4672.419237,2557.977177,6561,0.891319114,208.9231873,203.9481812,159.8407288
38861,B-20-3-15_masks.tif,320,8129,538.2842712,202.6323266,52.24679919,3.87836824,0.966187524,15.84904131,4709.567597,2541.042441,8019,0.9864682,209.4529266,202.4330902,160.4731293
38862,B-20-3-15_masks.tif,321,8014,535.5979797,203.4659292,51.28126858,3.967646177,0.967717181,21.36613887,1949.675568,2554.139256,6455,0.805465435,204.2810211,195.9872894,156.4165802
38863,B-20-3-15_masks.tif,322,7232,684.3675324,255.9721182,37.97964372,6.739718783,0.988931299,43.26161635,5062.407356,2569.994884,6063,0.838357301,191.2967224,189.2032013,157.4896851
38864,B-20-3-15_masks.tif,323,6874,502.7695526,190.8888721,47.05506145,4.056712843,0.96914152,-68.58350984,2393.023131,2531.609398,5474,0.796334012,203.6238556,199.1147308,145.2711029
38865,B-20-3-15_masks.tif,324,14803,982.8528137,361.7072422,53.84578199,6.717466602,0.988857431,59.46264924,4368.108762,2602.057691,12785,0.863676282,205.4855652,199.831131,157.9189606
38866,B-20-3-15_masks.tif,325,15582,834.0832611,318.837201,66.07595187,4.825313778,0.978290045,77.14319851,148.9634835,2557.509755,10040,0.644333205,201.365036,193.8118591,145.2297821
38867,B-20-3-15_masks.tif,326,4324,507.7401154,186.2046399,32.91751789,5.656703539,0.984250138,40.6425008,5033.611471,2581.688714,3313,0.766188714,202.0920563,201.1343231,144.4274139
38868,B-20-3-15_masks.tif,327,8083,656.8111832,232.8818597,46.40459282,5.018508849,0.979946175,31.96879681,5174.727576,2628.388717,7253,0.897315353,199.2254181,196.3022156,155.8282166
38869,B-20-3-15_masks.tif,328,14529,1021.580736,374.1878895,54.96371169,6.807907945,0.98915313,56.01075763,4348.156239,2644.659027,12615,0.868263473,202.7177887,196.4691315,152.5797882
38870,B-20-3-15_masks.tif,329,22238,1243.63961,491.8988723,71.79403465,6.851528469,0.98929155,79.79346235,607.7876608,2569.17659,8665,0.38964835,199.0637054,191.6795197,146.5799255
38871,B-20-3-15_masks.tif,330,19623,986.3259018,405.6482414,63.17217511,6.421311926,0.987799436,13.96078876,3175.059726,2726.531825,10675,0.544004485,198.0162048,191.8788757,137.6152649
38872,B-20-3-15_masks.tif,331,2601,242.1421356,85.46720518,39.62679809,2.156803207,0.886018879,18.69941828,3060.955786,2573.016532,1900,0.730488274,192.9494781,188.4468384,137.4068451
38873,B-20-3-15_masks.tif,332,11332,686.8111832,246.2153297,65.75690929,3.744326374,0.963676928,35.73497125,1921.81689,2656.369132,8487,0.748941052,194.4522247,188.6324921,149.9516907
38874,B-20-3-15_masks.tif,333,9462,513.6984848,185.5111412,65.66081118,2.82529469,0.935266095,-7.148206704,5363.415663,2650.287888,7462,0.788628197,198.5924683,190.6003723,122.7916107
38875,B-20-3-15_masks.tif,334,11741,742.4264069,279.3021786,54.78481729,5.098167566,0.980574121,-77.74859485,1415.987395,2612.097522,9556,0.813900009,203.5592346,200.8195953,143.1765442
38876,B-20-3-15_masks.tif,335,16446,941.9411255,386.937181,58.12817573,6.656620067,0.988651623,-83.92614174,3887.315761,2604.379241,8797,0.534902104,203.8786011,197.7480927,151.4131012
38877,B-20-3-15_masks.tif,336,10062,731.9411255,309.1156477,50.40605278,6.132510495,0.98661527,3.097900955,2946.450209,2709.872888,7283,0.723812363,210.2693939,205.1617432,164.3576813
38878,B-20-3-15_masks.tif,337,13954,886.509668,316.3446114,60.77325044,5.205326507,0.981373221,36.0617471,79.95764655,2716.831016,10166,0.72853662,194.2644043,186.2615509,151.2254639
38879,B-20-3-15_masks.tif,338,12545,823.3969696,284.037114,63.24917315,4.490764066,0.974891763,-69.93186935,2256.531447,2646.86664,8338,0.66464727,204.1910553,197.4235992,142.3912201
38880,B-20-3-15_masks.tif,339,6820,464.9705627,197.7413163,44.61187745,4.432481384,0.974218334,-3.26075547,4140.06129,2677.986364,6465,0.947947214,206.6313934,199.2501221,160.8146973
38881,B-20-3-15_masks.tif,340,9060,575.8406204,217.9471908,54.69166139,3.985016824,0.968002651,23.44642144,4249.78532,2694.528256,6673,0.736534216,202.7375946,196.376297,153.3944244
38882,B-20-3-15_masks.tif,341,6277,404.1421356,166.6720793,49.74216883,3.350719988,0.954427359,-86.13942757,1590.769317,2624.304604,5865,0.934363549,202.2603607,196.6351166,152.1756134
38883,B-20-3-15_masks.tif,342,7585,516.2842712,205.3997371,47.84231195,4.293265285,0.972495193,-12.66410982,4091.806724,2698.638761,6054,0.798154252,208.9577179,204.4055176,158.8278809
38884,B-20-3-15_masks.tif,343,3147,262.9705627,80.27982131,51.97919007,1.544460797,0.762086556,-6.272217808,2990.524944,2640.764855,2764,0.878296791,207.5535431,199.6403809,155.2293701
38885,B-20-3-15_masks.tif,344,10099,590.7695526,224.1986042,59.89158238,3.743407592,0.96365876,18.54712316,4201.020002,2705.825428,9334,0.924249926,205.2201691,197.5782013,141.510498
38886,B-20-3-15_masks.tif,345,6361,477.254834,171.2786315,47.99606078,3.568597687,0.959935188,-50.22393459,386.3640937,2668.616884,5809,0.913221192,206.2062378,200.139267,160.6591492
38887,B-20-3-15_masks.tif,346,2882,278.3847763,93.46338355,41.78378974,2.23683357,0.894503708,-14.11595267,5420.001388,2658.885496,2062,0.715475364,211.7623596,206.1018372,119.1678009
38888,B-20-3-15_masks.tif,347,7160,537.3969696,186.635403,52.83650283,3.532319381,0.959090365,-44.14314388,2335.868994,2690.213687,5990,0.836592179,208.5303802,202.3186951,159.6208649
38889,B-20-3-15_masks.tif,348,8033,471.9411255,164.8925876,63.18173507,2.609814172,0.923678236,-78.05073437,3991.143284,2645.358895,6285,0.78239761,200.890686,191.3611755,147.5672302
38890,B-20-3-15_masks.tif,349,6182,452.5269119,162.4307465,51.73110871,3.139904607,0.94792924,-71.74849885,596.1350696,2651.320932,4150,0.671303785,203.2455444,196.522644,150.0163879
38891,B-20-3-15_masks.tif,350,3650,304.9705627,109.8911666,43.38335615,2.533025941,0.918773642,-10.81458575,3026.033425,2670.904658,2764,0.757260274,207.443924,200.3256226,162.1052856
38892,B-20-3-15_masks.tif,351,6835,537.1126984,209.6067121,43.82248906,4.783085502,0.977900663,-11.7037716,3060.746745,2720.492465,5495,0.803950256,204.8402252,198.6322174,159.7150116
38893,B-20-3-15_masks.tif,352,13451,983.137085,365.8470066,49.64775705,7.36885266,0.990749106,42.86899995,3416.228682,2748.015612,5462,0.406066463,196.2658386,191.0723114,146.2673035
38894,B-20-3-15_masks.tif,353,6105,467.0121933,172.6473204,46.66369005,3.699821429,0.962780832,-31.73392203,228.010647,2696.406224,5544,0.908108108,205.908371,201.3149414,158.564209
38895,B-20-3-15_masks.tif,354,7270,488.0416306,199.2957301,49.48653081,4.027272207,0.968681382,84.04167787,4950.92132,2658.356534,6635,0.912654746,201.2853088,195.3567505,139.6015015
38896,B-20-3-15_masks.tif,355,6201,501.0121933,193.0605862,42.85320576,4.50516088,0.975054029,63.14161261,5112.258184,2687.448315,5849,0.943234962,196.0777893,192.6334381,142.0073547
38897,B-20-3-15_masks.tif,356,6268,445.7989899,173.9695186,48.96180559,3.553167953,0.959579124,80.89416169,1613.374442,2668.765954,6238,0.995213784,205.1240845,198.7672272,156.9365234
38898,B-20-3-15_masks.tif,357,8762,638.0416306,275.1456092,44.77018045,6.145733755,0.986673194,-7.126783178,3630.005706,2760.599521,4807,0.548619037,203.1156616,198.5905914,146.2533875
38899,B-20-3-15_masks.tif,358,7225,535.0121933,206.4509711,45.89639446,4.498195849,0.974975724,65.28334901,3856.522076,2698.110588,6694,0.92650519,198.9296417,194.4238129,155.9011078
38900,B-20-3-15_masks.tif,359,6695,502.7695526,194.3401415,46.3445293,4.193378258,0.971149567,72.23207372,1579.780433,2702.224795,5064,0.756385362,202.9332581,194.3388672,166.7004395
38901,B-20-3-15_masks.tif,360,6313,478.6690476,165.1470942,50.39643037,3.276960153,0.952300817,-46.31461497,393.6961825,2722.845715,5833,0.923966419,208.5222015,201.1278992,155.9233704
38902,B-20-3-15_masks.tif,361,7909,559.9827561,187.2753513,56.90658889,3.29092562,0.95271482,-51.17809571,477.3277279,2726.615628,7178,0.90757365,210.3583221,203.8135986,152.9558411
38903,B-20-3-15_masks.tif,362,10198,615.9827561,227.7793794,58.42729871,3.898509505,0.966542031,-54.81815923,564.0344185,2728.82222,9255,0.907530888,207.0798492,198.4844971,150.0666656
38904,B-20-3-15_masks.tif,363,8842,594.3259018,216.9914694,53.60899371,4.047669139,0.969001263,61.70943564,4392.818706,2728.443904,7403,0.837254015,205.6706696,201.1226501,152.8249359
38905,B-20-3-15_masks.tif,364,4722,447.8406204,170.2716778,36.56786987,4.656319287,0.976666434,-37.77263619,260.2168573,2730.078357,4535,0.960398136,204.1455383,197.6723328,155.1592102
38906,B-20-3-15_masks.tif,365,4719,392.3847763,144.9018328,44.14860909,3.282138119,0.952454954,-4.87300427,2979.195804,2736.486332,3589,0.760542488,209.5684052,204.2432404,169.5372009
38907,B-20-3-15_masks.tif,366,14764,952.0243866,355.4935519,54.44188529,6.529780334,0.988203805,28.15867821,3549.697914,2836.546735,6583,0.445881875,198.8180237,193.864502,147.7317352
38908,B-20-3-15_masks.tif,367,6903,445.7989899,185.1645771,48.55442951,3.813546549,0.965007277,88.37617991,4957.286977,2701.09677,6837,0.99043894,202.9532013,196.0884857,147.6602325
38909,B-20-3-15_masks.tif,368,12307,996.3086579,351.8088555,49.20106377,7.150431892,0.990172462,47.93083863,925.1307386,2792.484358,7045,0.57243845,191.3558502,185.7060394,143.5673523
38910,B-20-3-15_masks.tif,369,15345,1069.923882,381.5614939,53.62487945,7.115381848,0.990074917,23.89188906,2493.043532,2863.012577,8105,0.528185077,196.4716797,187.0830383,146.4225769
38911,B-20-3-15_masks.tif,370,8330,572.9116882,210.0954423,51.15239234,4.107245677,0.969907885,60.31667316,3849.945978,2743.590996,7440,0.893157263,202.3094025,196.3036346,150.5299683
38912,B-20-3-15_masks.tif,371,9094,649.1126984,273.6208766,45.0803714,6.069623389,0.986334544,83.94005684,4739.427095,2710.617,8029,0.882889817,194.9739685,188.425705,138.7343445
38913,B-20-3-15_masks.tif,372,5542,468.4264069,168.1124896,47.10226424,3.569095718,0.959946602,-54.28774606,635.6293757,2754.587514,5179,0.93450018,205.1845856,197.4246063,147.2039032
38914,B-20-3-15_masks.tif,373,2148,270.9705627,103.7411832,28.19874631,3.678928917,0.962348607,-21.48745519,5414.066108,2739.861266,1290,0.600558659,198.7945709,198.4154968,147.5069733
38915,B-20-3-15_masks.tif,374,17179,928.8111832,371.95752,60.06561049,6.192520428,0.986875145,18.3897067,2561.366203,2886.703301,9779,0.569241516,200.010025,192.6923981,144.5555725
38916,B-20-3-15_masks.tif,375,9450,659.7401154,252.3953686,49.14826485,5.135387169,0.980857423,66.0332775,1964.437566,2780.255026,7871,0.832910053,198.8512268,194.492569,147.916153
38917,B-20-3-15_masks.tif,376,4478,347.7989899,129.4955224,45.28463666,2.859590625,0.936861584,76.27957489,5078.186467,2747.275123,4393,0.981018312,199.5722809,194.666748,144.3787842
38918,B-20-3-15_masks.tif,377,13666,954.1665222,338.3003687,53.24573174,6.353567839,0.987536225,36.4007448,886.0953461,2875.64408,9697,0.709571199,194.5730591,187.7733307,145.285965
38919,B-20-3-15_masks.tif,378,7572,567.4558441,232.5262236,44.13059053,5.26904854,0.981825174,84.33359381,1555.046223,2753.336371,6378,0.842313788,197.6638489,191.1108551,148.1892395
38920,B-20-3-15_masks.tif,379,6688,476.9116882,160.2698519,54.98635109,2.914720631,0.939303976,-42.69697877,2237.09076,2791.793361,5809,0.868570574,213.3522186,209.4252014,163.8509216
38921,B-20-3-15_masks.tif,380,8204,597.2132034,260.1361922,42.07666344,6.182433941,0.986831998,85.27563088,4780.403706,2761.297172,7355,0.896513896,195.9550018,189.7974243,145.963974
38922,B-20-3-15_masks.tif,381,13473,908.3675324,343.3732216,52.06530203,6.595049068,0.988437493,24.61465734,821.8606101,2895.479849,8679,0.644177243,199.6277161,192.3271179,153.2941589
38923,B-20-3-15_masks.tif,382,8798,539.4558441,218.6779005,52.88351595,4.135086265,0.970317905,-5.491580767,1785.990225,2856.501591,8067,0.916912935,204.624527,196.7857971,153.1062317
38924,B-20-3-15_masks.tif,383,4210,360.9705627,146.7531283,37.62854514,3.900047895,0.966568878,74.00362635,4995.014014,2775.034679,4048,0.96152019,198.3055878,196.0209961,145.8391724
38925,B-20-3-15_masks.tif,384,5925,435.254834,154.6178065,50.52675966,3.060117204,0.945098751,-45.30848051,2283.035949,2811.972489,102,0.01721519,224.6372528,226.4607849,203.5784302
38926,B-20-3-15_masks.tif,385,5522,417.3553391,133.4036151,56.95832758,2.342126617,0.904269379,-57.12474937,534.6522999,2813.126766,4813,0.871604491,210.1369171,204.8416748,151.2433014
38927,B-20-3-15_masks.tif,386,10231,635.3969696,223.2593122,61.5589264,3.62675773,0.961235593,55.75752835,1556.428404,2829.713029,8514,0.832176718,200.5525055,191.3154755,153.2769623
38928,B-20-3-15_masks.tif,387,13057,768.3675324,270.1689511,63.14644309,4.278450818,0.972301671,51.32704856,3856.652983,2871.780271,10077,0.771769932,202.2857056,196.2833252,145.2508698
38929,B-20-3-15_masks.tif,388,5229,375.1126984,132.3295542,51.27581413,2.580740189,0.921875701,36.0478918,5173.519028,2832.620769,5064,0.968445209,197.0146179,190.9127197,149.2223511
38930,B-20-3-15_masks.tif,389,12184,800.0243866,288.3836135,55.64041168,5.182988492,0.981210777,51.21453565,4827.97981,2877.045305,10528,0.864084045,196.1772461,188.9744415,144.0171967
38931,B-20-3-15_masks.tif,390,14717,896.8528137,323.1459429,60.75161974,5.31913296,0.98216892,-31.9399037,4446.107834,2923.995379,11501,0.781477203,207.5922089,202.385788,157.0765991
38932,B-20-3-15_masks.tif,391,15335,966.7523087,352.9102611,59.61511065,5.919812229,0.985629032,31.60820901,4969.618194,2946.717835,10183,0.664036518,204.6116028,195.9030762,144.9743652
38933,B-20-3-15_masks.tif,392,12907,854.8528137,314.9475783,54.96998454,5.729446369,0.984650628,34.04665233,5013.047416,2917.1978,10531,0.815913845,203.5227356,196.5020447,149.2802277
38934,B-20-3-15_masks.tif,393,11342,635.7401154,228.7387516,65.60014624,3.48686344,0.957993265,58.29694833,1531.911832,2877.370129,9564,0.843237524,204.2340088,195.8451538,155.7538757
38935,B-20-3-15_masks.tif,394,12410,754.2842712,320.2199415,51.95338848,6.163600697,0.986750863,-2.516642574,1734.150363,2978.406849,6169,0.497099114,201.7198944,192.8654633,133.478363
38936,B-20-3-15_masks.tif,395,9200,681.7401154,257.6477584,49.59536854,5.194996347,0.981298363,65.73696848,3958.556304,2856.225,3698,0.401956522,196.0302887,191.301239,147.0094604
38937,B-20-3-15_masks.tif,396,12264,770.8700577,340.7736169,48.01946081,7.096573163,0.990021971,3.389904994,1681.215917,2985.982795,7263,0.592221135,200.6663971,189.901001,149.6256409
38938,B-20-3-15_masks.tif,397,6982,453.1126984,170.6626266,53.15448515,3.210690991,0.950259449,-20.08516916,1833.279003,2892.425236,6193,0.88699513,206.5263977,200.6531525,149.7606964
38939,B-20-3-15_masks.tif,398,9568,571.6984848,224.6461866,55.61233393,4.039502943,0.968873788,78.09958891,2006.784594,2853.838733,6896,0.720735786,201.0026093,192.9971008,152.0625
38940,B-20-3-15_masks.tif,399,4672,334.2842712,111.3139319,54.15910746,2.055313263,0.873656165,41.51791545,5134.833262,2860.063784,4490,0.961044521,202.8351898,195.5632477,145.7187042
38941,B-20-3-15_masks.tif,400,13833,843.6984848,340.9733824,53.84552675,6.332436564,0.987452374,-2.333025712,722.62922,3003.503072,11282,0.815585918,207.5856171,198.7037811,157.5489349
38942,B-20-3-15_masks.tif,401,5180,386.5269119,134.5063615,50.50344117,2.663310824,0.926833531,31.99932941,5101.414865,2895.702317,4671,0.901737452,204.7533722,199.8285217,157.8672638
38943,B-20-3-15_masks.tif,402,5079,382.9705627,143.9904157,50.47966543,2.852443939,0.936534074,-10.84413438,623.7154952,2921.61961,4453,0.876747391,200.0195313,191.7094116,145.1791992
38944,B-20-3-15_masks.tif,403,8239,700.2253967,257.7711014,42.91448025,6.006622936,0.986044342,-28.80340671,4491.027552,2957.160092,7132,0.865639034,209.5663147,203.7432709,154.5757141
38945,B-20-3-15_masks.tif,404,9684,640.0416306,272.8800949,46.29081085,5.894908511,0.985506457,-3.60693154,673.2567121,2979.143019,3915,0.404275093,201.1657715,190.3616791,153.0919495
38946,B-20-3-15_masks.tif,405,10637,648.3259018,243.76723,57.64089711,4.229067245,0.971641526,-26.9416874,4535.843377,2962.848642,9769,0.918398045,209.3055573,200.5496979,155.730072
38947,B-20-3-15_masks.tif,406,10314,686.7106781,255.0149532,53.80360005,4.739737729,0.977489917,-52.4892411,480.72484,2942.128854,8422,0.816560016,207.0794373,203.9022827,160.0639954
38948,B-20-3-15_masks.tif,407,4775,370.627417,131.4623665,49.37076743,2.662757201,0.926801902,-69.72181832,2244.752461,2894.841675,4558,0.954554974,199.7106171,190.2101746,145.0708618
38949,B-20-3-15_masks.tif,408,4394,365.1126984,131.1503209,44.35627081,2.956748133,0.941070882,33.16879536,5064.044379,2918.654074,4298,0.978152025,198.5242004,190.9851074,151.138443
38950,B-20-3-15_masks.tif,409,12345,661.6984848,265.5032219,61.35445767,4.327366454,0.972932988,-0.503259774,776.4597813,2999.217578,11841,0.959173755,205.2712555,197.5802765,156.7559357
38951,B-20-3-15_masks.tif,410,12002,597.254834,217.7003784,71.02297923,3.065210454,0.945286327,-26.9721635,147.8699383,2971.126646,10134,0.844359273,205.3120117,196.7540894,146.355835
38952,B-20-3-15_masks.tif,411,14495,906.2670273,344.1932588,54.6338571,6.299999251,0.987322,-30.86752001,246.2153156,3022.587306,11223,0.774266989,206.6639862,201.3962402,156.4163818
38953,B-20-3-15_masks.tif,412,20833,1003.941125,436.8477251,63.55456724,6.873585079,0.989360533,2.70334639,3558.948255,3095.607162,9489,0.455479288,201.2747345,194.2663116,141.9170685
38954,B-20-3-15_masks.tif,413,12470,702.2842712,276.1200934,61.37154464,4.499155024,0.97498653,-1.764280005,1436.372735,3038.8417,9226,0.739855654,200.7020416,190.4285736,144.9300842
38955,B-20-3-15_masks.tif,414,5333,374.8700577,128.3091609,54.05556256,2.373653234,0.906925271,-69.97523209,2140.667167,2932.485468,4755,0.891618226,207.943634,202.2771759,153.209671
38956,B-20-3-15_masks.tif,415,10182,650.6690476,252.8301221,53.43217708,4.731795258,0.977413412,-70.28848473,2228.579454,2953.997446,0,0,,,
38957,B-20-3-15_masks.tif,416,12710,964.6518036,352.1649352,50.41598678,6.985183822,0.989699535,45.83115207,3963.660425,3018.387097,5360,0.421715185,200.1626892,192.4417877,159.2658539
38958,B-20-3-15_masks.tif,417,11866,751.2964646,280.2204069,54.88035816,5.106023653,0.980634441,-30.03132908,187.2214731,3027.172173,11038,0.930220799,209.1453094,201.5817108,162.2416229
38959,B-20-3-15_masks.tif,418,5244,342.2842712,109.6432178,61.4523224,1.784199742,0.828171097,48.54779889,4015.543478,2952.218345,4224,0.805491991,192.3922882,186.609375,136.3970184
38960,B-20-3-15_masks.tif,419,9396,578.1837662,225.8701607,54.64463151,4.133437346,0.970293856,-18.09924616,2357.896552,3018.050766,7879,0.838548318,205.9332428,200.6201324,149.0493774
38961,B-20-3-15_masks.tif,420,8361,556.7695526,214.9188592,53.33216453,4.029816923,0.968721561,-74.41359333,1907.402823,2960.504605,6926,0.828369812,202.9976959,197.2376556,143.1855316
38962,B-20-3-15_masks.tif,421,11602,732.8111832,271.7000522,55.39674127,4.904621571,0.978993944,-25.19332299,3700.844941,3065.185399,6386,0.550422341,197.2510223,190.631073,137.4434662
38963,B-20-3-15_masks.tif,422,7409,526.5269119,212.9190057,45.44591589,4.685107594,0.976955678,15.36165822,4819.877446,3030.579835,6480,0.874611958,188.3208313,183.70401,129.9867249
38964,B-20-3-15_masks.tif,423,8008,540.8700577,221.5466105,46.833718,4.730493754,0.977400838,-78.31692919,2830.401598,2973.648851,7157,0.893731269,200.3385468,194.2185211,148.4989471
38965,B-20-3-15_masks.tif,424,7791,571.9827561,207.8132362,48.38306933,4.295164384,0.972519854,35.61796632,4712.140033,3028.298421,7349,0.943267873,201.4313507,199.1819305,149.4355621
38966,B-20-3-15_masks.tif,425,13714,922.9949494,332.7764448,56.56906318,5.88265787,0.985445582,43.14982669,4954.111346,3054.716275,7684,0.56030334,194.4744873,187.6185608,127.7764206
38967,B-20-3-15_masks.tif,426,7494,516.5269119,200.0501832,49.31098273,4.056909274,0.969144555,-16.56428187,2396.345343,3043.327595,6367,0.849613024,207.4826508,201.2737579,154.8792267
38968,B-20-3-15_masks.tif,427,6936,484.2842712,186.8698213,49.15713902,3.801478789,0.964780696,-15.62626992,501.1650807,3051.435409,5198,0.749423299,202.7502899,195.4228516,150.8618774
38969,B-20-3-15_masks.tif,428,8037,637.1543289,237.6338286,44.18338854,5.378352283,0.982562889,26.79227772,4669.451412,3067.444818,6617,0.823317158,194.4624481,191.3685913,141.3796234
38970,B-20-3-15_masks.tif,429,7813,507.1126984,199.6061536,50.88250414,3.922883847,0.966963595,-74.32291991,1914.496992,3003.023039,7353,0.941123768,211.2226257,203.8305511,163.6634064
38971,B-20-3-15_masks.tif,430,9035,649.1126984,256.5644251,48.53334558,5.28635358,0.981945063,-7.763113887,4311.807084,3087.181295,5834,0.645711123,202.9614258,198.047821,160.1062775
38972,B-20-3-15_masks.tif,431,5739,393.5563492,146.0895788,53.92885082,2.708931798,0.929370147,-1.816957983,622.0097578,3033.110646,5577,0.971772086,205.8040161,197.0641937,161.0200806
38973,B-20-3-15_masks.tif,432,10852,709.0538239,261.1452196,56.5189738,4.620487635,0.976298721,31.48775604,3923.508662,3082.661813,5773,0.531975673,201.0795135,195.4479523,151.2511749
38974,B-20-3-15_masks.tif,433,12431,657.3969696,233.6406253,68.2003446,3.42579831,0.956447999,-34.73118863,1542.916258,3079.875553,11103,0.8931703,207.0398102,200.4034882,148.3607178
38975,B-20-3-15_masks.tif,434,8230,631.4558441,269.9377574,41.90752315,6.441272048,0.987875396,-0.476495867,4271.931106,3108.052734,5509,0.669380316,205.8598633,201.6369629,156.7627563
38976,B-20-3-15_masks.tif,435,6922,467.5563492,197.2918198,46.49317727,4.243457458,0.971836318,3.913272557,575.2830107,3091.181595,6199,0.895550419,198.4762115,190.3069916,149.0684052
38977,B-20-3-15_masks.tif,436,21495,1404.409163,533.9351775,54.19924054,9.851340577,0.994834618,-20.66163178,840.02796,3249.619726,9895,0.460339614,204.8605347,197.9116669,150.9397736
38978,B-20-3-15_masks.tif,437,12295,708.4264069,266.9044304,60.67667757,4.398797711,0.97381665,12.71896764,2285.271492,3127.617975,7708,0.626921513,194.6825409,184.177475,141.0936737
38979,B-20-3-15_masks.tif,438,9093,520.0416306,212.9305973,55.21959124,3.856069784,0.965788394,82.63837363,2811.284505,3034.207522,7897,0.868470252,204.4820862,197.5906067,148.9471893
38980,B-20-3-15_masks.tif,439,8149,552.8700577,230.0149721,46.57946006,4.938120189,0.979280979,-10.54172355,810.0149712,3125.467787,7162,0.878880844,200.9655151,192.9736176,152.0354614
38981,B-20-3-15_masks.tif,440,16161,818.5269119,329.896429,65.52353631,5.03477754,0.980076879,6.493956793,1393.518347,3180.55405,7926,0.490439948,203.7568817,195.5320435,146.6983337
38982,B-20-3-15_masks.tif,441,9737,739.5391052,271.7147118,52.16986431,5.208269475,0.981394465,50.11177006,2169.954195,3092.687378,8901,0.914141933,198.039093,190.0004425,158.4420776
38983,B-20-3-15_masks.tif,442,14070,789.7817459,287.805416,63.98561299,4.497970755,0.974973187,53.20217297,2134.273916,3129.671215,11709,0.832196162,207.5594788,200.9485931,162.4347076
38984,B-20-3-15_masks.tif,443,6406,441.1126984,161.5936614,51.76558399,3.121642777,0.947301233,-21.98344141,2411.972682,3126.530128,6067,0.947080862,208.7771606,201.2523499,157.8038635
38985,B-20-3-15_masks.tif,444,9335,508.627417,188.6455457,63.81094222,2.956319703,0.941053266,-89.74488939,2751.353937,3083.169898,7582,0.812212105,203.3964691,195.0354767,141.3642883
38986,B-20-3-15_masks.tif,445,11543,839.2964646,303.0113525,52.11191046,5.814627594,0.985100431,24.52161506,436.9930694,3204.841202,8487,0.735250801,199.5556793,192.570755,160.9477997
38987,B-20-3-15_masks.tif,446,6378,464.2842712,181.493618,45.64317386,3.976358404,0.967860836,-17.66608084,2453.678426,3148.758388,6070,0.951709,205.8182831,197.7708435,157.0275116
38988,B-20-3-15_masks.tif,447,15334,1106.894444,368.675787,55.49675973,6.643194824,0.988605444,31.13809769,396.6974045,3250.012912,9020,0.588235294,198.6105347,189.6665192,156.4915771
38989,B-20-3-15_masks.tif,448,14936,956.1665222,349.1382064,59.87108459,5.831499609,0.98518717,50.03127161,2081.646893,3199.580611,13071,0.875133905,206.6478424,199.0299835,164.4509277
38990,B-20-3-15_masks.tif,449,9354,757.7817459,297.576206,43.4889789,6.842565945,0.989263327,53.33086049,2117.103058,3172.707505,6222,0.665169981,205.3436127,196.5374451,167.7687225
38991,B-20-3-15_masks.tif,450,6113,425.5563492,182.1262211,43.8808493,4.150471652,0.970540888,-84.53744919,2775.415508,3130.16833,5800,0.948797644,209.3401794,200.6186218,163.6699982
38992,B-20-3-15_masks.tif,451,5925,467.8406204,173.6548542,44.39086992,3.911949788,0.966775483,-34.84843256,4496.165738,3172.705654,5483,0.925400844,199.7563324,193.9947052,138.3186188
38993,B-20-3-15_masks.tif,452,4948,405.3137085,175.7512889,37.2537486,4.717680651,0.977276485,-0.446797063,540.7041229,3187.27688,4747,0.959377526,199.6469421,189.2176056,145.9985199
38994,B-20-3-15_masks.tif,453,7433,517.6984848,203.9807276,47.4848353,4.29570254,0.972526836,14.93672194,2568.381004,3213.782457,6396,0.860487017,200.6672974,195.6575928,144.2084045
38995,B-20-3-15_masks.tif,454,15430,944.3675324,344.4073347,69.52815199,4.953494733,0.979410743,24.46758851,3043.109851,3288.197602,12258,0.794426442,202.7684784,196.190979,153.7871552
38996,B-20-3-15_masks.tif,455,6857,518.0832611,194.8891325,45.85193884,4.250401126,0.97192959,-32.18849031,4529.175149,3215.74362,5928,0.864518011,200.3613434,197.033905,144.747467
38997,B-20-3-15_masks.tif,456,9959,599.5979797,235.3996835,56.27672836,4.182895672,0.971002622,17.35950447,2535.374937,3256.646752,4044,0.406064866,200.1271057,189.9663696,147.4409027
38998,B-20-3-15_masks.tif,457,6686,431.7989899,175.4082043,49.55478732,3.539682315,0.959263992,89.38984381,2780.041879,3173.271911,6419,0.960065809,204.1201172,198.2731018,153.718811
38999,B-20-3-15_masks.tif,458,15451,905.2964646,341.6681737,58.39784265,5.850698557,0.985284951,22.22787014,3001.269109,3315.284706,11496,0.744029513,207.4993896,199.3629913,161.1477051
39000,B-20-3-15_masks.tif,459,14997,897.6396103,335.1880812,64.52905099,5.194374876,0.981293845,21.37502748,2062.579783,3307.885777,12397,0.826631993,204.8260803,195.3849335,150.7038727
39001,B-20-3-15_masks.tif,460,8905,640.0416306,282.3430898,44.89950148,6.288334626,0.987274618,-5.056446927,4611.940932,3306.355306,8415,0.944974733,205.8999481,203.1183624,161.3171692
39002,B-20-3-15_masks.tif,461,9981,631.8406204,231.994486,56.36831052,4.115689895,0.970033144,71.15382605,2757.936479,3233.472398,7097,0.711050997,200.1060944,193.2389679,152.3669128
39003,B-20-3-15_masks.tif,462,9638,648.9116882,245.3556058,52.34096497,4.687640092,0.976980864,23.97821626,2002.940755,3300.949886,9100,0.94417929,203.4025269,194.8070374,154.6867065
39004,B-20-3-15_masks.tif,463,14276,1055.923882,409.0007251,50.41783022,8.112223857,0.992373075,60.99175231,3252.39633,3287.447464,4550,0.318716727,195.2215424,191.2938538,154.0233002
39005,B-20-3-15_masks.tif,464,8536,540.627417,226.7203411,49.07427341,4.619942901,0.976293063,-7.99898277,4660.519681,3304.935333,8446,0.98945642,205.8788757,201.7779999,159.2594147
39006,B-20-3-15_masks.tif,465,7893,488.0416306,190.8677719,53.90921731,3.540540587,0.959284158,-0.538905704,2463.37793,3305.472191,6158,0.780184974,202.3213654,196.6679077,142.5774536
39007,B-20-3-15_masks.tif,466,8597,680.5685425,268.9044414,48.83625002,5.506246718,0.983370283,26.54322721,1909.25474,3331.009189,7378,0.858206351,205.000946,195.421524,158.4280243
39008,B-20-3-15_masks.tif,467,11660,650.3259018,227.3360002,67.04336,3.390880174,0.955525442,23.00488153,1955.83705,3323.019726,10162,0.871526587,206.6424866,196.9465637,150.818634
39009,B-20-3-15_masks.tif,468,17065,1110.166522,417.7508157,64.35907382,6.490938898,0.988061351,59.08600041,3826.642309,3310.260064,5889,0.345092294,192.5444031,184.510437,143.6281128
39010,B-20-3-15_masks.tif,469,6542,507.7401154,183.1988377,47.58848119,3.84964666,0.965672104,-47.98704423,1642.773158,3277.953225,5476,0.837052889,205.2180481,197.9720612,149.0401764
39011,B-20-3-15_masks.tif,470,10977,745.9827561,291.0500601,51.82128457,5.616419249,0.984021553,-25.78022886,1710.409675,3352.006741,10004,0.911360117,210.9807129,203.8310699,167.335968
39012,B-20-3-15_masks.tif,471,12437,1008.752309,363.7479396,45.07397342,8.07002161,0.992292786,59.64568532,3786.569269,3331.888398,5584,0.448982874,203.4749298,196.9598846,152.8748169
39013,B-20-3-15_masks.tif,472,6693,517.7401154,187.280469,47.44521124,3.94729972,0.967377893,-47.18513913,1664.455849,3312.356342,6347,0.948304198,207.5623169,200.774704,158.0619202
39014,B-20-3-15_masks.tif,473,17773,1013.095454,379.7239476,75.54188093,5.026667895,0.980011886,60.17658283,3767.073876,3370.489,10566,0.594497271,205.4559937,198.453537,163.5559387
39015,B-20-3-15_masks.tif,474,7286,638.9116882,256.2979331,37.2433893,6.881702709,0.989385753,-25.23253286,1745.163464,3363.291518,6636,0.910787812,207.8286591,200.1035309,152.3155518
39016,B-20-3-15_masks.tif,475,13930,820.8111832,284.2175583,67.00928876,4.24146508,0.971809469,67.25760534,2852.930797,3324.749533,7039,0.505312276,189.0721741,179.9130554,137.6525116
39017,B-20-3-15_masks.tif,476,8597,569.9411255,230.2549917,48.89532684,4.709141068,0.977193033,-14.89332635,1787.048622,3418.887752,8119,0.944399209,205.0257416,196.5206299,148.2538452
39018,B-20-3-15_masks.tif,477,14888,757.4974747,298.9054236,66.78083071,4.475916524,0.974722745,72.87486698,2809.593834,3388.173361,9736,0.65394949,196.9212189,188.3025818,145.817688
39019,B-20-3-15_masks.tif,478,6890,443.2132034,180.2660063,50.00525027,3.604941587,0.960755381,-10.16486283,1841.213208,3414.699274,6303,0.914804064,197.4190063,186.9563751,131.3879089
39020,B-20-3-15_masks.tif,479,12879,727.0121933,286.0247959,58.70708059,4.872066419,0.978709218,-11.03336524,2303.133861,3493.966923,12357,0.959468903,209.5035248,202.2796021,162.8369293
39021,B-20-3-15_masks.tif,480,13669,734.7695526,279.9876661,64.96366358,4.30991189,0.972710227,-8.737978872,2631.593313,3483.804594,9631,0.704587022,203.8135223,198.4544678,142.9659424
39022,B-20-3-15_masks.tif,481,13261,722.7695526,294.0099799,63.5508172,4.626376069,0.976359746,-9.682604261,2252.732373,3487.625594,10845,0.817811628,208.0318146,200.4827118,157.8863983
39023,B-20-3-15_masks.tif,482,12646,776.5685425,307.274679,60.11152928,5.111742833,0.980678177,23.38266775,3437.401234,3537.33133,5413,0.428040487,188.610199,182.1376343,143.3092499
39024,B-20-3-15_masks.tif,483,12400,636.5269119,240.2710533,67.13033232,3.579172708,0.960176492,-9.623652843,2354.912339,3529.339919,10204,0.822903226,210.9464874,203.9629517,165.644165
39025,B-20-3-15_masks.tif,484,3279,282.0416306,89.04327703,47.77736346,1.863712658,0.843860011,-58.78201913,1582.505642,3436.712717,2965,0.904239097,193.8870087,187.9446869,130.1116333
39026,B-20-3-15_masks.tif,485,11356,705.4974747,272.2370556,56.36391658,4.829988264,0.978332512,-21.62175853,3318.317453,3543.490049,5093,0.448485382,196.8295746,191.2915802,149.3137665
39027,B-20-3-15_masks.tif,486,11956,551.4558441,220.2156524,70.33181946,3.131095628,0.947627731,-5.67416182,2418.985279,3515.572432,10193,0.852542656,202.0171661,193.3802643,140.4456024
39028,B-20-3-15_masks.tif,487,9148,544.6690476,194.9736876,60.79474982,3.20708101,0.950144468,-36.65736009,2523.221578,3502.163314,7313,0.799409707,203.227951,197.9577484,147.7136536
39029,B-20-3-15_masks.tif,488,8823,592.2842712,239.2071509,52.5865845,4.548824632,0.975536616,13.53369083,3155.809475,3558.50051,5734,0.649892327,202.5221558,197.2907257,156.5020905
39030,B-20-3-15_masks.tif,489,3407,300.8700577,102.9915521,43.12591029,2.388159494,0.908109625,-48.7419584,1508.644849,3485.423246,2808,0.8241855,199.7603302,193.6595459,136.1716461
39031,B-20-3-15_masks.tif,490,6119,413.5563492,163.9314421,50.67032672,3.235255281,0.951031291,4.603425884,3114.623795,3577.5563,4805,0.785259029,198.3548431,190.4867859,152.2104034
39032,B-20-3-15_masks.tif,491,2849,375.5563492,162.1871377,28.00403343,5.791563494,0.984980617,7.027425785,2920.752896,3584.862408,1606,0.563706564,186.1027374,180.0261536,130.3928986
39033,B-20-3-15_masks.tif,492,6717,366.2842712,115.1641078,74.6887025,1.541921388,0.761179303,57.18493396,1570.938812,3549.543546,4622,0.688104809,196.6739502,186.6222382,128.4058838
39034,B-20-3-15_masks.tif,493,4356,283.8994949,99.26243104,57.41708085,1.728796197,0.815726932,-7.477958996,1655.291322,3604.281221,3047,0.699494949,199.193634,191.6409607,133.2674713
39035,B-20-3-15_masks.tif,494,3477,372.5269119,134.1831246,37.57296298,3.571268113,0.959996331,-54.28418651,4487.292206,3612.444636,2346,0.674719586,186.6867065,176.7088623,132.3388672
39036,B-20-3-15_masks.tif,495,2569,238.1421356,78.73932061,43.63216247,1.804616507,0.832427245,-16.72712556,1725.950954,3614.825613,1661,0.64655508,191.0276947,177.7507477,126.5111389
39037,B-20-3-15_masks.tif,496,8903,603.6984848,233.041613,50.20311212,4.64197543,0.976520273,77.90454722,1006.567561,3614.664046,7901,0.887453667,190.1636505,181.6781464,131.7092743
39038,B-20-3-15_masks.tif,497,3416,261.5563492,75.47533825,59.68695317,1.26451987,0.612056564,-60.35895709,1518.132026,3610.555035,2442,0.714871194,196.7927856,187.9266968,135.8583069
39039,B-20-3-15_masks.tif,498,2305,218.1421356,63.29680975,48.91730993,1.293955245,0.634620098,-65.43680605,1566.860304,3624.87679,1866,0.809544469,192.7711639,179.6162872,123.3912125
39040,B-20-3-15_masks.tif,499,1581,199.3137085,67.6221581,33.32420371,2.029220524,0.870142574,-72.40646169,740.9569892,3628.025933,1194,0.755218216,185.4991608,173.9313202,120.680069
39041,B-20-3-15_masks.tif,500,1172,163.3137085,51.79175119,30.51393183,1.697314901,0.808012119,-79.29563483,1765.306314,3633.486348,25,0.021331058,228,223.1199951,186.1999969
39042,B-20-3-16_masks.tif,1,11722,553.6984848,201.8392245,75.35229565,2.678607503,0.927699292,-10.69564206,453.7092646,94.43149633,8341,0.711567992,195.7500305,187.6073608,129.3144684
39043,B-20-3-16_masks.tif,2,8270,619.0121933,234.0816111,47.8355977,4.893460568,0.978896979,18.71783576,2707.276421,92.60931076,6111,0.738935913,204.4814301,200.7263947,149.4765167
39044,B-20-3-16_masks.tif,3,12462,709.5979797,288.4835382,57.06959918,5.054942427,0.980237113,13.98895309,2762.840555,127.2733109,6212,0.498475365,199.0745392,194.6888275,150.1416626
39045,B-20-3-16_masks.tif,4,16513,965.4386002,354.8102614,66.17640528,5.361582574,0.982452665,29.72453886,3391.557258,124.6292618,6348,0.384424393,193.3208923,190.5746765,141.7058868
39046,B-20-3-16_masks.tif,5,5406,452.5269119,170.6726554,46.72746801,3.65251238,0.961791162,-31.91802338,3765.751942,59.13984462,3827,0.707917129,213.8126526,208.0075836,149.8899994
39047,B-20-3-16_masks.tif,6,5147,480.4264069,188.0409638,37.66929325,4.99188988,0.979729515,-34.04429775,3830.505537,69.97765689,3911,0.759860113,213.9082031,203.0621338,143.4410706
39048,B-20-3-16_masks.tif,7,12681,689.9827561,246.7769982,66.85927478,3.69099125,0.962599072,-30.07363343,3871.117656,96.93226086,6256,0.493336488,212.0781708,200.589035,142.9538116
39049,B-20-3-16_masks.tif,8,11138,637.3553391,241.4054843,62.35133706,3.871696995,0.966068852,-10.73637011,5265.885437,101.8599389,6699,0.60145448,199.9640198,196.8689423,133.4476776
39050,B-20-3-16_masks.tif,9,10889,692.5269119,275.933424,51.71492741,5.335662987,0.982280226,9.06363587,389.7026357,160.0202039,7038,0.646340343,196.0836945,189.9411774,148.7469482
39051,B-20-3-16_masks.tif,10,20968,1073.59798,445.9870224,62.67726436,7.115610851,0.990075559,-3.612496999,519.4793972,215.8967951,10938,0.521652041,197.1611786,188.7973175,137.2464752
39052,B-20-3-16_masks.tif,11,14617,706.627417,305.2860955,63.74544152,4.789143948,0.977957171,0.982922059,3186.98618,141.8578368,5742,0.392830266,208.1450653,202.8282776,131.1447296
39053,B-20-3-16_masks.tif,12,9586,742.4680374,265.231621,55.58783738,4.771396649,0.977791023,35.17407838,3320.28406,107.0806384,6057,0.631858961,198.009903,197.0769348,133.9927368
39054,B-20-3-16_masks.tif,13,6374,559.1126984,219.8036158,43.97080649,4.998853406,0.979786532,-13.48048954,3695.788516,93.04989018,3553,0.557420772,213.6583099,209.8581543,163.2640076
39055,B-20-3-16_masks.tif,14,10783,667.9827561,251.3032662,57.63439315,4.360300379,0.973345904,-30.03179111,3926.154317,108.5415932,8955,0.830473894,210.5326691,202.8146362,149.8880005
39056,B-20-3-16_masks.tif,15,3300,391.2132034,160.5324877,28.7549536,5.582776797,0.983826809,4.2392027,5346.9,73.15181818,0,0,,,
39057,B-20-3-16_masks.tif,16,11212,609.2132034,254.4364629,57.73317688,4.40711003,0.973916648,-1.008981617,335.0386193,146.9756511,7657,0.682929005,199.4128265,193.0377502,152.5677185
39058,B-20-3-16_masks.tif,17,9986,683.882251,229.9141696,58.64719346,3.920292788,0.966919164,-47.9660708,3035.953034,102.2867014,8265,0.827658722,208.8784027,202.113739,149.5909271
39059,B-20-3-16_masks.tif,18,7367,549.1543289,200.0625316,49.45337595,4.04547774,0.968967133,-51.71753402,4777.30976,96.41468712,6347,0.861544726,208.1602325,203.7461853,149.4466705
39060,B-20-3-16_masks.tif,19,7057,499.4974747,183.0815493,50.39888001,3.632651147,0.961363795,-52.77398267,2929.85858,117.2054697,5742,0.813660196,211.1804199,202.3813934,152.6112823
39061,B-20-3-16_masks.tif,20,8048,581.7401154,209.4102121,50.06116601,4.183086986,0.971005314,-56.3105933,4799.332878,140.1122018,6204,0.770874751,208.5335236,204.0093536,152.3552551
39062,B-20-3-16_masks.tif,21,16228,832.5269119,342.5070876,64.52763315,5.307913384,0.982092772,5.223059334,1680.437515,255.3289993,7289,0.449161942,197.4461517,191.308136,134.244751
39063,B-20-3-16_masks.tif,22,15208,877.1959595,324.3176843,60.97664243,5.318719945,0.982166126,62.86086599,5084.073843,197.4715281,8207,0.539650184,195.6109467,192.937973,141.3615265
39064,B-20-3-16_masks.tif,23,16945,919.9411255,376.1675719,59.64808176,6.30644877,0.987348084,4.19615921,582.5889643,315.7055769,8065,0.475951608,194.7047729,187.9930573,141.4146271
39065,B-20-3-16_masks.tif,24,18460,1194.936075,426.4071704,58.8646222,7.2438615,0.990425551,50.45793951,265.3957205,270.3979415,10980,0.594799567,193.7525482,190.318573,150.934967
39066,B-20-3-16_masks.tif,25,12837,770.5269119,304.0219446,56.32530817,5.397608189,0.982688174,0.23681944,467.0584249,324.7168342,4764,0.371114746,197.1370697,186.9460602,148.1242676
39067,B-20-3-16_masks.tif,26,7598,447.3553391,144.256298,72.77660579,1.982179526,0.863414513,85.78026386,80.20558042,216.1118715,0,0,,,
39068,B-20-3-16_masks.tif,27,16896,1188.936075,415.4028951,55.76526529,7.449133307,0.990948334,44.49360401,1546.435724,366.5213068,8710,0.515506629,194.325943,191.8435059,152.2033234
39069,B-20-3-16_masks.tif,28,7943,578.0832611,187.8340662,59.20691262,3.172502295,0.949022413,30.486615,3414.010324,304.5993957,3602,0.453481052,186.7179413,185.9636383,137.4375305
39070,B-20-3-16_masks.tif,29,16121,851.9411255,348.867121,61.35717091,5.685841049,0.984412422,-89.37302258,2608.492959,269.0099249,8833,0.547918864,199.2384186,195.2240448,145.62323
39071,B-20-3-16_masks.tif,30,15233,845.254834,309.6584108,65.57685246,4.722068827,0.977319188,-80.30496217,5008.997834,294.5111272,8668,0.569027769,207.6072845,204.4402466,153.9976959
39072,B-20-3-16_masks.tif,31,19437,1209.338095,458.0223374,68.25392297,6.71056428,0.988834368,70.59108097,3066.061172,325.4434326,6398,0.329166024,200.5986176,197.0861206,151.0025024
39073,B-20-3-16_masks.tif,32,18839,1048.308658,383.5731412,65.3560155,5.868979898,0.98537716,53.37359575,2979.988481,392.9276501,10247,0.543924837,198.8302002,194.4219818,143.7294769
39074,B-20-3-16_masks.tif,33,12074,897.1959595,330.5411645,51.4159971,6.428761147,0.987827868,62.02228973,324.1484181,391.1833692,6156,0.509855889,190.8948975,188.754715,151.3399963
39075,B-20-3-16_masks.tif,34,16252,956.7106781,361.2334854,65.28858559,5.532873505,0.983531295,71.80713068,1983.881245,348.4571745,7580,0.466404135,204.1598969,202.190506,157.0659637
39076,B-20-3-16_masks.tif,35,16829,874.2842712,361.9039259,63.13024357,5.732655307,0.984667941,87.98738648,2580.014499,323.1578822,9613,0.571216353,205.2827454,200.6776276,151.6735687
39077,B-20-3-16_masks.tif,36,16133,1010.710678,373.4572698,60.8575798,6.136577746,0.986633126,70.6016787,1961.852848,391.7633422,9095,0.563751317,200.1188507,194.6396942,152.122818
39078,B-20-3-16_masks.tif,37,10555,743.9411255,288.5622484,50.93186356,5.665652664,0.984300251,6.871054941,143.5806727,434.3138797,6409,0.607200379,200.1187439,192.4648132,149.5782471
39079,B-20-3-16_masks.tif,38,10822,748.5269119,310.2921813,46.75419124,6.636670919,0.988582902,5.249312203,186.215487,445.1294585,646,0.059693218,224.7337494,229.2260132,164.1934967
39080,B-20-3-16_masks.tif,39,13733,766.5269119,322.1929003,58.79920098,5.479545553,0.983206431,-81.3834391,4998.353018,349.5087745,6971,0.507609408,207.5359344,203.6100922,149.9404602
39081,B-20-3-16_masks.tif,40,9244,683.8406204,268.6404124,45.39022286,5.918464275,0.985622437,72.39835122,3094.561229,376.601363,6618,0.715923842,204.9055634,202.4508972,155.5202484
39082,B-20-3-16_masks.tif,41,5487,470.1837662,172.0616353,46.39116649,3.708930994,0.962966948,23.579013,3483.972663,448.8871879,2643,0.48168398,192.8755188,190.3242493,142.872879
39083,B-20-3-16_masks.tif,42,20462,1098.752309,414.8077754,67.38343528,6.15593096,0.986717605,61.54696375,1981.345274,476.1930408,11895,0.581321474,201.9382935,193.3274536,138.5478821
39084,B-20-3-16_masks.tif,43,17678,947.882251,373.0992067,64.11515369,5.819204747,0.985124037,21.45058308,5063.590565,545.625693,6341,0.358694422,196.4160156,192.8224182,130.8787231
39085,B-20-3-16_masks.tif,44,11049,817.6396103,326.0770748,46.02164885,7.085297528,0.989990027,-23.97123526,4740.974115,536.0262467,4979,0.450629016,205.783493,201.7732544,149.9616394
39086,B-20-3-16_masks.tif,45,14984,1003.722871,359.3408846,56.74320398,6.332756336,0.987453649,47.64485909,1950.345035,534.6482248,7537,0.503003203,200.7388916,195.918396,158.87117
39087,B-20-3-16_masks.tif,46,2922,302.0416306,107.935085,36.89697545,2.925309829,0.939756665,-30.71105834,25.56297057,480.0989049,2291,0.784052019,191.0048065,181.7782593,134.8511505
39088,B-20-3-16_masks.tif,47,18845,1042.066017,375.6394217,67.61319447,5.55571179,0.983667536,34.52215305,5177.541417,622.9535686,8601,0.456407535,200.9979095,199.2378845,137.9041901
39089,B-20-3-16_masks.tif,48,9613,715.4974747,298.7482607,43.21853793,6.912502712,0.989480632,20.20117964,1866.008946,594.2290648,4938,0.513679392,194.8434601,190.8120728,151.5194397
39090,B-20-3-16_masks.tif,49,18585,1173.865007,443.0372146,59.20366992,7.48327283,0.991031108,40.12198508,4595.171429,639.601937,7881,0.424051655,191.6027222,189.7633514,142.6931915
39091,B-20-3-16_masks.tif,50,9478,576.0416306,236.3921636,52.10501785,4.536840661,0.975405575,-0.519624163,1815.284343,632.725364,5611,0.592002532,203.8784485,197.2177887,155.644455
39092,B-20-3-16_masks.tif,51,6528,593.1543289,218.7239383,43.70333059,5.004743011,0.979834568,-33.91632513,50.64276961,610.3000919,0,0,,,
39093,B-20-3-16_masks.tif,52,13537,927.3553391,386.5380839,48.73805825,7.930929088,0.99201898,-8.849737677,891.0769003,726.2992539,7399,0.546576051,201.7359161,193.5822449,147.9313354
39094,B-20-3-16_masks.tif,53,15159,925.8406204,369.0004965,62.30053371,5.92291068,0.985644173,-9.704857486,851.4022693,713.1916353,9010,0.594366383,205.2287445,198.7641449,162.6821289
39095,B-20-3-16_masks.tif,54,14121,938.4264069,383.1011612,50.6556122,7.562857194,0.991219707,-4.071237255,787.0477303,735.3853127,6568,0.465122867,196.3631287,188.361908,145.5962219
39096,B-20-3-16_masks.tif,55,6161,542.6690476,206.1257637,41.0317423,5.023568393,0.979986961,-32.18513568,5384.040578,642.3285181,1869,0.303359844,207.22258,202.0246124,148.2530823
39097,B-20-3-16_masks.tif,56,2571,290.0416306,107.1051148,31.78303417,3.369883261,0.954956387,-33.62372334,5405.272268,663.1054065,316,0.122909374,229.9651947,209.8101196,204.2373352
39098,B-20-3-16_masks.tif,57,17353,874.5685425,337.6950844,68.52858593,4.927798813,0.979193172,17.66222872,5336.03181,802.1427995,8826,0.508615225,201.0353546,199.0288849,142.2221832
39099,B-20-3-16_masks.tif,58,14918,914.509668,331.6280665,65.60582279,5.054857211,0.98023644,-42.02894395,122.2859633,792.0191044,7676,0.514546186,201.6765289,195.8714142,146.9889221
39100,B-20-3-16_masks.tif,59,15111,978.9533188,319.8994435,62.20780521,5.142432568,0.98091035,-64.48315696,1396.527232,762.4307458,4720,0.312355238,206.3783875,200.3610229,138.7404633
39101,B-20-3-16_masks.tif,60,4964,404.7695526,143.8919207,46.96951843,3.063517053,0.94522407,-44.71124049,44.22219984,743.7703465,4423,0.89101531,197.1937561,189.0284882,147.6407471
39102,B-20-3-16_masks.tif,61,7150,547.9411255,199.6228538,48.85831058,4.085750232,0.969585439,-72.04831135,2612.341818,754.9871329,5090,0.711888112,205.3581543,202.1703339,166.1683655
39103,B-20-3-16_masks.tif,62,5008,391.254834,119.0067104,55.37988645,2.148915753,0.885126255,-47.92403871,70.21325879,778.6996805,3825,0.763777955,203.7317657,191.2381744,150.9707184
39104,B-20-3-16_masks.tif,63,7583,546.1837662,206.0427454,50.35135863,4.092099023,0.969681215,-72.00130087,2633.479494,797.4135566,6400,0.843993143,208.1821899,201.6948395,162.2126617
39105,B-20-3-16_masks.tif,64,12863,1033.539105,349.4078818,61.92373308,5.642551965,0.984170402,-16.98904904,1499.91013,946.4767162,7960,0.6188292,205.1182098,196.3467407,147.1167145
39106,B-20-3-16_masks.tif,65,15951,892.4680374,325.0651005,64.15851407,5.066593346,0.980328812,-69.45375386,2663.562347,850.2476961,9428,0.591060122,205.7054443,199.353302,143.3576508
39107,B-20-3-16_masks.tif,66,16669,1112.166522,390.1182981,59.64025257,6.541191247,0.98824517,-63.32200377,3046.617913,889.6547483,7179,0.430679705,206.9636383,200.7296295,151.7604065
39108,B-20-3-16_masks.tif,67,9443,612.8111832,215.4127579,56.73580993,3.796768888,0.964691662,-45.35070891,1327.394684,874.3284973,8906,0.943132479,208.7126617,204.4172516,159.7292786
39109,B-20-3-16_masks.tif,68,5451,435.0121933,156.4604168,45.66043253,3.426608294,0.956469055,-40.62011751,1384.350578,884.7132636,5079,0.931755641,206.0809174,198.5625153,142.3986969
39110,B-20-3-16_masks.tif,69,1774,229.8994949,88.36705898,27.25385305,3.242369393,0.951251441,3.797275176,5427.947012,875.0687711,0,0,,,
39111,B-20-3-16_masks.tif,70,6044,488.0832611,181.7599294,43.32873078,4.194905461,0.971170881,-36.49432487,1411.70814,933.6146592,5395,0.892620781,206.8787842,198.7766418,148.0211334
39112,B-20-3-16_masks.tif,71,5869,429.3553391,146.1375424,54.10081617,2.701207722,0.928950173,-35.6915907,39.94496507,937.4646447,4868,0.829442835,195.7543182,187.3716125,137.9281006
39113,B-20-3-16_masks.tif,72,16995,1183.480231,423.4925531,57.25184799,7.397011065,0.990819728,28.58760021,2798.053839,1071.689379,8630,0.507796411,206.3938599,200.690155,159.3881836
39114,B-20-3-16_masks.tif,73,11375,809.0954544,298.7698301,49.96662036,5.9793884,0.985916014,-40.80437247,3065.314549,1004.476484,5138,0.451692308,210.3950958,202.79039,170.3946991
39115,B-20-3-16_masks.tif,74,16992,920.5685425,353.8172185,62.71186332,5.641950339,0.984166998,17.95317454,763.3519303,1078.802672,10308,0.606638418,198.5778046,190.063736,144.7144012
39116,B-20-3-16_masks.tif,75,17867,1230.208153,456.6944469,56.26475984,8.116882542,0.992381861,29.48261757,2764.349639,1104.016455,6155,0.344489842,198.0433807,189.658493,148.3130798
39117,B-20-3-16_masks.tif,76,15320,958.7523087,332.882933,70.01391193,4.754525549,0.977631323,-35.64923549,2990.900587,1023.047063,6930,0.452349869,209.6390991,201.4168854,148.1102448
39118,B-20-3-16_masks.tif,77,8917,555.254834,199.7751271,58.75508612,3.400133339,0.955772773,-57.02593532,76.07255804,989.342604,8463,0.949086015,203.1295013,195.0831909,148.4577637
39119,B-20-3-16_masks.tif,78,11700,674.9116882,238.0909455,63.68772509,3.738411839,0.963559729,-26.07887419,1399.588291,1068.531368,9122,0.77965812,204.4321442,194.9561462,141.4246826
39120,B-20-3-16_masks.tif,79,4229,348.7695526,119.9202203,45.76344291,2.620437027,0.924321065,-43.97215563,3894.848664,1003.270986,3459,0.817923859,206.8331909,197.2226105,144.271759
39121,B-20-3-16_masks.tif,80,8864,615.9827561,230.7696465,50.73267098,4.548738358,0.975535677,-55.49500379,89.52470668,1035.919562,7331,0.827053249,196.5564117,190.3347473,133.1227722
39122,B-20-3-16_masks.tif,81,4676,415.5979797,146.7284078,41.87868985,3.503653249,0.958403618,-46.45719252,3119.815441,1016.033576,3009,0.643498717,210.0272522,206.2346344,161.1565247
39123,B-20-3-16_masks.tif,82,14525,882.1837662,349.9101091,55.23876628,6.334502609,0.987460609,7.058521925,5068.749811,1169.569776,7845,0.54010327,206.7970734,198.2625885,166.436203
39124,B-20-3-16_masks.tif,83,17691,1216.450793,416.1775997,65.3939386,6.364161704,0.987577946,38.37289537,2465.062405,1168.018145,8530,0.482166073,198.1532288,191.5547485,146.5475922
39125,B-20-3-16_masks.tif,84,15164,928.2670273,328.7655126,63.83188654,5.150490302,0.980970612,58.97814959,4129.946518,1085.535479,7455,0.491624901,196.9991913,191.9784088,140.6824951
39126,B-20-3-16_masks.tif,85,7268,530.627417,199.6892653,50.07347118,3.987925354,0.968050077,-87.30296481,1078.596725,1009.819895,6051,0.83255366,203.4100189,198.2735138,161.1037903
39127,B-20-3-16_masks.tif,86,9735,631.882251,228.725357,55.22216962,4.141911819,0.970417142,-42.3864938,3897.322034,1067.396302,8123,0.834411916,212.6002655,206.3828583,144.3889008
39128,B-20-3-16_masks.tif,87,10228,591.3553391,220.4479687,64.8590784,3.398876058,0.955739289,81.62680072,4299.948768,1026.623778,5827,0.569710598,207.43367,201.5397339,150.0983429
39129,B-20-3-16_masks.tif,88,15624,859.4974747,337.3055256,71.78253619,4.698991474,0.977093247,8.758352114,5118.565668,1167.301331,9249,0.591973886,207.6291504,201.1377411,155.6772614
39130,B-20-3-16_masks.tif,89,3232,288.2842712,94.32057376,44.38025472,2.125282389,0.882386286,-48.55215479,3754.629332,1048.787129,2856,0.883663366,208.7121887,201.3336792,150.0437622
39131,B-20-3-16_masks.tif,90,14547,1019.23759,364.9412537,53.37759431,6.836974547,0.989245663,34.07669625,2517.438991,1157.895924,6679,0.459132467,200.4067993,195.7308044,148.7358856
39132,B-20-3-16_masks.tif,91,14380,905.8406204,349.7394779,63.52097274,5.505889832,0.983368109,2.453746949,4977.759736,1210.111544,278,0.019332406,217.1043091,177.8561096,183.2481995
39133,B-20-3-16_masks.tif,92,10175,648.0416306,273.7224052,49.51241855,5.528358607,0.983504159,-85.48801454,1048.665553,1060.176609,6399,0.628894349,206.1581421,198.8443451,163.0203094
39134,B-20-3-16_masks.tif,93,4316,351.9411255,118.6118447,47.91154269,2.475642362,0.914787439,-44.68308371,3819.045412,1079.818582,3947,0.914504171,212.3909302,204.7197876,144.229538
39135,B-20-3-16_masks.tif,94,10340,601.9411255,231.8836819,59.19632688,3.917197133,0.966865961,82.31414769,4284.610832,1076.655126,6296,0.608897485,204.1516876,197.3186188,149.7052155
39136,B-20-3-16_masks.tif,95,11294,711.6984848,293.3712861,52.6351687,5.573674281,0.983773504,3.697567885,5021.474323,1205.777935,6186,0.547724455,198.6168823,193.5226288,144.3803711
39137,B-20-3-16_masks.tif,96,3202,292.0416306,97.95995478,42.29434625,2.316147747,0.90199265,-37.99224371,3037.693941,1105.823235,2718,0.848844472,210.7174377,203.0706329,151.5776367
39138,B-20-3-16_masks.tif,97,3003,297.1126984,95.95764176,41.6421991,2.304336558,0.900930026,-48.1122073,3695.151182,1109.39294,2310,0.769230769,213.3415527,205.4125519,143.7883148
39139,B-20-3-16_masks.tif,98,17550,1055.254834,472.1393955,50.13782596,9.416830238,0.994345553,7.037199382,4933.203134,1274.86963,8246,0.46985755,206.7541809,198.822464,156.9950256
39140,B-20-3-16_masks.tif,99,12213,691.4558441,296.1878269,55.07168018,5.378223907,0.982562049,-87.24031633,1058.978629,1102.962417,8235,0.674281503,198.7840881,193.0295105,144.2004852
39141,B-20-3-16_masks.tif,100,14100,905.5979797,391.4877026,50.75514964,7.71326073,0.991560232,8.801374724,4891.639929,1281.020355,7324,0.519432624,197.0140686,192.3237305,148.2056274
39142,B-20-3-16_masks.tif,101,7360,521.7989899,218.7284855,47.63190701,4.592058123,0.976000724,81.00993318,5354.598641,1138.471739,2924,0.397282609,198.5960999,198.8238678,136.8987732
39143,B-20-3-16_masks.tif,102,7869,575.254834,216.2480262,50.80765676,4.256209398,0.972007253,-20.55777848,4275.212988,1240.499809,5231,0.664760452,200.6220551,192.1703339,139.2116241
39144,B-20-3-16_masks.tif,103,11328,770.9533188,281.3869656,52.55499615,5.354143017,0.98240343,56.70806477,5270.965837,1199.785929,7063,0.623499294,195.8190613,193.5028992,147.0768738
39145,B-20-3-16_masks.tif,104,20457,1151.497475,476.3248347,57.29455155,8.313614852,0.992739447,10.36278593,3740.5339,1383.859364,10165,0.496895928,206.3565216,200.4969025,145.0278473
39146,B-20-3-16_masks.tif,105,5817,344.627417,109.5219932,68.28287003,1.60394537,0.78185315,68.55075381,3982.81004,1192.159017,4498,0.773250817,205.0011139,199.7678986,137.0518036
39147,B-20-3-16_masks.tif,106,11334,744.8111832,276.3774062,53.85956537,5.131445163,0.980827713,-27.42660675,4177.725781,1299.215987,8240,0.727016058,208.8516998,201.7809448,153.2118988
39148,B-20-3-16_masks.tif,107,8839,588.7695526,222.8312506,60.14896764,3.704656278,0.962879787,11.53959084,422.9791832,1298.938907,5016,0.56748501,198.2308655,189.5623932,149.4445801
39149,B-20-3-16_masks.tif,108,6632,374.8700577,117.4016251,72.76405708,1.613456284,0.784769701,66.88160982,3964.181242,1255.871834,5333,0.804131484,208.2158203,202.0153809,145.7599792
39150,B-20-3-16_masks.tif,109,7371,521.1126984,187.6644843,50.85797012,3.689971972,0.962578005,12.85255735,384.6593407,1321.781848,5725,0.776692443,204.6660309,196.6621857,158.6918793
39151,B-20-3-16_masks.tif,110,17190,1123.137085,424.9245005,59.1749663,7.180815251,0.990255858,53.82788978,3973.768703,1395.35032,6580,0.382780686,193.6752319,187.7772064,157.5004578
39152,B-20-3-16_masks.tif,111,18281,999.7817459,376.9609243,63.08016706,5.975902441,0.98589946,-24.23282163,4761.990646,1444.979706,7861,0.430009299,204.6446991,195.6271515,130.5018463
39153,B-20-3-16_masks.tif,112,6983,510.0832611,181.3497991,50.47125275,3.593130529,0.960491639,-31.02141664,489.314478,1356.392954,5772,0.826578834,207.2974701,201.1806946,158.848053
39154,B-20-3-16_masks.tif,113,7954,602.2253967,213.7142258,48.39615697,4.415933808,0.97402217,47.71596597,4002.615665,1355.109756,6738,0.847120945,202.7594299,197.4254913,160.0422974
39155,B-20-3-16_masks.tif,114,6907,544.9705627,233.3295635,39.0395256,5.976752021,0.985903497,85.94550738,5318.446359,1304.039815,4394,0.636166208,196.1761475,191.428772,141.710968
39156,B-20-3-16_masks.tif,115,11215,715.4974747,275.7679847,59.05488285,4.66968981,0.976801448,22.84416804,3861.646099,1407.922425,6947,0.619438252,203.0944366,197.4992065,150.6785736
39157,B-20-3-16_masks.tif,116,5748,404.1837662,130.378624,60.61683094,2.150865065,0.885347857,-30.07225857,4210.31698,1358.515136,4858,0.845163535,211.6033325,207.2367249,143.6867065
39158,B-20-3-16_masks.tif,117,14131,881.3380951,315.2578112,59.09191276,5.335041572,0.982276061,-45.15076869,549.4630246,1421.683462,6742,0.47710707,208.3019867,199.6303711,158.5935974
39159,B-20-3-16_masks.tif,118,6455,445.7989899,181.2231695,46.19351336,3.923130246,0.966967816,81.0394773,5332.71464,1344.691247,4605,0.713400465,206.8990173,203.0872955,152.891861
39160,B-20-3-16_masks.tif,119,9466,648.9116882,242.9791151,51.05225074,4.759420233,0.977677833,26.97263307,3822.08071,1432.285971,6705,0.70832453,202.0135651,194.0651703,154.5357208
39161,B-20-3-16_masks.tif,120,18701,1051.154329,435.4386224,57.52070687,7.57011946,0.99123662,-76.77407626,4353.385701,1419.123897,8375,0.447837014,206.8149261,200.3820953,148.6437073
39162,B-20-3-16_masks.tif,121,5871,545.254834,200.4262685,41.32610728,4.849870499,0.978511748,-63.26833124,5131.8651,1400.928803,3440,0.585930847,199.8784943,196.9107513,154.7970886
39163,B-20-3-16_masks.tif,122,10907,808.509668,295.7951579,47.51891871,6.224787221,0.987011753,-46.75004285,572.2427799,1466.968919,9648,0.884569542,206.2593231,199.6887512,155.2407684
39164,B-20-3-16_masks.tif,123,20718,1212.936075,435.4655016,64.03991298,6.799907765,0.989127452,-51.08679207,180.3832899,1529.529636,8403,0.405589343,200.1812439,191.2507477,135.3861694
39165,B-20-3-16_masks.tif,124,11968,835.7401154,300.930466,53.77833481,5.595756489,0.983902364,19.69309871,3011.879261,1549.486882,6226,0.520220588,200.7190857,194.5181427,152.7349854
39166,B-20-3-16_masks.tif,125,7479,517.4558441,214.1205367,46.04751576,4.649991062,0.97660212,-81.21919978,5220.290948,1430.885412,5743,0.767883407,202.1434784,197.0771332,156.7983704
39167,B-20-3-16_masks.tif,126,16162,881.254834,350.9747591,68.52716615,5.12168792,0.980753877,-87.60202319,801.9412201,1449.491338,10118,0.626036382,200.8497772,194.8242798,148.9794464
39168,B-20-3-16_masks.tif,127,20133,1210.852814,456.2595682,62.8470516,7.259840463,0.990467854,19.01633843,3092.233299,1640.990712,9784,0.485968311,203.0638733,197.7613525,147.9100647
39169,B-20-3-16_masks.tif,128,4500,345.2132034,126.8632151,45.85458496,2.76664188,0.932391873,-76.9564753,5291.166444,1463.503556,4101,0.911333333,203.1643524,196.9975586,153.3820953
39170,B-20-3-16_masks.tif,129,21189,1474.066017,538.9770425,90.83389511,5.933655513,0.985696495,-72.30781027,4255.625749,1512.888999,7347,0.346736514,212.0680542,203.9499054,154.794342
39171,B-20-3-16_masks.tif,130,6845,465.2132034,194.2668584,46.0379214,4.219713932,0.971513824,-79.68679831,5150.711907,1496.511176,5949,0.869101534,204.191803,198.9981537,146.5110168
39172,B-20-3-16_masks.tif,131,3683,306.1421356,110.4307566,44.21592285,2.497533683,0.916342645,-88.48743914,784.6432256,1492.959272,3466,0.941080641,205.1601257,196.332077,160.5683746
39173,B-20-3-16_masks.tif,132,16543,1111.965512,395.4034979,59.88752195,6.60243545,0.988463501,35.85169729,3910.169679,1656.842592,7257,0.438674968,188.964859,182.7008362,136.9151154
39174,B-20-3-16_masks.tif,133,11904,872.509668,316.9141599,51.57626638,6.144573506,0.986668126,-51.46582986,4514.419523,1570.560148,4572,0.384072581,201.9468536,194.4243164,147.1399841
39175,B-20-3-16_masks.tif,134,11628,818.509668,287.8251249,54.05509702,5.324662072,0.982206268,-41.12021891,4572.78913,1591.513502,5583,0.480134159,204.8387909,197.9072113,152.4707184
39176,B-20-3-16_masks.tif,135,21361,1236.367532,463.8036758,60.69094954,7.642056671,0.99140154,-72.50239322,4269.384626,1554.089556,11427,0.534946866,210.1798401,200.3524933,154.5377655
39177,B-20-3-16_masks.tif,136,4114,366.627417,134.5326852,42.154499,3.191419384,0.949640941,-77.0721985,5282.090909,1505.294118,3132,0.761302868,203.4572144,195.6190948,148.8927155
39178,B-20-3-16_masks.tif,137,4015,324.9705627,122.9793299,42.93271644,2.864466545,0.937083561,-77.04092587,680.9521793,1515.489415,3119,0.776836862,213.7480011,209.640274,176.7662659
39179,B-20-3-16_masks.tif,138,3818,315.5563492,111.4865635,45.67504503,2.440863789,0.912224347,-83.44125957,5186.508381,1531.507858,2505,0.656102672,204.890213,198.8898163,140.9892273
39180,B-20-3-16_masks.tif,139,8630,606.8700577,253.9787745,44.02447567,5.76903576,0.984862185,-81.27141096,761.905562,1539.430591,6719,0.778563152,204.9732056,200.8932953,163.2991486
39181,B-20-3-16_masks.tif,140,17505,931.1543289,354.680339,64.3886755,5.508427317,0.983383558,-71.78066788,242.9542416,1593.386747,6579,0.375835476,202.1167297,196.6519165,139.0825348
39182,B-20-3-16_masks.tif,141,15934,1093.053824,440.5364527,54.80245653,8.038626013,0.992232229,-74.43378221,4258.968495,1605.08962,6179,0.387787122,206.1438751,198.0846405,154.4123688
39183,B-20-3-16_masks.tif,142,9322,732.5269119,312.0749881,43.72522614,7.137184084,0.990135763,-84.13720807,797.5807767,1601.30015,6029,0.646749625,195.220932,189.1627197,148.4395447
39184,B-20-3-16_masks.tif,143,7762,532.3847763,222.9340461,45.35065067,4.915784951,0.979090259,-87.25816557,368.2058748,1618.556558,6377,0.821566607,199.0809174,195.0144196,158.4977264
39185,B-20-3-16_masks.tif,144,17750,1056.793939,382.7107206,63.42204394,6.034348577,0.986173187,-46.1068255,4211.248282,1743.651887,8901,0.501464789,205.2543488,194.8310242,131.4530945
39186,B-20-3-16_masks.tif,145,9303,681.4558441,302.3747035,42.30793522,7.14699741,0.990162967,84.57550948,813.3972912,1649.96872,6542,0.703214017,202.3011322,199.1146393,154.08255
39187,B-20-3-16_masks.tif,146,9441,574.0416306,235.6110561,53.69613383,4.387858851,0.973684172,-82.49858374,334.9759559,1667.700561,7198,0.762419235,202.0808563,197.9943085,162.8442688
39188,B-20-3-16_masks.tif,147,18233,1400.735065,545.020392,47.95928137,11.36423183,0.996120882,-50.40488515,4189.407229,1829.247902,474,0.025996819,229.0042267,218.105484,214.183548
39189,B-20-3-16_masks.tif,148,10300,685.0538239,242.729706,58.63225285,4.139866612,0.970387459,-37.95316823,5376.193786,1753.582718,30,0.002912621,237.1000061,226.5,211.1333313
39190,B-20-3-16_masks.tif,149,18630,1074.409163,391.4093437,68.95672583,5.676159055,0.984358778,-34.52264824,4048.539775,1845.251154,7795,0.418411165,208.1754913,200.5720367,143.869278
39191,B-20-3-16_masks.tif,150,16928,896.5269119,362.389915,64.08030513,5.655246402,0.984241956,84.29324924,210.8123228,1711.268904,7169,0.423499527,195.0454712,190.0142212,134.7306519
39192,B-20-3-16_masks.tif,151,17332,1080.208153,383.5081774,60.9976135,6.287265278,0.987270261,-48.28126428,4247.17159,1852.755308,7605,0.438783753,207.7780457,198.7968445,144.8621979
39193,B-20-3-16_masks.tif,152,19522,1280.107648,451.8792703,64.38942792,7.017910935,0.989795875,35.01904597,1187.501537,1902.17826,8677,0.444472902,202.4362183,190.738266,161.6299438
39194,B-20-3-16_masks.tif,153,18314,1043.539105,372.7059833,87.61052002,4.254123628,0.971979401,20.60878041,142.7199956,1869.245441,10918,0.596155946,195.769928,187.7440948,153.3216705
39195,B-20-3-16_masks.tif,154,15092,914.1665222,320.0524541,64.77949411,4.940644544,0.979302369,-39.23904497,309.1820832,1836.746952,6932,0.459316194,205.9513855,203.1494446,165.1808929
39196,B-20-3-16_masks.tif,155,13882,830.509668,315.1284563,57.18951163,5.510249123,0.983394636,-39.76181559,380.0931422,1831.232387,8386,0.604091629,208.2464752,198.0030975,159.6035004
39197,B-20-3-16_masks.tif,156,17660,1244.066017,456.1835473,86.71689805,5.260607304,0.981766258,33.54660131,1231.857758,1889.542809,7268,0.411551529,199.5949402,192.3793335,167.6893158
39198,B-20-3-16_masks.tif,157,9156,714.9533188,250.2402951,48.2904286,5.181985381,0.981203432,42.020976,871.5517693,1838.444954,4761,0.519986894,187.2520447,178.2373505,143.9915924
39199,B-20-3-16_masks.tif,158,9933,840.509668,315.1290747,46.11801758,6.833101058,0.9892334,-40.14292169,400.722541,1871.473774,7939,0.799255009,201.443512,194.3285065,153.1467438
39200,B-20-3-16_masks.tif,159,6982,508.0832611,179.2319955,53.94167556,3.322699817,0.953636739,-46.68989868,5380.219994,1819.955027,3085,0.441850473,208.072937,206.8687134,151.7653198
39201,B-20-3-16_masks.tif,160,13161,678.8700577,278.4413964,61.28222088,4.543591802,0.975479526,86.62871001,2499.977281,1783.930704,6214,0.472152572,194.6309967,187.8447113,136.9256592
39202,B-20-3-16_masks.tif,161,17298,1238.693434,459.1944595,64.732466,7.093727272,0.990013923,-44.6263819,411.1919297,1928.847844,7465,0.431552781,200.4416656,192.7385101,148.135025
39203,B-20-3-16_masks.tif,162,9870,749.5391052,264.4030588,48.95003957,5.401488152,0.982713255,-35.5298054,2717.438906,1897.426342,6157,0.623809524,201.6332703,194.0646362,138.1682587
39204,B-20-3-16_masks.tif,163,14527,861.0538239,317.7263685,59.73788117,5.318674889,0.982165821,-22.40882923,2606.399325,1935.453294,7122,0.490259517,203.8426056,197.5947723,141.8504639
39205,B-20-3-16_masks.tif,164,11946,942.9949494,336.6338237,52.08794806,6.462796793,0.987956517,38.17418618,2920.74368,1925.390507,6651,0.556755399,197.2447815,190.5666809,148.0297699
39206,B-20-3-16_masks.tif,165,7209,476.6690476,169.3162676,54.98278075,3.079441695,0.945805322,37.62720622,838.6515467,1873.936191,4902,0.679983354,197.4526672,189.9787903,150.462265
39207,B-20-3-16_masks.tif,166,14775,862.509668,307.5799798,64.76927253,4.748856483,0.977577272,40.19318929,712.8751269,1947.701387,8736,0.591269036,197.1800537,189.2392426,149.2675171
39208,B-20-3-16_masks.tif,167,14680,946.7523087,354.3653738,58.50050873,6.05747508,0.986279295,36.04178434,3842.64455,1962.36124,5177,0.352656676,199.6314392,193.3500061,147.4815521
39209,B-20-3-16_masks.tif,168,12058,757.1959595,272.4360839,59.12851106,4.607524848,0.976163541,41.60651448,1121.687842,1953.741416,8594,0.712721844,194.026886,185.2417908,134.8119659
39210,B-20-3-16_masks.tif,169,12686,884.509668,308.0355039,55.79075029,5.521264766,0.983461386,33.31568451,3821.296153,2012.061485,6093,0.480293237,205.1629791,197.9199066,158.9676666
39211,B-20-3-16_masks.tif,170,10538,753.9827561,277.4801682,50.4299864,5.502285208,0.983346125,-20.96787084,2797.895995,2017.370089,6437,0.610836971,204.8039398,197.6524811,150.7084045
39212,B-20-3-16_masks.tif,171,11660,791.4974747,300.8990535,51.23844755,5.872524791,0.985394939,-17.41394103,2742.597256,2030.745883,8748,0.75025729,210.8254395,204.4039764,171.2948151
39213,B-20-3-16_masks.tif,172,11322,818.8111832,316.0134096,47.44726002,6.660308929,0.988664262,22.97061275,3765.209415,2034.626214,5400,0.476947536,203.420929,197.9151917,157.9133301
39214,B-20-3-16_masks.tif,173,11321,812.9116882,327.5740985,44.8971548,7.296099273,0.990562811,18.30891952,3730.125784,2060.927745,5472,0.483349527,204.2934875,195.0433044,162.8435669
39215,B-20-3-16_masks.tif,174,9272,637.1543289,234.6134627,51.4900775,4.556479114,0.975619766,62.98004415,870.622843,1999.097174,6609,0.712791199,190.682251,184.6176453,146.1075745
39216,B-20-3-16_masks.tif,175,16259,973.9411255,440.0380081,49.54224026,8.88207731,0.993641953,3.695774801,5175.956147,2142.94237,7156,0.440125469,200.1048126,192.9924469,148.9120941
39217,B-20-3-16_masks.tif,176,16576,940.5269119,394.0500757,56.82469776,6.934486082,0.989547574,5.810969838,5221.191663,2149.424167,7418,0.447514479,202.2018127,198.0655212,146.7884827
39218,B-20-3-16_masks.tif,177,10183,543.5979797,146.9649958,106.6836776,1.377577143,0.68778742,-35.91376824,5391.842679,2040.01915,0,0,,,
39219,B-20-3-16_masks.tif,178,15292,964.3086579,363.2017301,54.48518336,6.666064198,0.98868394,-48.8702629,530.2407795,2086.743853,6809,0.445265498,201.5132904,197.0967865,144.3865509
39220,B-20-3-16_masks.tif,179,6169,461.3553391,125.2022133,67.76377608,1.847627457,0.840871604,50.92583305,1069.333766,2028.487437,3020,0.489544497,204.3430481,195.4781494,144.2688751
39221,B-20-3-16_masks.tif,180,4758,336.627417,114.1810503,55.20537046,2.068296062,0.875350008,61.01323052,43.06242119,2024.30475,3595,0.755569567,190.4083405,182.7671814,140.4247589
39222,B-20-3-16_masks.tif,181,13821,782.3847763,349.2635741,51.47303037,6.78537035,0.989080556,-0.018825459,5075.659214,2192.908328,7322,0.529773533,196.9482422,188.9228363,145.1066589
39223,B-20-3-16_masks.tif,182,13770,811.1126984,359.9539938,49.69396653,7.243414421,0.990424363,9.922071189,5131.410603,2184.146187,5748,0.417429194,207.2559204,201.4389343,156.6783295
39224,B-20-3-16_masks.tif,183,3404,273.5563492,82.94627145,55.19634741,1.502749282,0.746445103,79.63723992,33.98119859,2073.092244,1298,0.381316099,203.2180328,195.4584045,159.8975372
39225,B-20-3-16_masks.tif,184,17545,1005.154329,404.6124056,60.80064692,6.654738496,0.988645168,-78.66729778,4228.587974,2089.021317,5556,0.316671416,202.4589691,194.1234741,144.4258423
39226,B-20-3-16_masks.tif,185,13444,905.3380951,315.1392166,56.73927162,5.554163942,0.983658356,-33.73355265,3969.160741,2185.554671,6280,0.46712288,204.6668854,197.7355042,142.6192627
39227,B-20-3-16_masks.tif,186,15663,1133.965512,421.2866401,57.72558225,7.29809252,0.99056799,-56.13961673,650.6437464,2170.679563,5679,0.362574219,202.1945801,196.2172852,155.1648102
39228,B-20-3-16_masks.tif,187,13459,879.8406204,351.6314883,52.23563428,6.73164006,0.988904566,-78.58006851,4204.880526,2138.185675,7841,0.582584144,205.9897919,197.7865143,158.3513641
39229,B-20-3-16_masks.tif,188,12779,1006.894444,366.3325187,46.06860058,7.951891614,0.992061171,-54.50546836,662.3700603,2208.913217,5573,0.436106112,205.2142487,201.3491821,160.514801
39230,B-20-3-16_masks.tif,189,6771,537.9411255,213.4031062,43.9522176,4.855343323,0.978560693,-72.37176191,80.79338355,2141.292128,1436,0.212080933,194.8460999,190.9818878,152.3983307
39231,B-20-3-16_masks.tif,190,14775,932.6690476,380.1584773,55.60922566,6.836248353,0.989243365,-79.46491347,2925.675059,2155.552014,5729,0.387749577,206.6369324,199.6255951,159.9479828
39232,B-20-3-16_masks.tif,191,7613,572.0832611,195.3471631,51.80666017,3.770695939,0.96419259,-26.7275217,3877.057139,2242.825036,5230,0.686982793,205.0694122,196.1336517,149.1447449
39233,B-20-3-16_masks.tif,192,13035,976.6690476,406.9118773,46.79798198,8.695073166,0.993364605,-79.15059131,2907.17499,2200.54323,7555,0.579593402,205.8808746,201.0735931,170.9801483
39234,B-20-3-16_masks.tif,193,8047,543.8406204,189.0202837,55.33516661,3.415916049,0.956189862,-26.93736211,3823.365354,2241.641854,5596,0.69541444,203.2344513,197.2276611,148.3284454
39235,B-20-3-16_masks.tif,194,19586,1029.095454,380.3580032,67.97804366,5.5953067,0.983899755,27.52424825,1020.191719,2344.603186,7583,0.387164301,193.8852692,182.6953735,141.5830078
39236,B-20-3-16_masks.tif,195,19662,1228.325902,528.5904753,55.37990691,9.544806137,0.994496582,-79.92305404,1903.718289,2250.564541,6980,0.354999491,202.9401093,196.6114655,161.053299
39237,B-20-3-16_masks.tif,196,17648,1037.681241,392.9301866,62.59760544,6.277080151,0.98722865,-63.80167377,2164.511843,2317.393869,8241,0.466965095,202.1184387,194.5032196,148.5041809
39238,B-20-3-16_masks.tif,197,14466,958.1248917,368.2355809,53.45049672,6.889282673,0.989409222,-21.13186118,3679.007189,2387.324692,7878,0.544587308,204.4125366,196.2770996,153.2090607
39239,B-20-3-16_masks.tif,198,21485,1194.409163,438.9290408,67.09922613,6.541491849,0.988246256,-63.94857146,2036.454969,2315.875634,8678,0.403909704,203.7164154,195.3928375,144.9553986
39240,B-20-3-16_masks.tif,199,16356,1070.308658,392.8795375,54.96942623,7.147237373,0.990163631,53.24373336,3018.033871,2349.488689,6321,0.386463683,194.4784088,188.2524872,143.7638092
39241,B-20-3-16_masks.tif,200,11075,711.9411255,282.7525914,52.04144128,5.433219843,0.982916335,-79.4567458,1915.064018,2288.132822,6077,0.548713318,200.9142609,195.5280609,157.4655304
39242,B-20-3-16_masks.tif,201,12661,754.2253967,281.3385764,61.3069933,4.58901279,0.975968468,-24.06285867,3719.752468,2410.079378,6603,0.521522787,207.7860107,201.5108337,141.5115814
39243,B-20-3-16_masks.tif,202,26024,1321.722871,507.125893,72.85247271,6.960997674,0.989627457,24.77184412,1040.496926,2535.000653,8640,0.33200123,194.2334442,185.8769684,149.7124939
39244,B-20-3-16_masks.tif,203,14278,809.9411255,328.6908885,57.81528567,5.685190079,0.984408824,-85.14409831,4090.11157,2331.87078,6544,0.458327497,196.8105164,190.0680084,135.9864044
39245,B-20-3-16_masks.tif,204,18294,839.9411255,342.0871242,69.17366952,4.945337244,0.979342045,-83.98720189,1688.13611,2350.976167,8469,0.462938668,203.2550507,195.4025269,146.5367737
39246,B-20-3-16_masks.tif,205,10619,699.9411255,281.7136788,53.55021411,5.260738608,0.981767177,-80.72809434,1776.882192,2388.95348,7541,0.710142198,203.8439178,197.6379852,159.4841461
39247,B-20-3-16_masks.tif,206,4837,417.6984848,158.1734846,39.97242945,3.957064576,0.967541395,67.961516,3967.432706,2415.127352,3352,0.692991524,194.6906281,189.7568665,154.4459991
39248,B-20-3-16_masks.tif,207,12572,768.3259018,315.4470241,53.95993631,5.845948785,0.985260851,72.83092274,4140.561645,2434.998011,4687,0.372812599,195.9159393,191.984848,143.6586304
39249,B-20-3-16_masks.tif,208,19978,949.8406204,387.2859552,67.26835328,5.757327723,0.984800079,81.51342884,2104.088097,2430.402192,7911,0.395985584,194.8149414,185.2535706,142.8050842
39250,B-20-3-16_masks.tif,209,15653,889.9827561,336.4332192,62.07850723,5.419479852,0.982828843,74.8797364,3962.409315,2459.747333,6216,0.397112375,205.7289276,198.8186951,167.2910156
39251,B-20-3-16_masks.tif,210,18371,1054.124892,412.3834498,57.66108572,7.151850242,0.990176379,-71.83554138,730.1821893,2479.735289,8844,0.481410919,197.0264587,193.0984802,141.6979828
39252,B-20-3-16_masks.tif,211,15277,991.882251,398.3826399,57.25360824,6.958210184,0.989619101,17.4863028,992.4718204,2593.521568,7689,0.503305623,207.068924,200.4191742,165.3970642
39253,B-20-3-16_masks.tif,212,29943,1415.053824,588.1913621,88.0061265,6.683527448,0.988743334,87.35684333,1760.050028,2464.299836,9004,0.300704672,209.5064392,199.8275146,154.0670776
39254,B-20-3-16_masks.tif,213,14298,943.1959595,352.4261224,54.43932674,6.473741384,0.987997451,26.17033739,255.7917891,2607.875647,4390,0.307035949,198.2738037,189.0503387,164.3262024
39255,B-20-3-16_masks.tif,214,15507,985.1959595,374.0106738,64.90599866,5.762343721,0.984826734,24.53404459,304.2446637,2608.242084,3623,0.233636422,190.2732544,181.317688,152.5556183
39256,B-20-3-16_masks.tif,215,11691,789.1126984,345.9604707,45.04766301,7.679876106,0.991486381,7.198564575,4290.925071,2642.789582,5627,0.48131041,194.6852722,189.3401489,148.1915741
39257,B-20-3-16_masks.tif,216,24528,1212.183766,533.353822,59.51147304,8.962201653,0.993755485,87.16186076,1756.272546,2514.850049,10135,0.413201239,202.0382843,195.7130737,161.5164337
39258,B-20-3-16_masks.tif,217,23978,1275.421356,447.6904543,70.84865766,6.318968758,0.987398489,41.00319025,1207.980983,2662.63846,7809,0.325673534,191.032135,179.3817444,134.9360962
39259,B-20-3-16_masks.tif,218,10665,839.2964646,315.2680627,44.46387499,7.090431564,0.990004591,-25.073374,4438.092264,2628.369151,6262,0.587154243,201.519165,196.1071472,159.2732391
39260,B-20-3-16_masks.tif,219,18665,1024.710678,401.6249615,62.0805216,6.469419895,0.987981313,21.35342721,944.0122154,2704.999571,6423,0.344120011,199.593338,190.4518127,134.427063
39261,B-20-3-16_masks.tif,220,14654,891.4974747,359.3094131,60.81358387,5.908374252,0.985572929,13.26261738,1634.90187,2703.975706,3105,0.211887539,199.0792236,188.1871185,153.0553894
39262,B-20-3-16_masks.tif,221,14293,841.0121933,342.7518345,54.69353281,6.266770801,0.987186323,11.84662198,1677.141118,2689.785839,7041,0.492618764,197.9108124,189.6040344,139.4330292
39263,B-20-3-16_masks.tif,222,14161,890.9949494,324.5996139,60.39012363,5.3750447,0.982541231,45.01815396,723.0914483,2656.851635,7684,0.542617047,196.2523499,187.7390747,147.2138214
39264,B-20-3-16_masks.tif,223,12814,850.509668,307.3121461,57.68834737,5.327109548,0.982222762,43.24665838,865.6663025,2706.892149,5688,0.443889496,207.3806305,203.2442017,166.3939819
39265,B-20-3-16_masks.tif,224,7444,399.1126984,122.4584438,77.96612827,1.570662114,0.771132932,-26.04553208,673.0248522,2724.360693,1812,0.243417517,187.9116974,174.7632446,128.3090515
39266,B-20-3-16_masks.tif,225,10676,842.0243866,317.1977816,47.85017162,6.628978973,0.988556237,31.86532391,2502.380761,2822.272106,7136,0.668415137,194.9415588,187.7044525,151.0660095
39267,B-20-3-16_masks.tif,226,4620,363.1126984,116.0019156,52.36585568,2.215220474,0.892310414,-58.08494236,723.7569264,2765.037229,2377,0.514502165,196.1447144,186.6617584,145.5995026
39268,B-20-3-16_masks.tif,227,12653,877.3969696,315.5339137,56.91019192,5.544418373,0.983600378,70.91443705,1215.896704,2788.218367,5405,0.427171422,197.9935303,190.6962128,162.5346832
39269,B-20-3-16_masks.tif,228,15550,973.3969696,383.6776467,56.73494035,6.762634178,0.989006601,18.63055401,2455.541801,2951.401736,10854,0.698006431,198.4629669,190.1958771,161.040451
39270,B-20-3-16_masks.tif,229,16419,959.0538239,389.0430544,59.28830306,6.56188547,0.988319632,71.11503553,1233.995919,2841.051769,5986,0.364577623,197.7452393,188.8712006,162.6869354
39271,B-20-3-16_masks.tif,230,4797,344.8700577,115.9430951,53.21321743,2.178840159,0.888457045,-55.46883481,745.2534918,2810.14926,2910,0.606629143,195.9838562,188.7164917,146.5336761
39272,B-20-3-16_masks.tif,231,10394,809.1543289,323.0773906,48.92355247,6.603718952,0.988468011,17.68011748,2519.670772,2966.952184,9046,0.870309794,206.4524689,198.0279694,169.1835022
39273,B-20-3-16_masks.tif,232,15602,907.4974747,364.9525101,59.03575377,6.181889564,0.986829663,12.8953569,3462.975067,2987.600436,5955,0.381681836,200.0990753,192.9709473,148.3005829
39274,B-20-3-16_masks.tif,233,18886,1171.63961,438.5274714,77.96511012,5.624663015,0.984068735,8.548106728,3384.904585,3052.084825,5325,0.281954887,203.3057251,195.8640442,145.8698578
39275,B-20-3-16_masks.tif,234,8562,608.3259018,222.9298968,50.79985338,4.388396462,0.973690706,26.52426071,2962.427587,2947.423149,3087,0.360546601,197.2623901,189.6245575,149.9018402
39276,B-20-3-16_masks.tif,235,19664,1195.521861,372.6134314,74.74457555,4.985156831,0.979674154,-51.68019886,989.612083,2996.554262,7546,0.383746949,198.0650635,190.0434723,147.979187
39277,B-20-3-16_masks.tif,236,13141,882.4264069,338.7903885,51.67717503,6.555899936,0.988298168,10.75764401,3429.3362,3045.034777,5328,0.405448596,203.1961365,193.7775879,150.7597656
39278,B-20-3-16_masks.tif,237,3704,303.7989899,106.7890802,45.21655762,2.361725126,0.905933826,23.06303166,2902.991901,2925.553996,3262,0.880669546,197.3580627,186.8408966,150.197113
39279,B-20-3-16_masks.tif,238,7754,623.5563492,268.7783215,39.04805964,6.88326959,0.989390611,0.545483504,15.79391282,3016.789786,3904,0.503482074,189.1493378,177.0927277,153.0786438
39280,B-20-3-16_masks.tif,239,13040,842.2253967,305.7722609,56.6399689,5.39852452,0.982694102,20.37840122,3068.365567,3068.011196,6845,0.524923313,197.5333862,189.2767029,137.6321411
39281,B-20-3-16_masks.tif,240,17041,1170.509668,441.0554576,63.45021787,6.951204779,0.989598057,21.88560462,4378.24042,3181.07077,5985,0.351211783,200.8155365,192.6695099,167.4793701
39282,B-20-3-16_masks.tif,241,4335,435.1126984,133.7218961,46.68694379,2.864224668,0.937072577,29.31354407,2944.312803,3017.918108,2723,0.628143022,198.157547,190.8417206,151.0506744
39283,B-20-3-16_masks.tif,242,14609,900.7106781,337.3014524,59.84517214,5.636234976,0.984134612,-22.10039325,636.1015812,3140.484222,8784,0.601273188,194.8580322,186.3673706,138.6493683
39284,B-20-3-16_masks.tif,243,19030,1002.710678,403.5470387,67.28922556,5.997201415,0.986000148,21.84997898,3366.266527,3180.174304,6719,0.353074094,203.2906647,195.7198944,149.1376648
39285,B-20-3-16_masks.tif,244,8395,735.4974747,270.6259522,43.05806508,6.285139652,0.987261594,-22.06938579,700.0530077,3134.757117,2602,0.309946397,189.8593445,181.7513428,144.1079865
39286,B-20-3-16_masks.tif,245,12879,1175.338095,438.6353101,40.58324249,10.80828646,0.995710677,23.81452318,4434.293113,3215.887181,4868,0.377979657,195.6776886,189.3182068,148.482132
39287,B-20-3-16_masks.tif,246,14264,799.1126984,328.6886238,57.36286419,5.72998975,0.984653562,-2.524754154,4066.81576,3242.379767,5288,0.3707235,198.8663025,194.0699768,154.9145203
39288,B-20-3-16_masks.tif,247,6065,422.627417,166.7981049,47.7143351,3.495765046,0.958211584,77.2158622,2872.070899,3090.944435,5641,0.930090684,197.5325317,190.9376068,154.1324158
39289,B-20-3-16_masks.tif,248,22061,1160.911688,478.4685665,67.00099841,7.141215472,0.990146952,-9.059666794,3523.903223,3307.064639,10863,0.492407416,199.4658051,192.6699829,139.5976257
39290,B-20-3-16_masks.tif,249,4948,398.0416306,156.1926881,41.26379117,3.78522389,0.964471979,75.44077687,2867.164915,3129.631164,3988,0.805982215,200.7830963,190.059433,162.0995483
39291,B-20-3-16_masks.tif,250,21101,943.6984848,405.0273561,67.58174463,5.993147385,0.985981066,-0.573835686,4164.869248,3318.287001,8091,0.383441543,196.1138306,188.4517365,129.279068
39292,B-20-3-16_masks.tif,251,12531,776.8528137,284.3534729,60.3084094,4.714988767,0.977250228,42.97844094,133.5204692,3250.49581,7809,0.623174527,202.3990326,196.6055908,175.4885406
39293,B-20-3-16_masks.tif,252,9436,579.9827561,213.0350581,57.46000326,3.707536478,0.962938548,42.14756455,170.3738872,3217.802671,6222,0.659389572,193.6708527,187.0032196,163.3592072
39294,B-20-3-16_masks.tif,253,4585,403.5979797,145.8955348,40.79558111,3.576258282,0.960110209,-53.24187498,2592.717557,3183.776009,3870,0.844056707,198.1403046,190.2038727,147.8354034
39295,B-20-3-16_masks.tif,254,4689,435.2132034,181.6916009,34.31765405,5.294406216,0.982000446,-78.04631888,2258.708893,3171.092131,3999,0.852847089,189.6121521,182.1317902,149.5833893
39296,B-20-3-16_masks.tif,255,6484,486.627417,207.8532181,41.93885029,4.95610196,0.979432628,-81.51430473,2417.807218,3171.301511,5788,0.892658853,194.425705,187.151001,148.8510742
39297,B-20-3-16_masks.tif,256,6419,472.5269119,177.7169888,47.03598974,3.77831932,0.964339608,-73.44187554,2439.77738,3217.158124,6032,0.939710235,200.2675781,192.6876678,152.6170349
39298,B-20-3-16_masks.tif,257,15525,767.6984848,323.1553135,63.30203835,5.104974846,0.980626405,-2.459146007,1143.003736,3367.348341,8171,0.526312399,195.9183655,186.2659454,144.9133453
39299,B-20-3-16_masks.tif,258,9906,624.8111832,222.6970691,58.7690074,3.789362436,0.964550966,47.20588651,82.55673329,3277.969312,5341,0.539168181,200.556076,191.2995758,165.5987701
39300,B-20-3-16_masks.tif,259,18705,1124.267027,441.4637177,61.86839818,7.135528488,0.990131162,23.16814496,3202.665009,3423.261802,9141,0.488692863,200.9217834,189.8537292,151.9148865
39301,B-20-3-16_masks.tif,260,12879,793.254834,295.677384,60.34379503,4.899880491,0.978952836,14.32648571,3328.323705,3375.147838,7118,0.552682662,203.6351471,197.7406616,156.1219482
39302,B-20-3-16_masks.tif,261,9805,685.254834,268.4992674,47.78813617,5.618533991,0.984033676,17.90887939,3275.867925,3365.174197,8243,0.840693524,200.5580444,192.6873779,159.2359619
39303,B-20-3-16_masks.tif,262,2979,304.3847763,118.2455449,32.95458535,3.588136329,0.960379311,73.04152758,2918.338033,3295.748238,2823,0.947633434,190.8937225,183.1657867,157.493454
39304,B-20-3-16_masks.tif,263,21873,911.8406204,355.8097927,80.48162249,4.421006705,0.974082546,6.470310877,4017.466374,3457.06332,9363,0.428061994,200.4100189,194.9980774,153.4036102
39305,B-20-3-16_masks.tif,264,4068,335.4558441,117.8996688,44.80963023,2.631123447,0.924959458,63.7620128,2784.113078,3323.629548,2723,0.669370698,195.5372772,184.7646027,152.9948578
39306,B-20-3-16_masks.tif,265,25090,1112.526912,489.6635584,66.75265486,7.33549189,0.990664373,87.66259149,1422.750538,3339.339259,7820,0.311677959,198.743988,190.4116364,152.8359375
39307,B-20-3-16_masks.tif,266,11154,801.7401154,292.575047,51.3545673,5.697157281,0.984474772,-16.60217142,2181.665232,3434.213376,7493,0.671776941,203.6359253,196.1046295,169.866272
39308,B-20-3-16_masks.tif,267,10223,753.882251,284.844365,46.63875949,6.107460149,0.986504494,27.93273319,2456.85562,3430.9955,8837,0.864423359,204.3742218,197.3834991,167.1171265
39309,B-20-3-16_masks.tif,268,4152,376.5269119,135.4243722,40.65931791,3.330709395,0.953864844,60.20697091,2886.294075,3342.155829,3248,0.782273603,193.8728485,186.8057251,153.3063354
39310,B-20-3-16_masks.tif,269,7000,571.9411255,230.560926,39.73395036,5.802617759,0.985038222,-16.81234077,2230.195286,3416.200286,5806,0.829428571,206.5497742,196.7519836,174.9614258
39311,B-20-3-16_masks.tif,270,7203,471.9411255,175.3165682,53.9452761,3.249896578,0.951482747,62.27116862,2794.079828,3380.962516,921,0.12786339,209.9348602,211.9837189,167.9467926
39312,B-20-3-16_masks.tif,271,5262,408.8700577,156.6150844,43.54098554,3.596957727,0.960577393,17.12234045,2519.077157,3421.59103,4795,0.911250475,197.3699646,189.9551544,156.5595398
39313,B-20-3-16_masks.tif,272,12303,741.0121933,301.5247923,53.01889797,5.687119195,0.984419483,13.68204362,2597.270097,3492.152646,8960,0.728277656,193.4781189,183.4971008,148.4440918
39314,B-20-3-16_masks.tif,273,7033,586.0832611,221.2410685,43.91327406,5.038136491,0.980103705,59.52612451,2759.925921,3410.242855,5719,0.813166501,203.7543335,196.7134094,167.7228546
39315,B-20-3-16_masks.tif,274,11910,675.254834,263.8447781,59.32652846,4.447332162,0.974392489,16.80744888,2366.825777,3468.751301,7890,0.662468514,195.2139435,185.249054,146.6330872
39316,B-20-3-16_masks.tif,275,8446,628.9116882,246.1184284,44.9543837,5.474848238,0.983177355,26.74473144,2426.471584,3460.834833,6108,0.723182572,202.9762573,194.8641052,165.1119843
39317,B-20-3-16_masks.tif,276,4710,428.1837662,162.3052309,38.5127779,4.214321578,0.971439807,-31.88686401,2983.414437,3421.530573,4474,0.949893843,193.0583344,185.4704895,150.5098419
39318,B-20-3-16_masks.tif,277,21126,1003.941125,430.5969085,65.63076434,6.560900407,0.988316104,87.24226894,1434.524756,3405.847392,6331,0.299678122,202.5569458,193.5457306,143.0360107
39319,B-20-3-16_masks.tif,278,9070,604.9116882,223.7201404,54.33936559,4.117091504,0.970053859,62.60036436,2719.899338,3444.424476,4625,0.509922822,204.7191315,197.1556702,172.4082184
39320,B-20-3-16_masks.tif,279,8531,540.8700577,218.1414961,51.31257425,4.251228852,0.971940677,5.332527016,3071.889345,3512.076075,7310,0.856874927,205.6972656,198.5590973,164.2834473
39321,B-20-3-16_masks.tif,280,5542,373.3137085,157.4562013,45.66785649,3.447856181,0.957015948,1.531062435,3112.251895,3481.796644,5300,0.956333454,203.4998169,196.0220795,168.82547
39322,B-20-3-16_masks.tif,281,8723,551.6984848,213.4491413,53.43081246,3.994869842,0.968162886,4.805059657,3163.038748,3517.660782,5541,0.635217242,199.1328278,190.7395782,148.23172
39323,B-20-3-16_masks.tif,282,17986,929.1126984,406.1494406,62.99148718,6.447687756,0.987899661,87.80373852,1421.429668,3455.745969,8358,0.464694763,202.3899231,194.4373016,160.9217529
39324,B-20-3-16_masks.tif,283,11746,599.5979797,218.1947877,69.85288469,3.123633171,0.947370236,-11.60110564,2247.085391,3540.106164,6836,0.581985357,199.4394379,192.4073944,128.5375977
39325,B-20-3-16_masks.tif,284,13050,858.9533188,316.6525341,54.50911974,5.809166166,0.98507219,-63.48244983,826.7018391,3543.130881,6040,0.462835249,196.1658936,188.5448608,153.3084412
39326,B-20-3-16_masks.tif,285,6533,456.3847763,186.7093727,48.22427638,3.871688426,0.966068699,-0.235694719,2992.479565,3565.107761,5149,0.788152457,205.8327789,200.2192688,168.4311523
39327,B-20-3-16_masks.tif,286,15143,904.1837662,379.1132371,58.52871518,6.477388679,0.988011046,-83.24739007,1329.320214,3517.353166,3333,0.220101697,205.9525909,197.9066925,165.2907257
39328,B-20-3-16_masks.tif,287,2621,231.8994949,79.97879223,42.96066462,1.861674928,0.843486289,13.28617016,3028.473102,3539.819153,275,0.104921786,226.4836426,230.4400024,159.9600067
39329,B-20-3-16_masks.tif,288,13701,886.5685425,336.9556767,59.38248806,5.674327361,0.984348598,-70.00760281,914.5058755,3571.379826,6680,0.487555653,201.5896759,191.8366699,143.7311401
39330,B-20-3-16_masks.tif,289,16858,1001.59798,437.0058045,50.71756836,8.616458136,0.993242559,-80.56262838,1355.858168,3557.487306,8318,0.493415589,203.601944,195.7416382,167.3813477
39331,B-20-3-16_masks.tif,290,7224,532.6690476,200.3033511,48.33721128,4.143874787,0.970445589,-58.20369797,971.7462625,3593.467331,5809,0.804125138,201.3773499,194.3947296,158.6947784
39332,B-20-3-16_masks.tif,291,4505,397.1126984,146.1779103,43.28588001,3.377034503,0.95515143,-32.18030392,2035.794229,3596.889012,0,0,,,
39333,B-20-3-16_masks.tif,292,4051,354.2842712,121.799157,45.7601003,2.661689031,0.926740817,-54.60878689,1014.822019,3610.99605,3141,0.775364108,203.2527924,195.5485535,158.2142639
39334,B-20-3-16_masks.tif,293,1428,178.4852814,62.17117458,30.50905271,2.037794328,0.871313576,1.613702991,3041.907563,3603.37395,1398,0.978991597,182.6459198,170.1781158,150.7138824
39335,B-20-3-16_masks.tif,294,10756,708.5269119,292.2591854,52.36463659,5.581231999,0.983817781,85.91593724,1392.614355,3618.91707,4465,0.415117144,195.3039246,184.8544159,155.0996704
39336,B-20-3-16_masks.tif,295,3382,336.3847763,122.3879618,38.62098543,3.168949742,0.948904973,86.18757298,1246.921348,3627.350976,2008,0.59373152,192.1593628,181.3959198,155.966629
39337,B-20-3-16_masks.tif,296,1224,187.3137085,67.65740693,25.95728163,2.60649046,0.923475397,57.20862124,2883.522876,3625.746732,1139,0.930555556,175.3099213,165.5460968,137.1431122
